filename	date	plate	index	line	diet	Exp	overfeeding	cholesterol	glucose	VAST	Imaged	age	sod3a_nwt	sod3b_nwt	sod3_nwt	sod3_dich	qRNA	protein	ldl	gluc	tc	tg	Anders_batch	pos_bio	Löpnr	Volume	CellVolume_Av	CellVolume_Stdev	CellInt_Av	CellInt_Stdev	NrCells	CellInt_Tot	isletNr	IV	ISA	IED	IPAL1	IPAL2	IPAL3	LiverLipN	LiverArea	LiverLipArea	LiverLipInt_Av	LiverLipIntBG	LiverLipInt_Tot	LiverLipInt_Av_Res	LiverLipInt_Tot_Res	vld_area	length	dorsal_area	lateral_area	file	batch	tank	batch_bio	tod	tank_n	batch_n	nr_tanks	intlength	intdorsal_area	intlateral_area	intangle	inteye_area	intcurvature	intpig_dorsal_tail	intldl	inttg	inttc	intgluc	intprotein	intLiverArea	intLiverLipN	intLiverLipArea	intLiverLipInt_Tot	intLiverLipInt_Tot_Res	intNrCells	intVolume	intCellVolume_Av	intCellVolume_Stdev	intCellInt_Tot	intCellInt_Av	intCellInt_Stdev	intIV	intISA	intIED	intIPAL1	intIPAL2	intIPAL3
InsH2Bfabp_CD15_10dpf_VAST02_plate01_SOD3_200924_A09	200924	1	NE082	insH2Bfabp	CD15	SOD3	1	0	0	2	1	10	.0533313	0	.0266656	0	1	18.489906	15.483468	16.854945	8.0990448	23.304538	1	24	73	402692	6495	4667	9019	2999	62	3.672e+09	1	4912622	182059	137	314	193	135	53	919419	4336	13875.317	11130.728	6.02e+07	494.0111	1.01e+07	1				10_SOD3	1	1	2	8.391666	1	1	4								.9457771	1.967025	1.57718	1.57718	1.23544	1.802743	-.2104284	-.2104284	1.016222	.6744897	.1701847	.1359107	-.1359107	-.9319713	-.1359107	-.6533766	-.6533766	-.2743915	0	-.3097425	1.397837	-.3097425	.4183713
InsH2Bfabp_CD15_10dpf_VAST02_plate01_SOD3_200924_E05	200924	1	NE066	insH2Bfabp	CD15	SOD3	1	0	0	2	1	10	1	.8627562	.9313781	1	3	14.157104	12.454834	7.1034952	7.2823344	18.160393	1	8	57	546015	6424	5920	9438	2912	85	4.884e+09	2	7019223	217708	177	313	202	130	45	670204	3390	12135.853	10879.847	4.11e+07	-937.2858	-8112732	33	3899.673	1021257	1426111	10_SOD3	1	1	2	7.1	1	1	4	-.7076435	-.3462343	.0261137	-1.318011	-1.00999	.8490862	.4405008	.0822773	.9457771	.9457771	-.6616482	.2749777	-.4637077	-.3661064	-.3343768	.5312607	.0298452	1.166919	.5716375	-.2046599	.2046599	.0677986	-.4935534	-.7397372	.8320063	.6533766	1.042247	1.166919	.1701847	.1359107
InsH2Bfabp_CD15_10dpf_VAST02_plate01_SOD3_200924_A05	200924	1	NE062	insH2Bfabp	CD15	SOD3	1	0	0	2	1	10	0	0	0	0	1	11.863267	14.46258	12.986077	7.2483048	14.341254	1	4	53	719474	7495	5722	8945	3197	96	6.714e+09	2	7376676	284324	180	311	210	161	122	865647	11008	10808.7	9067.7043	1.19e+08	-38.51311	7.53e+07	83	4257.02	1210869	1645002	10_SOD3	1	1	2	6.816667	1	1	4	.5791321	1.454408	1.454408	1.101146	.8490862	-.1838047	-.0533578	.7137046	-.6362858	.8833463	1.160362	-.3186394	1.241867	.920823	1.1219	1.802743	1.802743	1.494155	1.494155	.4935534	0	.8320063	-.8320063	-.4935534	.9319713	1.494155	1.312981	.9319713	.3816746	1.312981
InsH2Bfabp_CD15_10dpf_VAST02_plate01_SOD3_200924_E02	200924	1	NE047	insH2Bfabp	CD15	SOD3	1	0	0	2	1	10	1	1	1	1	3		13.441692	7.7218798	6.5677128	13.328014	1	38	38	295116	4760	3659	5338	1964	62	1.571e+09	1	3950720	125677	152	211	162	131	75	606150	5216	10036.867	8776.6738	5.24e+07	-452.8624	9539688		3593.611	916761.2	1162120	10_SOD3	1	1	1	5.1	1	1	4	-2.310991	-1.454408	-2.310991	-1.101146	-.2372021	1.454408	.6250856	.2917317	-.9457771	.5149938	-.2917317		-1.1219	.27188	.0597171	.8331469	.6013318	.1701847	-.6533766	-1.166919	-1.312981	-1.744448	-1.744448	-1.494155	-.7397372	-.8320063	.0677986	-2.211127	-1.166919	.2743915
InsH2Bfabp_CD15_10dpf_VAST02_plate01_SOD3_200924_C04	200924	1	NE057	insH2Bfabp	CD15	SOD3	1	0	0	2	1	10	0	0	0	0	1	3.5799696	10.889472	9.6721698	5.444736	17.303035	1	48	48															70	920300	5760	7859.353	7708.3319	4.53e+07	-1318.091	5728900					10_SOD3	1	1	1	6.455555	1	1	4								-.3786901	.6113263	.0822773	.3786901	-1.959964	2.260189	.0896424	.149762	.6013318	.5312607													
InsH2Bfabp_CD15_10dpf_VAST02_plate01_SOD3_200924_E03	200924	1	NE052	insH2Bfabp	CD15	SOD3	1	0	0	2	1	10	1	1	1	1	3	12.500444	8.7456072	4.5348206	4.6960848	15.744203	1	43	43	384779	8016	7265	9324	2877	48	3.412e+09	2	4722050	168125	135	255	201	122	33	636982	2800	10248.965	9155.8136	2.87e+07	-706.4769	-1.53e+07	10	3942.127	1027463	1422747	10_SOD3	1	1	1	5.5	1	1	4	-.518418	-.291285	-.0784124	-.6420614	-.5791321	-.8490862	.325661	-.6616482	-.0411038	-.2917317	-1.967025	-.1891184	-.8331469	-.5312607	-.5312607	.3982089	-.5312607	-.4183713	0	.8320063	1.494155	-.2743915	-.5716375	-.8320063	-.3454851	-.0677986	-.4935534	-.8808881	.0677986	-.2743915
InsH2Bfabp_CD15_10dpf_VAST02_plate01_SOD3_200924_C06	200924	1	NE071	insH2Bfabp	CD15	SOD3	1	0	0	2	1	10	1	1	1	1	3	11.863267	1.9737168	8.6573847	3.7092264	15.900086	1	13	62																								3779.978	965315.6	1262040	10_SOD3	1	1	2	7.483333	1	1	4	-1.101146	-.8490862	-1.00999	-.4595582	-1.454408	.9265376	.1068681	-2.400036	.0822773	-.9457771	.0411038	-.3186394																		
InsH2Bfabp_CD15_10dpf_VAST02_plate01_SOD3_200924_G06	200924	1	NE074	insH2Bfabp	CD15	SOD3	1	0	0	2	1	10	1	1	1	1	3	11.353526	8.5414296	5.914294	4.1856408	15.900086	1	16	65																								3621.776	926839.9	1186076	10_SOD3	1	1	2	7.7	1	1	4	-1.624981	-1.101146	-1.862732	-1.454408	-1.202508	-.5791321	1.614666	-.8241822	.0822773	-.7404675	-.9457771	-.5977601																		
InsH2Bfabp_CD15_10dpf_VAST02_plate01_SOD3_200924_A06	200924	1	NE069	insH2Bfabp	CD15	SOD3	1	0	0	2	1	10	0	0	0	0	1	15.813763	12.965278	8.3878325	6.3635352	15.198612	1	11	60															45	849692	3200	8512.1544	7996.2714	2.72e+07	-1018.977	-1.32e+07	376	4240.007	1120086	1564597	10_SOD3	1	1	2	7.333333	1	1	4	.4022501	.6420614	1.101146	-.1838047	.6420614	.3462343	.3824499	.1651163	-.3348942	.3567066	0	.6744897	1.1219	-.3661064	-.3982089	.3343768	-.4637077													
InsH2Bfabp_CD15_10dpf_VAST02_plate01_SOD3_200924_C09	200924	1	NE084	insH2Bfabp	CD15	SOD3	1	0	0	2	1	10	1	1	1	1	3	11.735832	13.713929	12.526253	4.1856408	16.367736	1	26	75																							24	4025.223	989286.2	1323754	10_SOD3	1	1	2	8.533334	1	1	4	-.1838047	-.6420614	-.7076435	-1.862732	-.3186394	-1.862732	.5614833	.3786901	.2917317	-.7404675	1.08327	-.4537622																		
InsH2Bfabp_CD15_10dpf_VAST02_plate01_SOD3_200924_G04	200924	1	NE060	insH2Bfabp	CD15	SOD3	1	0	0	2	1	10	.9526138	.5557699	.7541918	1	3	10.588914	10.413058	13.081213	3.1987824	13.717722	1	2	51																								3769.074	885478.2	1221292	10_SOD3	1	1	2	6.683333	1	1	4	-1.202508	-1.862732	-1.202508	.9265376	-1.318011	1.862732	-.4405008	-.5149938	-.8833463	-1.245046	1.245046	-.755415																		
InsH2Bfabp_CD15_10dpf_VAST02_plate01_SOD3_200924_G05	200924	1	NE068	insH2Bfabp	CD15	SOD3	1	0	0	2	1	10	0	0	0	0	1	19.127082	12.352745	5.5496056	3.1647528	15.822145	1	10	59	494612	6261	5308	5960	1983	79	3.082e+09	1	6111301	195465	174	269	184	142	20	836758	1456	9267.9368	8228.2936	1.35e+07	-548.1962	-2.76e+07	80	4361.315	1137372	1558869	10_SOD3	1	1	2	7.25	1	1	4	1.202508	.7764218	1.00999	.291285	.1838047	-.6420614	.9962083	.0411038	0	-1.339746	-1.160362	1.382994	1.016222	-.6744897	-.7514516	-.7514516	-.8331469	.8808881	.4935534	-.2743915	-.2046599	-.6533766	-1.312981	-1.312981	.4183713	.2046599	.9319713	-.2743915	-.7397372	.7397372
InsH2Bfabp_CD15_10dpf_VAST02_plate01_SOD3_200924_E06	200924	1	NE073	insH2Bfabp	CD15	SOD3	1	0	0	2	1	10	1	1	1	1	3	6.5109827	13.169455	8.942793	3.9814632	15.276554	1	15	64																											10_SOD3	1	1	2	7.625	1	1	4								.2279667	-.2703575	-.8241822	.2279667	-1.001331																		
InsH2Bfabp_CD15_10dpf_VAST02_plate01_SOD3_200924_A07	200924	1	NE076	insH2Bfabp	CD15	SOD3	1	0	0	2	1	10	1	1	1	1	3	15.176587	7.2142752	5.898438	5.9211504	16.835386	1	18	67	477588	6633	4911	11064	4071	72	5.267e+09	1	6496795	192659	178	284	202	130									43	4269.739	1053856	1456811	10_SOD3	1	1	2	7.916667	1	1	4	.6420614	-.0261137	.0784124	1.454408	-.0261137	-.4022501	.1606864	-1.160362	.4916726	.1651163	-1.012131	.4537622						.5716375	.4183713	-.0677986	-.6533766	.2046599	-.2046599	.1359107	.5716375	.0677986	1.166919	.1359107	.1701847	.1359107
InsH2Bfabp_CD15_10dpf_VAST02_plate01_SOD3_200924_G03	200924	1	NE053	insH2Bfabp	CD15	SOD3	1	0	0	2	1	10	.8855856	1	.9427928	1	3	4.7268877	13.64587	5.7240218	6.3635352	10.755941	1	44	44																								4289.319	1054992	1467144	10_SOD3	1	1	1	5.583333	1	1	4	.8490862	.0261137	.1838047	-.0784124	.4022501	-.3462343	.6913244	.3348942	-2.400036	.3567066	-1.08327	-1.56892																		
InsH2Bfabp_CD15_10dpf_VAST02_plate01_SOD3_200924_C05	200924	1	NE064	insH2Bfabp	CD15	SOD3	1	0	0	2	1	10	0	0	0	0	1	6.8932887	17.253007	5.2641973	7.1802456	16.601561	1	6	55	910876	7591	6370	5771	1751	120	5.319e+09	2	12412306	312429	236	295	271	194	18	828004	1472	9883.0625	8280.6349	1.45e+07	2.636654	-2.67e+07	18	4294.7	1176446	1650191	10_SOD3	1	1	2	6.966667	1	1	4	.9265376	1.101146	1.624981	.3462343	.518418	1.202508	1.853367	1.339746	.3786901	.7956603	-1.339746	-.9345893	.920823	-.7514516	-.6744897	-.5312607	-.7514516	2.211127	2.211127	.5716375	.7397372	.2743915	-1.494155	-1.744448	2.211127	1.744448	2.211127	.5716375	2.211127	2.211127
InsH2Bfabp_CD15_10dpf_VAST02_plate01_SOD3_200924_A04	200924	1	NE055	insH2Bfabp	CD15	SOD3	1	0	0	2	1	10	.8903618	1	.9451809	1	3	14.029668	10.923502	4.4555405	7.4184528	16.601561	1	46	46	356489	6990	6027	13102	4248	51	4.592e+09	1	5559765	194752	147	275	213	145	15	593094	944	8834.7956	8838.9263	8340047	-1731.401	-3.47e+07	65	3982.756	1013990	1408017	10_SOD3	1	1	1	6.316667	1	1	4	-.3462343	-.4022501	-.291285	-1.00999	-.1838047	-1.318011	-.1068681	-.3348942	.3786901	1.012131	-2.400036	.1891184	-1.241867	-.9674216	-1.016222	-1.1219	-.920823	-.1701847	-.1359107	.2046599	.2743915	0	.0677986	.2743915	.1359107	.1359107	0	-.1017956	.5716375	.8320063
InsH2Bfabp_CD15_10dpf_VAST02_plate01_SOD3_200924_E01	200924	1	NE042	insH2Bfabp	CD15	SOD3	1	0	0	2	1	10	1	1	1	1	3	17.342988	20.792086	6.2631263	7.1121864	14.653021	1	33	33															164	796560	13536	3586.3247	2961.317	4.85e+07	239.8223	2.35e+07					10_SOD3	1	1	1	4.594444	1	1	4								2.400036	-.5149938	.7137046	-.8833463	1.072861	.6013318	1.241867	1.241867	.7514516	1.016222													
InsH2Bfabp_CD15_10dpf_VAST02_plate01_SOD3_200924_C08	200924	1	NE080	insH2Bfabp	CD15	SOD3	1	0	0	2	1	10	1	1	1	1	3	15.813763	14.156314	15.713312	7.826808	14.341254	1	22	71	677703	9036	5742	14415	4795	75	9.310e+09	1	7841434	247368	156	279	236	151	3	749638	352	14649.477	11724.934	5156616	538.2857	-4.67e+07	0	4287.434	1164812	1553366	10_SOD3	1	1	2	8.25	1	1	4	.7076435	.9265376	.9265376	.7764218	1.00999	.1309267	.2699041	.5867419	-.6362858	1.339746	1.339746	.6744897	.27188	-1.558784	-1.241867	-1.241867	-2.260189	.6533766	1.166919	1.312981	.0677986	1.494155	.4183713	.4935534	1.312981	1.166919	.2046599	0	1.494155	1.042247
InsH2Bfabp_CD15_10dpf_VAST02_plate01_SOD3_200924_C07	200924	1	NE078	insH2Bfabp	CD15	SOD3	1	0	0	2	1	10	1	1	1	1	3	14.284539	10.957531	7.7694478	7.6226304	17.53686	1	20	69	617818	6865	5218	15593	5314	90	9.347e+09	2	7539848	270239	164	303	230	147	4	696970	288	16291.188	11078.903	4691862	2973.54	-4.52e+07	18	4288.179	1091973	1472378	10_SOD3	1	1	2	8.066667	1	1	4	.7764218	.291285	.4022501	.8490862	-.4595582	-.291285	.5000764	-.2917317	.6616482	1.08327	-.2491061	.3629173	-.3343768	-1.241867	-1.558784	-1.558784	-1.558784	1.312981	.8320063	.0338798	-.2743915	1.744448	.5716375	.7397372	1.042247	1.312981	.7397372	.8320063	1.166919	.9319713
InsH2Bfabp_CD15_10dpf_VAST02_plate01_SOD3_200924_B03	200924	1	NE050	insH2Bfabp	CD15	SOD3	1	0	0	2	1	10	1	1	1	1	3	11.990703	16.674504	7.1193512	5.2405584	12.860364	1	41	41	566725	8096	6885	10021	3704	70	5.709e+09	2	6635660	221192	161	253	210	152	123	732312	9649	18754.52	17275.85	1.81e+08	-2175.075	1.12e+08	38	4401.403	1106881	1469925	10_SOD3	1	2	1	5.35	2	1	4	1.454408	.4022501	.291285	1.624981	.0784124	.7764218	.7607465	1.245046	-1.160362	-.0411038	-.6113263	-.2318344	.0896424	1.016222	1.016222	2.260189	2.260189	.4935534	.6533766	.9319713	1.042247	.4935534	-.3454851	-.1017956	.6533766	.7397372	.5321897	-1.042247	.3816746	1.166919
InsH2Bfabp_CD15_10dpf_VAST02_plate01_SOD3_200924_D02	200924	1	NE046	insH2Bfabp	CD15	SOD3	1	0	0	2	1	10	.9120029	1	.9560015	1	3	19.127082	15.789734	9.2440573	7.7927784	15.276554	1	37	37																											10_SOD3	1	2	1	5	2	1	4								1.012131	-.2703575	1.245046	.2917317	1.382994																		
InsH2Bfabp_CD15_10dpf_VAST02_plate01_SOD3_200924_D05	200924	1	NE065	insH2Bfabp	CD15	SOD3	1	0	0	2	1	10	1	1	1	1	3	15.304022	16.572415	7.4523275	7.6906896	19.4854	1	7	56	679744	9996	9358	8957	3335	68	5.991e+09	2	8489047	243855	192	290	200	178													10_SOD3	1	2	2	7.033333	2	1	4								1.160362	1.160362	1.160362	-.423225	.5977601						.4183713	1.312981	1.744448	2.211127	.5716375	-.7397372	-.3454851	1.494155	1.042247	1.494155	.4935534	0	1.494155
InsH2Bfabp_CD15_10dpf_VAST02_plate01_SOD3_200924_H03	200924	1	NE054	insH2Bfabp	CD15	SOD3	1	0	0	2	1	10	1	1	1	1	3	11.098655	12.148567	9.7831619	4.3217592	11.69124	1	45	45																							11	3731.562	870195.6	1206637	10_SOD3	1	2	1	5.666667	2	1	4	-1.318011	-2.310991	-1.318011	-.9265376	-1.624981	-.0784124	1.443299	-.0411038	-1.448272	-.6616482	.5625072	-.6744897																		
InsH2Bfabp_CD15_10dpf_VAST02_plate01_SOD3_200924_B09	200924	1	NE083	insH2Bfabp	CD15	SOD3	1	0	0	2	1	10	.8836648	1	.9418324	1	3	6.3835473	14.224373	18.012434	4.9002624	17.06921	1	25	74															15	524166	1023	8566.2326	9141.2544	8763256	-2371.325	-3.52e+07	21	4094.698	1038887	1406866	10_SOD3	1	2	2	8.466666	2	1	4	-.1309267	-.1838047	-.3462343	.518418	1.101146	.4022501	-.2149745	.6616482	.5625072	-.1651163	1.967025	-1.072861	-1.382994	-.9674216	-.920823	-1.016222	-1.016222													
InsH2Bfabp_CD15_10dpf_VAST02_plate01_SOD3_200924_B05	200924	1	NE063	insH2Bfabp	CD15	SOD3	1	0	0	2	1	10	1	.794476	.897238	1	3	7.4030301	19.396872	6.6119587	5.3426472	15.432437	1	5	54																							5	4445.567	1288463	1759068	10_SOD3	1	2	2	6.9	2	1	4	1.624981	2.310991	2.310991	1.862732	1.624981	-.0261137	1.306186	1.967025	-.2069287	.0205476	-.8241822	-.871771																		
InsH2Bfabp_CD15_10dpf_VAST02_plate01_SOD3_200924_D01	200924	1	NE041	insH2Bfabp	CD15	SOD3	1	0	0	2	1	10	1	1	1	1	3	6.256112	11.05962	7.1352072	6.125328	16.289794	1	32	32															3	451541	128	4540.2109	3533.9165	581147	490.3624	-2.62e+07	0	4247.278	1176476	1513530	10_SOD3	1	2	1	4.483333	2	1	4	.518418	1.202508	.6420614	1.00999	.0261137	-.2372021	.9121265	-.2491061	.2491061	.2491061	-.5385985	-1.150349	-2.260189	-1.558784	-1.802743	-1.802743	-.6744897													
InsH2Bfabp_CD15_10dpf_VAST02_plate01_SOD3_200924_F04	200924	1	NE059	insH2Bfabp	CD15	SOD3	1	0	0	2	1	10	.9031058	1	.9515529	1	3	16.45094	12.488863	9.7038818	4.5599664	11.535357	1	1	50															119	906738	9127	12036.487	10720.179	1.10e+08	-840.525	6.11e+07	17	4371.733	1164513	1533164	10_SOD3	1	2	2	6.6	2	1	4	1.318011	.8490862	.7764218	2.310991	.9265376	.5791321	0	.1235907	-1.652854	-.4008581	.4686158	.8122178	1.558784	.8331469	.7514516	1.558784	1.558784													
InsH2Bfabp_CD15_10dpf_VAST02_plate01_SOD3_200924_D06	200924	1	NE072	insH2Bfabp	CD15	SOD3	1	0	0	2	1	10	0	0	0	0	1	11.098655	14.054225	11.210203	2.4161016	19.173634	1	14	63	318822	6251	4929	10056	4514	51	3.290e+09	1	4180646	167644	136	289	169	126									9	3847.274	891549.4	1193014	10_SOD3	1	2	2	7.55	2	1	4	-.8490862	-1.624981	-1.624981	-1.624981	-.741594	1.624981	-.1606864	.5149938	1.08327	-1.739384	.6616482	-.6744897						-.1701847	-.4935534	-.3454851	-.4935534	-.4183713	-.2743915	.3454851	-.5716375	-.1359107	-.4183713	.4183713	-.9856104	-.0338798
InsH2Bfabp_CD15_10dpf_VAST02_plate01_SOD3_200924_B06	200924	1	NE070	insH2Bfabp	CD15	SOD3	1	0	0	2	1	10	.9569193	1	.9784596	1	3	11.863267	8.337252	5.0897811	4.4919072	15.900086	1	12	61															16	665142	1296	20272.729	15685.216	2.63e+07	1296.971	-3.77e+07	34	3889.424	938144.8	1262863	10_SOD3	1	2	2	7.4	2	1	4	-.7764218	-.9265376	-.9265376	-.4022501	.4595582	.0784124	1.087999	-.9457771	.0822773	-.4916726	-1.448272	-.3186394	-.5312607	-.8331469	-.8331469	.27188	-1.241867													
InsH2Bfabp_CD15_10dpf_VAST02_plate01_SOD3_200924_B07	200924	1	NE077	insH2Bfabp	CD15	SOD3	1	0	0	2	1	10	0	0	0	0	1	13.392492	15.109142	7.4840396	6.0912984	15.978028	1	19	68	467881	9748	7475	14793	5695	48	6.860e+09	1	5851122	205031	144	301	224	119									0				10_SOD3	1	2	2	7.991667	2	1	4								.8241822	.1651163	.2069287	-.3786901	-.0627068						-.4183713	.3454851	1.494155	1.744448	1.166919	.4935534	.9319713	.3454851	.4183713	-.1701847	.7397372	.9319713	-.4183713
InsH2Bfabp_CD15_10dpf_VAST02_plate01_SOD3_200924_B08	200924	1	NE079	insH2Bfabp	CD15	SOD3	1	0	0	2	1	10	1	1	1	1	3	16.068634	13.169455	8.942793	7.9629264	22.291298	1	21	70	295523	6031	4026	1506	546	49	4.182e+08	1	5393199	162488	163	312	213	91									19				10_SOD3	1	2	2	8.158333	2	1	4								.2279667	1.739384	1.448272	.2279667	.755415						-.2743915	-.5716375	-.7397372	-1.166919	-2.211127	-2.211127	-2.211127	-.0677986	-.2743915	.6533766	1.042247	.5716375	-.9319713
InsH2Bfabp_CD15_10dpf_VAST02_plate01_SOD3_200924_H04	200924	1	NE061	insH2Bfabp	CD15	SOD3	1	0	0	2	1	10	.0528864	0	.0264432	0	1	20.911177	7.4184528	12.446973	4.7301144	18.082451	1	3	52	664754	10227	7195	8743	3303	65	5.593e+09	1	5489931	210887	156	287	188	126									1	4551.354	1237980	1665773	10_SOD3	1	2	2	6.75	2	1	4	2.310991	1.862732	1.862732	-.0261137	1.318011	1.101146	1.19001	-1.08327	.8833463	-.2491061	1.012131	1.731664						.2743915	1.042247	2.211127	1.312981	.4183713	-.9319713	-.4183713	.0677986	.4935534	.2046599	.3097425	-.6533766	-.0338798
InsH2Bfabp_CD15_10dpf_VAST02_plate01_SOD3_200924_F05	200924	1	NE067	insH2Bfabp	CD15	SOD3	1	0	0	2	1	10	.0518816	0	.0259408	0	1	16.833246	17.86554	7.1827752	6.3975648	19.95305	1	9	58	806536	7332	4926	9445	3169	110	7.403e+09	1	9513522	337585	156	356	232	189	3	807366	336	14452.074	11254.131	4855897	919.1886	-4.55e+07	0				10_SOD3	1	2	2	7.175	2	1	4								1.57718	1.339746	.423225	-.4686158	.9027348	.7514516	-1.558784	-1.382994	-1.382994	-1.802743	1.744448	1.744448	.4183713	-.5716375	1.312981	-.4183713	-.5716375	1.744448	2.211127	.2046599	2.211127	1.312981	1.744448
InsH2Bfabp_CD15_10dpf_VAST02_plate01_SOD3_200924_F02	200924	1	NE048	insH2Bfabp	CD15	SOD3	1	0	0	2	1	10	1	1	1	1	3	5.6189352	15.34735	7.6108877	5.10444	15.510378	1	39	39	397228	8276	6196	8649	2854	48	3.445e+09	3	5005317	155948	123	324	189	122	11	708602	775	18708.378	11617.341	1.45e+07	4729.347	-3.70e+07		4129.565	1048906	1460624	10_SOD3	1	2	1	5.166667	2	1	4	-.0261137	-.1309267	.1309267	.6420614	-.3186394	2.310991	.8340455	.8833463	-.1443224	-.0822773	-.3348942	-1.330562	-.149762	-1.1219	-1.1219	-.6013318	-1.1219	-.4183713	.0677986	1.166919	.4935534	-.2046599	-1.042247	-.9319713	-.2046599	-.4183713	-.8320063	1.744448	-.5716375	-.2743915
InsH2Bfabp_CD15_10dpf_VAST02_plate01_SOD3_200924_D04	200924	1	NE058	insH2Bfabp	CD15	SOD3	1	0	0	2	1	10	0	0	0	0	1	20.274001	13.952136	12.01886	4.7981736	15.12067	1	49	49															1	740220	48	10041.917	8767.0373	482012	-435.9761	-4.23e+07					10_SOD3	1	2	1	6.527778	2	1	4								.423225	-.3786901	-.2069287	.8833463	1.56892	.149762	-2.260189	-2.260189	-2.260189	-1.382994													
InsH2Bfabp_CD15_10dpf_VAST02_plate01_SOD3_200924_D08	200924	1	NE081	insH2Bfabp	CD15	SOD3	1	0	0	2	1	10	.9828561	1	.991428	1	3	13.137621	19.362842	11.892012	9.9706728	18.939809	1	23	72															24	700312	2565	8612.0144	7766.7942	2.21e+07	-637.2411	-1.76e+07	0	4130.933	1120699	1467368	10_SOD3	1	2	2	8.316667	2	1	4	.0261137	.7076435	.2372021	-.7076435	.291285	-.7764218		1.739384	1.012131	1.967025	.8241822	-.1046335	-.27188	-.6013318	-.6013318	.0298452	-.6013318													
InsH2Bfabp_CD15_10dpf_VAST02_plate01_SOD3_200924_F01	200924	1	NE043	insH2Bfabp	CD15	SOD3	1	0	0	2	1	10	.984941	1	.9924705	1	3	16.833246	17.763451	7.9914321	4.5599664	14.886846	1	34	34	589956	7763	5709	11120	3704	76	6.845e+09	1	6452860	227270	160	284	229	122	81	790951	6480	8778.5679	7420.4667	5.69e+07	-45.28017	1.82e+07	0				10_SOD3	1	2	1	4.705555	2	1	4								1.448272	-.4458055	-.4008581	-.1235907	.9027348	.5312607	.3982089	.3343768	.920823	.8331469	.7397372	.7397372	.7397372	-.0677986	1.042247	-.1359107	-.1017956	.4935534	.8320063	.4183713	.1359107	1.042247	-.2743915
InsH2Bfabp_CD15_09dpf_VAST02_plate01_SOD3_200923_C02	200923	1	NE017	insH2Bfabp	CD15	SOD3	1	0	0	2	1	9	1	1	1	1	3	3.4514747	8.4053112	7.928008	2.7563976	17.614802	1	8	8	335482	6100	4730	16704	6132	55	5.546e+09	1	3826364	134041	119	220	199	130	50	488606	3808	3853.0074	3261.327	1.47e+07	137.9911	-1.13e+07	0	3975.2	984396.4	1323096	10_SOD3	1	3	1	3.45	3	1	4	-.4022501	-.7764218	-.7764218	.0784124	1.202508	-.518418	-.6913244	-.8833463	.7137046	-1.57718	-.1651163	-2.39398	-1.558784	-.27188	-.27188	-.4637077	-.27188	.0677986	-.2743915	-.6533766	-.8320063	.3454851	.8320063	1.494155	-.9319713	-.6533766	-1.042247	-1.494155	-.1017956	.1359107
InsH2Bfabp_CD15_09dpf_VAST02_plate01_SOD3_200923_G06	200923	1	NE036	insH2Bfabp	CD15	SOD3	1	0	0	2	1	9	.0658533	0	.0329266	0	1	13.881525	4.1516112	7.1352072	3.7772856	12.860364	1	27	27															74	637214	6076	2298.0143	2179.3655	1.40e+07	-87.98686	-8646591		3638.114	990886.3	1335283	10_SOD3	1	3	1	6.016667	3	1	4	-1.454408	-.5791321	-.6420614	-.2372021	-.6420614	-1.454408	.0533578	-1.967025	-1.160362	-.8833463	-.5385985	.1256613	-.7514516	.2104284	.27188	-.6744897	-.149762													
InsH2Bfabp_CD15_09dpf_VAST02_plate01_SOD3_200923_C03	200923	1	NE025	insH2Bfabp	CD15	SOD3	1	0	0	2	1	9	.0511489	0	.0255744	0	1	11.491305	14.973024	9.7514498	7.1802456	19.641283	1	16	16	324055	7045	5518	15885	6298	46	4.919e+09	1	4304006	147652	146	263	161	118	43	624682	3168	4907.6531	4074.6538	1.55e+07	193.5962	-1.29e+07	0	3837.986	988104.9	1374790	10_SOD3	1	3	1	3.983333	3	1	4	-.9265376	-.7076435	-.4595582	-1.202508	-.518418	-.1309267	-.5000764	.7677715	1.245046	.7956603	.5149938	-.5485223	-.920823	-.4637077	-.4637077	-.3982089	-.3982089	-.695908	-.4183713	.2743915	-.1359107	.1359107	.6533766	2.211127	-.4935534	-.4935534	-.0677986	-.4183713	-1.312981	-.4935534
InsH2Bfabp_CD15_09dpf_VAST02_plate01_SOD3_200923_E01	200923	1	NE011	insH2Bfabp	CD15	SOD3	1	0	0	2	1	9	.0628795	0	.0314398	0	1	11.817244	11.365886	9.5770337	7.0441272	18.00451	1	2	2	114035	4561	2638	20541	4675	25	2.324e+09	1	2596845	83780	102	259	176	80									20				10_SOD3	1	3	1	3.033333	3	1	4								-.2069287	.8241822	.6616482	.3348942	-.4079188						-1.494155	-1.744448	-1.494155	-2.211127	-1.166919	2.211127	.4183713	-1.312981	-1.744448	-1.312981	-.7397372	-.8320063	-1.166919
InsH2Bfabp_CD15_09dpf_VAST02_plate01_SOD3_200923_C05	200923	1	NE027	insH2Bfabp	CD15	SOD3	1	0	0	2	1	9	.0514176	0	.0257088	0	1	14.207464	9.6303768	8.8476569	4.4919072	15.510378	1	18	18	414943	5060	4822	7386	2531	82	2.996e+09	1	7662253	202414	198	298	213	141	65	800994	4735	3585.4059	3083.9379	1.70e+07	88.28353	-8402550	0	4339.806	1176431	1573016	10_SOD3	1	3	1	5.066667	3	1	4	1.00999	1.00999	1.202508	1.202508	1.862732	-.7076435	2.30304	-.5867419	-.1443224	-.4916726	.1235907	.3186394	.6744897	-.0298452	-.0298452	-.2104284	-.0298452	1.042247	.2046599	-1.042247	-.7397372	-.8320063	-1.166919	-1.166919	1.166919	.3454851	1.744448	.6533766	.5716375	.6533766
InsH2Bfabp_CD15_09dpf_VAST02_plate01_SOD3_200923_A03	200923	1	NE023	insH2Bfabp	CD15	SOD3	1	0	0	2	1	9	.9687592	1	.9843796	1	3	8.6664999	10.481117	17.917298	6.9420384	25.175137	1	14	14	210423	4574	6284	13900	5421	46	3.253e+09	1	4140954	121481	137	261	194	94	67	480500	5952	2729.1818	2451.2523	1.62e+07	9.211545	-7197850		3605.758	920454.7	1196947	10_SOD3	1	3	1	3.85	3	1	4	-1.862732	-1.202508	-1.454408	-2.310991	-1.862732	-.9265376	-1.087999	-.4686158	2.400036	.6113263	1.739384	-.8122178	-1.802743	.0298452	.2104284	-.3343768	.0896424	-.695908	-.9319713	-1.312981	.5716375	-.4935534	.2743915	.8320063	-.6533766	-.9319713	-.3097425	-.6119958	-.2046599	-.8320063
InsH2Bfabp_CD15_09dpf_VAST02_plate01_SOD3_200923_C06	200923	1	NE034	insH2Bfabp	CD15	SOD3	1	0	0	2	1	9	.0367871	0	.0183935	0	1	23.985636	8.7115776	6.7388068	3.4369896	17.848626	1	25	25	235440	6196	5081	12893	2831	38	3.087e+09	1	2203888	86761	94	268	190	68	58	725309	4368	2794.9212	2521.7026	1.22e+07	-11.58587	-1.14e+07	0	3928.536	1062619	1424362	10_SOD3	1	3	1	5.816667	3	1	4	-.5791321	.1309267	-.0261137	-.3462343	-.0784124	.0261137	-.325661	-.7404675	.7677715	-1.08327	-.7677715	2.39398	-.0298452	-.149762	-.149762	-.920823	-.3343768	-1.042247	-.7397372	-.4935534	-.4183713	-.5716375	0	-1.042247	-1.744448	-1.312981	-1.744448	-.3454851	-.4556403	-1.744448
InsH2Bfabp_CD15_09dpf_VAST02_plate01_SOD3_200923_G01	200923	1	NE013	insH2Bfabp	CD15	SOD3	1	0	0	2	1	9	.0628363	.0137059	.0382711	0	1	17.249562	13.986166	10.433259	4.3557888	14.185371	1	4	4	332948	7084	6671	12052	4067	47	4.080e+09	1	5087196	167278	124	314	222	138	92	717368	7280	3241.4243	2786.3865	2.36e+07	109.7958	-870670.8	3	4458.628	1214862	1597898	10_SOD3	1	3	1	3.166667	3	1	4	1.862732	1.624981	1.318011	.1838047	1.454408	.1838047	-.5614833	.4686158	-.7137046	-.6113263	.6113263	1.001331	-.0896424	.5659488	.5312607	.2104284	.3982089	-.5716375	-.3454851	.3454851	.8320063	-.0677986	-.0677986	.0677986	-.1359107	-.2046599	-.7397372	1.397837	.8320063	.4935534
InsH2Bfabp_CD15_09dpf_VAST02_plate01_SOD3_200923_A06	200923	1	NE032	insH2Bfabp	CD15	SOD3	1	0	0	2	1	9	1	1	1	1	3	15.185281	12.012449	9.6880258	6.3295056	13.250072	1	23	23	159915	6151	6066	16806	4117	26	2.584e+09	1	2675459	97082	122	212	207	63	94	753330	7408	3003.2092	2585.3486	2.22e+07	118.5233	-1604816	3	4214.252	1105057	1491877	10_SOD3	1	3	1	5.683333	3	1	4	.291285	.3462343	.4595582	.2372021	.1309267	.291285	-.8340455	-.0822773	-1.012131	.2917317	.423225	.5244005	.4637077	.6744897	.6013318	.0896424	.3343768	-1.312981	-1.312981	-.5716375	.3454851	-1.042247	.9319713	.2046599	-1.166919	-1.166919	-.9319713	-1.744448	.2743915	-2.211127
InsH2Bfabp_CD15_09dpf_VAST02_plate01_SOD3_200923_A02	200923	1	NE015	insH2Bfabp	CD15	SOD3	1	0	0	2	1	9	1	1	1	1	3	22.573234	5.5127952	6.8339429	3.5050488	13.951546	1	6	6	649482	8221	6830	18031	5092	79	1.158e+10	1	5804722	211865	161	262	199	139	78	752099	6547	2994.7197	2615.7611	1.96e+07	72.67699	-4339294	0	4151.487	1050985	1411860	10_SOD3	1	3	1	3.316667	3	1	4	.1309267	-.0784124	-.2372021	.5791321	-.1309267	1.318011	-.2699041	-1.57718	-.7677715	-1.012131	-.7137046	1.959964	.3982089	.3343768	.3982089	-.0298452	.27188	.8808881	.9319713	1.042247	.9319713	2.211127	1.166919	.6533766	.2046599	.5716375	.5321897	-.4935534	-.1017956	.5716375
InsH2Bfabp_CD15_09dpf_VAST02_plate01_SOD3_200923_A05	200923	1	NE026	insH2Bfabp	CD15	SOD3	1	0	0	2	1	9	.0455222	0	.0227611	0	1	13.881525	10.855442	8.7366648	8.337252	14.886846	1	17	17															71	695328	5216	3150.9496	2924.3798	1.64e+07	-150.1814	-8455470	5	4148.854	1073505	1471122	10_SOD3	1	3	1	4.966667	3	1	4	.0784124	.2372021	.3462343	.0261137	-.741594	-.4595582	-1.443299	-.423225	-.4458055	1.739384	.0822773	.1256613	-.3982089	.149762	.0597171	-.27188	-.0896424													
InsH2Bfabp_CD15_09dpf_VAST02_plate01_SOD3_200923_F06	200923	1	NE035	insH2Bfabp	CD15	SOD3	1	0	0	2	1	9	1	1	1	1	3	15.185281	5.785032	11.479756	2.1778944	14.575079	1	26	26	145201	5378	3616	13716	3437	27	1.981e+09	1	2755869	99350	114	246	190	74	227	895502	16688	2816.3839	2574.1177	4.70e+07	-54.50657	2.32e+07	0	4348.614	1116302	1493672	10_SOD3	1	4	1	5.933333	4	1	4	1.101146	.5791321	.518418	.4022501	.3462343	.6420614	-1.306186	-1.39196	-.5625072	-1.967025	.7137046	.5244005	1.382994	2.260189	1.802743	.6744897	.920823	-1.166919	-1.494155	-.8320063	-1.494155	-1.312981	.2046599	-.2046599	-1.042247	-1.042247	-1.166919	-1.166919	-.4556403	-1.494155
InsH2Bfabp_CD15_09dpf_VAST02_plate01_SOD3_200923_D05	200923	1	NE028	insH2Bfabp	CD15	SOD3	1	0	0	2	1	9	1	1	1	1	3	11.599952	7.8608376	4.915365	6.465624	11.145649	1	19	19	212419	4085	3576	13551	6116	52	3.066e+09	1	3948038	135433	133	275	149	109	86	750990	6928	2505.3349	2142.5305	1.74e+07	164.5795	-5139565	0	4160.076	1058043	1417707	10_SOD3	1	4	1	5.133333	4	1	4	.1838047	.0784124	-.1309267	-.518418	-.4022501	-1.202508	-1.614666	-1.012131	-1.967025	.4686158	-1.57718	-.5005801	.3343768	.4637077	.4637077	-.149762	.149762	-.0338798	-.8320063	-2.211127	-1.744448	-.7397372	.1359107	1.312981	-.8320063	-.5716375	-.6533766	-.1017956	-1.744448	-.7397372
InsH2Bfabp_CD15_09dpf_VAST02_plate01_SOD3_200923_D01	200923	1	NE010	insH2Bfabp	CD15	SOD3	1	0	0	2	1	9	1	1	1	1	3	4.1033528	11.774242	19.391908	5.6829432	20.498641	1	1	1																							0	4220.036	916955.6	1265046	10_SOD3	1	4	1	2.966667	4	1	4	.3462343	-1.318011	-.8490862	-.7764218	-2.310991	-2.310991	-1.19001	-.1235907	1.57718	.1235907	2.400036	-1.731664																		
InsH2Bfabp_CD15_09dpf_VAST02_plate01_SOD3_200923_E05	200923	1	NE029	insH2Bfabp	CD15	SOD3	1	0	0	2	1	9	1	.9122628	.9561314	1	3	13.555586	14.156314	7.8328719	11.229768	12.860364	1	20	20															105	651668	9312	2417.6848	2039.5801	2.25e+07	203.3874	332225.9		4024.776	1071875	1416511	10_SOD3	1	4	1	5.2	4	1	4	-.2372021	.1838047	-.1838047	.7076435	.7076435	.7076435	-1.853367	.5867419	-1.160362	2.400036	-.2069287	0	-.6013318	.7514516	.8331469	.149762	.4637077													
InsH2Bfabp_CD15_09dpf_VAST02_plate01_SOD3_200923_D07	200923	1	NE038	insH2Bfabp	CD15	SOD3	1	0	0	2	1	9	1	1	1	1	3	6.0589873	5.9211504	4.7250928	3.232812	20.030991	1	29	29																											10_SOD3	1	4	1	6.575	4	1	4								-1.245046	1.448272	-1.160362	-1.739384	-1.23544																		
InsH2Bfabp_CD15_09dpf_VAST02_plate01_SOD3_200923_H05	200923	1	NE031	insH2Bfabp	CD15	SOD3	1	0	0	2	1	9	.9815698	1	.9907849	1	3	13.772879	11.638123	11.765164	5.3426472	16.133911	1	22	22	111871	5085	5103	16852	4980	22	1.842e+09	2	1508433	55439	81	255	99	84	200	700424	15792	3887.5715	3253.6287	6.14e+07	182.0114	3.55e+07	0	4021.396	1033504	1368644	10_SOD3	1	4	1	5.616667	4	1	4	-.291285	-.2372021	-.5791321	.1309267	.5791321	.4595582	-.6250856	-.1651163	.2069287	.0205476	.7677715	.0627068	-.2104284	1.668391	1.382994	1.241867	1.1219	-2.211127	-2.211127	-.9319713	-.3454851	-1.494155	1.042247	.5716375	-2.211127	-2.211127	-2.211127	-.8808881	-2.211127	-1.042247
InsH2Bfabp_CD15_09dpf_VAST02_plate01_SOD3_200923_H01	200923	1	NE014	insH2Bfabp	CD15	SOD3	1	0	0	2	1	9	1	.9875525	.9937762	1	3	13.121001	12.216626	12.066428	1.0889472	16.835386	1	5	5	361498	6952	6111	18541	6189	52	6.453e+09	1	5459351	195484	144	261	193	132	135	617538	9633	4177.408	3723.5107	4.02e+07	-105.3264	1.29e+07	0	3911.571	993024.6	1373340	10_SOD3	1	4	1	3.25	4	1	4	-.6420614	-.518418	-.518418	-.291285	-.9265376	1.00999	-.7607465	0	.4916726	-2.400036	.9457771	-.146745	-1.016222	1.1219	.920823	.4637077	.7514516	-.0338798	-.0677986	.1359107	.4183713	.7397372	1.744448	1.744448	0	.2743915	-.1701847	-.6119958	-.3097425	.3454851
InsH2Bfabp_CD15_09dpf_VAST02_plate01_SOD3_200923_F01	200923	1	NE012	insH2Bfabp	CD15	SOD3	1	0	0	2	1	9	1	.9722667	.9861333	1	3	14.316111	16.436297	16.204848	2.7904272	15.666262	1	3	3	417689	6234	6335	16408	6095	67	6.780e+09	1	6802852	230888	158	287	248	125	200	743508	17156	3555.4362	3071.8507	6.10e+07	73.161	3.57e+07	0	4243.545	1201762	1536155	10_SOD3	1	4	1	3.1	4	1	4	.4595582	1.318011	.8490862	1.318011	2.310991	-1.624981	-.9962083	1.08327	-.0822773	-1.448272	1.448272	.4079188	.2104284	1.668391	2.260189	1.1219	1.241867	.3454851	.2743915	-.4183713	.6533766	.9319713	.7397372	1.166919	.7397372	.9319713	.3454851	.3097425	1.744448	-.1359107
InsH2Bfabp_CD15_09dpf_VAST02_plate01_SOD3_200923_H06	200923	1	NE037	insH2Bfabp	CD15	SOD3	1	0	0	2	1	9	.0599501	0	.0299751	0	1	17.358209	5.785032	8.0707121	4.423848	12.392714	1	28	28															182	728554	16384	4869.9103	3937.721	7.98e+07	324.0532	5.18e+07	2	4114.649	1112654	1499608	10_SOD3	1	4	1	6.083333	4	1	4	-.0784124	.518418	.5791321	.4595582	.2372021	-1.00999	-.3824499	-1.39196	-1.339746	-.5625072	-.0822773	1.150349	.0298452	1.382994	1.558784	1.382994	1.382994													
InsH2Bfabp_CD15_09dpf_VAST02_plate01_SOD3_200923_F05	200923	1	NE030	insH2Bfabp	CD15	SOD3	1	0	0	2	1	9	.0597877	0	.0298939	0	1	14.098818	9.6303768	8.2292723	5.0363808	11.535357	1	21	21	196226	4460	4325	14375	3368	44	2.837e+09	1	4435379	126485	134	245	169	116	62	640402	4560	2851.341	2524.4638	1.30e+07	41.4423	-1.07e+07	0	4182.326	1107420	1523998	10_SOD3	1	4	1	5.533333	4	1	4	.2372021	.4595582	.7076435	-.1309267	.7764218	.2372021	.2149745	-.5867419	-1.652854	-.1235907	-.0411038	.2318344	-.6744897	-.0896424	-.0896424	-.8331469	-.2104284	-.8808881	-1.042247	-1.744448	-1.042247	-.9319713	.3454851	-.2743915	-.4183713	-.7397372	-.5716375	-1.312981	-.9856104	-.5716375
InsH2Bfabp_CD15_09dpf_VAST02_plate01_SOD3_200923_B06	200923	1	NE033	insH2Bfabp	CD15	SOD3	1	0	0	2	1	9	1	1	1	1	3	13.555586	8.7115776	8.895225	6.80592	16.601561	1	24	24	164763	6865	6891	18380	3949	24	3.324e+09	1	2364253	85402	101	274	150	78	92	809556	7560	2359.0403	2052.2539	1.78e+07	129.1752	-4385722	0	3963.357	998019.1	1386110	10_SOD3	1	4	1	5.75	4	1	4	-.4595582	-.4595582	-.4022501	-.8490862	-.8490862	.518418	-.9121265	-.7404675	.3786901	.5625072	.1651163	0	.8331469	.5659488	.6744897	-.0896424	.2104284	-1.744448	-1.166919	.0338798	1.166919	-.3454851	1.494155	0	-1.494155	-1.494155	-1.494155	-.2046599	-1.494155	-1.312981
InsH2Bfabp_CD15_09dpf_VAST02_plate01_SOD3_200923_E07	200923	1	NE039	insH2Bfabp	CD15	SOD3	1	0	0	2	1	9	1	1	1	1	3	4.8638773	5.274588	5.4069015	4.593996	13.873605	1	30	30	336171	7640	5844	18150	5863	44	6.354e+09	1	5846868	157712	166	284	214	113									0	3809.339	931729.8	1238578	10_SOD3	1	4	1	7.066667	4	1	4	-1.00999	-1.00999	-1.101146	-.5791321	-1.101146	-1.101146	-2.30304	-1.739384	-.8241822	-.3348942	-1.245046	-1.439531						-.8808881	-.2046599	.6533766	.1359107	.6533766	1.312981	1.042247	.2743915	-.3454851	.8320063	.1359107	.7397372	-.6533766
