filename	date	plate	index	line	diet	Exp	overfeeding	cholesterol	glucose	VAST	Imaged	age	hmg20a_nwt	hmg20a_dich	qRNA	protein	ldl	gluc	tc	tg	Anders_batch	pos_bio	Löpnr	Volume	CellVolume_Av	CellVolume_Stdev	CellInt_Av	CellInt_Stdev	NrCells	CellInt_Tot	isletNr	IV	ISA	IED	IPAL1	IPAL2	IPAL3	LiverLipN	LiverArea	LiverLipArea	LiverLipInt_Av	LiverLipIntBG	LiverLipInt_Tot	LiverLipInt_Av_Res	LiverLipInt_Tot_Res	vld_area	length	dorsal_area	lateral_area	file	batch	tank	batch_bio	tod	tank_n	batch_n	nr_tanks	intlength	intdorsal_area	intlateral_area	intangle	inteye_area	intcurvature	intpig_dorsal_tail	intldl	inttg	inttc	intgluc	intprotein	intLiverArea	intLiverLipN	intLiverLipArea	intLiverLipInt_Tot	intLiverLipInt_Tot_Res	intNrCells	intVolume	intCellVolume_Av	intCellVolume_Stdev	intCellInt_Tot	intCellInt_Av	intCellInt_Stdev	intIV	intISA	intIED	intIPAL1	intIPAL2	intIPAL3
InsH2Bfabp_CD15_09dpf_VAST02_plate01_HMG20A_200930_G03	200930	1	NC705	insH2Bfabp	CD15	HMG20A	1	0	0	2	1	9	.993356	1	2	12.760212	.7826808	.22198422	.3062664	1.94854	1	23	23	259267	5185	4412	15430	6369	50	3.753e+09	1	3098908	114765	126	221	175	91									0	4077.573	976291.5	1266496	13_HMG20A	1	1	1	3.766667	1	1	4	.7344303	.5073057	.1881663	.5503351	.0569997	1.987428	.5073057	.3722894	1.211232	.224227	-.6428442	.3597845						-.1168527	-.4846749	-.7690553	-.6205683	.1757821	1.255486	2.269206	-.3982089	-.6205683	-.2353289	-.3884616	.326315	-1.136341
InsH2Bfabp_CD15_09dpf_VAST02_plate01_HMG20A_200930_G09	200930	1	NC747	insH2Bfabp	CD15	HMG20A	1	0	0	2	1	9	1	1	2	3.3095787	.680592	.0951361	.3062664	.4676496	1	16	65	80969	5398	3837	7706	2812	15	5.553e+08	2	1036967	43631	64	263	114	85	7	578316	368	11949.277	10136.518	4397334	698.6492	-7.97e+07	18	4065.339	1025489	1406672	13_HMG20A	1	1	2	8.783334	1	1	4	.6396686	.7843482	1.072307	.1124738	.6744897	-.3811055	-.5503351	0	-1.621835	.224227	-1.791764	-2.244607	.2487277	-1.402673	-1.402673	-1.906358	-1.260339	-1.679661	-1.395747	-.4846749	-1.031459	-1.136341	-.7690553	-.6205683	-1.382994	-1.570585	-1.570585	.5513477	-1.570585	-1.255486
InsH2Bfabp_CD15_09dpf_VAST02_plate01_HMG20A_200930_E07	200930	1	NC730	insH2Bfabp	CD15	HMG20A	1	0	0	2	1	9	.0514867	0	1	10.267737	.85074	.38054438	.0680592	.6235328	1	48	48	661411	8819	8184	11229	3454	75	7.493e+09	2	5495868	203908	154	268	194	128	110	698577	9427	14060.375	12056.823	1.33e+08	576.411	2.19e+07	0	4182.348	1031889	1395651	13_HMG20A	1	1	1	7.183333	1	1	4	1.216274	.9476973	.8906177	1.141333	.6275435	.1375134	.9476973	.5407068	-1.093456	-1.795459	.4531975	-.4960846	1.108011	.4389272	.5924169	.7197189	.4921101	1.255486	2.269206	2.269206	2.269206	1.813418	.0583267	.0583267	1.382994	1.395747	.7690553	.656305	.8499573	.6929004
InsH2Bfabp_CD15_09dpf_VAST02_plate01_HMG20A_200930_C02	200930	1	NC693	insH2Bfabp	CD15	HMG20A	1	0	0	2	1	9	1	1	2		0	.20612821	.0680592	.3117664	1	11	11															0	447759	0		7272.6383				2	3735.185	845462.3	1133020	13_HMG20A	1	1	1	2.833333	1	1	4	-1.072307	-1.216274	-1.008045	-.3433392	-.1717471	-.0195843	-.6396686	-2.649357	-2.050429	-1.795459	-.7876622		-.5924169	-1.930286	-1.930286															
InsH2Bfabp_CD15_09dpf_VAST02_plate01_HMG20A_200930_G08	200930	1	NC739	insH2Bfabp	CD15	HMG20A	1	0	0	2	1	9	.936708	1	2	11.617828	.6125328	.25369626	.2722368	1.6367736	1	8	57	325028	5509	5072	8486	3039	59	2.887e+09	2	5279128	142926	166	255	174	127	136	527410	11492	9038.2276	7666.3378	1.04e+08	660.4481	5.41e+07	0	4096.616	928559.6	1217583	13_HMG20A	1	1	2	8.233334	1	1	4	.8906177	-.0374211	-.1502124	-.6396686	.2494273	1.043158	.2649541	-.2868939	.7936154	-.1726797	-.3864182	.0414437	-.0223825	.8226373	.8871465	.3878687	.9182451	.2654048	.2353289	-.3572158	-.0583267	-.3572158	-.6205683	-.4846749	1.1219	.2353289	1.570585	.326315	.2054644	.5856072
InsH2Bfabp_CD15_09dpf_VAST02_plate02_HMG20A_200930_D03	200930	2	NC767	insH2Bfabp	CD15	HMG20A	1	0	0	2	1	9	.9865659	1	2	10.256925	.680592	.31712032	.1361184	1.0911824	1	36	85															104	658852	8384	6176.0328	5675.7673	5.18e+07	113.3096	2.96e+07	0	4233.652	1037168	1402006	13_HMG20A	1	1	2	10.38333	1	1	4	1.497249	1.008045	.9476973	1.072307	1.13214	.8584844	1.29875	0	-.1215874	-.8946621	.0611754	-.5435127	.7613826	.3186394	.390146	-.4393922	.6020065													
InsH2Bfabp_CD15_09dpf_VAST02_plate02_HMG20A_200930_B03	200930	2	NC765	insH2Bfabp	CD15	HMG20A	1	0	0	2	1	9	.0633393	0	1	10.49529	.680592	.3964004	.1020888	.4676496	1	34	83	261308	7918	5747	11247	3635	33	2.890e+09	1	2843338	103241	125	210	133	121	66	477912	5086	8926.3368	8401.9953	4.54e+07	-307.0209	-1.46e+07	10				13_HMG20A	1	1	2	10.21667	1	1	4								0	-1.621835	-1.300153	.6428442	-.4043567	-.4389272	-.5924169	-.4887764	-.7824294	-.3373553	-1.136341	-.4200915	1.395747	.6929004	-.2957227	.1168527	.2957227	-.6744897	-.9368471	-.2957227	-.7690553	-1.395747	.1462539
InsH2Bfabp_CD15_09dpf_VAST02_plate01_HMG20A_200930_A09	200930	1	NC741	insH2Bfabp	CD15	HMG20A	1	0	0	2	1	9	0	0	1	4.7635223	.5785032	.3964004	.1020888	.7014744	1	10	59	411899	6644	6038	10129	3709	62	4.069e+09	3	5082314	162039	146	331	147	122	125	517010	12001	12585.599	10367.393	1.51e+08	1066.461	6.38e+07	0	4133.96	969203.5	1319896	13_HMG20A	1	1	2	8.4	1	1	4	1.072307	.3833065	.5503351	.2263933	-1.382994	-.650104	2.434185	-.4159872	-.835874	-1.300153	.6428442	-1.690622	-.1573107	.6466521	1.028805	.8483799	1.073562	.5513477	.9368471	.8499573	.7690553	.4846749	-.1757821	.4200915	1.016222	.4846749	.656305	1.255486	-.7690553	.2654048
InsH2Bfabp_CD15_09dpf_VAST02_plate01_HMG20A_200930_C05	200930	1	NC716	insH2Bfabp	CD15	HMG20A	1	0	0	2	1	9	1	1	2	10.890856	.510444	.22198422	.3062664	1.0911824	1	34	34															98	442404	6697	11771.162	11282.127	7.88e+07	-811.8219	-2.11e+07	11	4051.346	911886.3	1195915	13_HMG20A	1	1	1	4.65	1	1	4	.5503351	-.1881663	-.3039132	.3433392	.852495	-.4668251	-.2263933	-.6618544	-.1215874	.224227	-.6428442	-.2086637	-.6466521	.1573107	-.0671924	0	-.4393922													
InsH2Bfabp_CD15_09dpf_VAST02_plate02_HMG20A_200930_G01	200930	2	NC755	insH2Bfabp	CD15	HMG20A	1	0	0	2	1	9	.9967881	1	2	16.33523	1.020888	.47568048	.4083552	.6235328	1	24	73															63	950416	4471	9861.6681	9076.9717	4.41e+07	-156.695	-2.53e+07	5	4097.937	1308217	1483114	13_HMG20A	1	1	2	9.466666	1	1	4	.9476973	2.434185	1.497249	2.006752		-1.366204	-2.434185	1.022696	-1.093456	1.150349	1.31953	1.784268	2.368567	-.6466521	-.6466521	-.8483799	-.5462332													
InsH2Bfabp_CD15_09dpf_VAST02_plate02_HMG20A_200930_E01	200930	2	NC753	insH2Bfabp	CD15	HMG20A	1	0	0	2	1	9	0	0	1	15.262588	.3743256	.38054438	.1361184	.389708	1	22	71	284901	6475	4971	13524	4725	44	3.725e+09	1	2614895	119419	121	174	170	124	150	431002	10349	9071.7241	8451.3333	9.39e+07	-219.0142	3.32e+07	18	4056.667	930757.8	1227258	13_HMG20A	1	1	2	9.316667	1	1	4	.5944087	0	-.1124738	-.9476973	.2104284	-.1375134	-.3039132	-1.170163	-1.795459	-.8946621	.4531975	1.262938	-1.028805	1.028805	.7613826	.2387225	.6597193	-.4846749	-.2957227	.6205683	-.1168527	.1168527	.6205683	1.082411	-.920823	-.5513477	-.4846749	-1.570585	-.029151	.4846749
InsH2Bfabp_CD15_09dpf_VAST02_plate02_HMG20A_200930_C02	200930	2	NC759	insH2Bfabp	CD15	HMG20A	1	0	0	2	1	9	1	1	2	13.713216	.5785032	.41225642	.2382072	1.4808904	1	28	77	571174	6800	5689	6376	2289	84	3.579e+09	1	6913514	236816	182	307	210	131	68	720549	4752	15662.993	14129.179	7.44e+07	-231.1444	-6.50e+07	16				13_HMG20A	1	1	2	9.733334	1	1	4								-.4159872	.6001788	-.4381324	.7876622	.6423266	1.291794	-.5398714	-.5924169	-.0473125	-1.161883	2.269206	1.570585	1.031459	.6205683	.0583267	-.8499573	-.8499573	2.260189	1.570585	1.813418	1.136341	1.136341	.8088444
InsH2Bfabp_CD15_09dpf_VAST02_plate01_HMG20A_200930_A07	200930	1	NC727	insH2Bfabp	CD15	HMG20A	1	0	0	2	1	9	.6515951	1	2	10.579297	.9528288	.45982446	.3743256	.7014744	1	45	45	318624	5310	5347	5458	1899	60	1.732e+09	1	4705170	165102	113	268	243	119	114	584458	9067	10748.326	10208.606	9.75e+07	-586.1415	1.24e+07	0	3903.073	920335.1	1268919	13_HMG20A	1	1	1	6.933333	1	1	4	-.2263933	-.1124738	.2263933	-1.008045	.3286447	-1.113194	.6396686	.835874	-.835874	.8946621	1.206455	-.3377691	.295179	.4887764	.4389272	.2876889	.2876889	.3572158	.0583267	-.5513477	.2353289	-.9368471	-.9368471	-.9368471	.7514516	.6929004	-.8499573	.656305	1.813418	-.029151
InsH2Bfabp_CD15_09dpf_VAST02_plate01_HMG20A_200930_E03	200930	1	NC703	insH2Bfabp	CD15	HMG20A	1	0	0	2	1	9	.9550024	1	2	12.137093	.5785032	.25369626	.3743256	1.4029488	1	21	21	169123	4228	3634	11353	3283	40	2.019e+09	1	2041627	95371	88	254	148	120									10	3909.031	912155.4	1145716	13_HMG20A	1	1	1	3.633333	1	1	4	-.1881663	-.1502124	-.8906177	-1.072307	-.5375191	-.5561256	-.8363019	-.4159872	.3507093	.8946621	-.3864182	.2298841						-.9368471	-1.031459	-1.031459	-1.136341	-.7690553	.1757821	-.1757821	-1.241867	-1.255486	-1.255486	.2054644	-.6929004	.0583267
InsH2Bfabp_CD15_09dpf_VAST02_plate01_HMG20A_200930_C09	200930	1	NC743	insH2Bfabp	CD15	HMG20A	1	0	0	2	1	9	.0613291	0	1	3.5172849	.4083552	.0951361	.2382072	.3117664	1	12	61	406278	5722	4526	10641	3351	71	4.427e+09	2	5318872	186387	157	349	176	102	133	557244	11770	10688.051	9655.595	1.26e+08	-3.257904	4.84e+07	0	3949.887	951034.9	1258735	13_HMG20A	1	1	2	8.5	1	1	4	.1502124	.1881663	.0748947	-.5073057	.852495	-.0587829	.5503351	-.9728152	-2.050429	-.4381324	-1.791764	-2.040281	.0671924	.7613826	.9555776	.6597193	.7824294	.9368471	.8499573	0	-.4200915	.6205683	-.1168527	-.0583267	1.241867	1.136341	1.031459	1.570585	.4200915	-.8925596
InsH2Bfabp_CD15_09dpf_VAST02_plate01_HMG20A_200930_G02	200930	1	NC697	insH2Bfabp	CD15	HMG20A	1	0	0	2	1	9	.9619625	1	2	9.5407656	.7486512	.17441618	.6125328	.6235328	1	15	15															149	377842	11392	14499.662	12437.441	1.65e+08	573.0354	4.92e+07	0	3410.484	850382.1	1091390	13_HMG20A	1	1	1	3.166667	1	1	4	-2.006752	-1.141333	-1.216274	-2.434185	-1.616156	-1.76167	1.141333	.224227	-1.093456	2.649357	-1.08839	-.7342278	-1.402673	.9555776	.8226373	.9929082	.8483799													
InsH2Bfabp_CD15_09dpf_VAST02_plate02_HMG20A_200930_C01	200930	2	NC751	insH2Bfabp	CD15	HMG20A	1	0	0	2	1	9	0	0	1	14.785858	.510444	.3964004	.1361184	1.4029488	1	20	69	345101	5657	4907	9854	3105	61	3.252e+09	1	3176258	139481	133	202	169	119									0	3967.967	940642.1	1285188	13_HMG20A	1	1	2	9.166667	1	1	4	.2649541	.1124738	.4238958	.0374211	1.062786	-1.987428	-1.391153	-.6618544	.3507093	-.8946621	.6428442	1.024106						.4521474	.4200915	-.1757821	-.1757821	-.1757821	-.2957227	-.4200915	-.149762	.1168527	.0875522	-.9830529	-.1168527	-.029151
InsH2Bfabp_CD15_09dpf_VAST02_plate01_HMG20A_200930_G01	200930	1	NC689	insH2Bfabp	CD15	HMG20A	1	0	0	2	1	9	.9546133	1	2	10.68315	.7146216	.28540829	.3062664	.7014744	1	7	7															77	275331	6736	21002.62	17308.662	1.41e+08	1410.707	-4.21e+07	0	3618.78	850770.9	1154030	13_HMG20A	1	1	1	2.5	1	1	4	-1.29875	-1.072307	-.7344303	-.3039132	-.3894143	.9165567	1.782751	.1317762	-.835874	.224227	-.2156401	-.3050467	-1.699178	-.1346898	-.0223825	.7824294	-.7197189													
InsH2Bfabp_CD15_09dpf_VAST02_plate01_HMG20A_200930_A05	200930	1	NC714	insH2Bfabp	CD15	HMG20A	1	0	0	2	1	9	.9475426	1	2	9.1253531	.85074	.38054438	.1361184	1.4808904	1	32	32																							0	3737.108	859309.4	1159279	13_HMG20A	1	1	1	4.483333	1	1	4	-1.008045	-.8906177	-.6396686	-.4238958	-1.77585	-1.473468	-.8906177	.5407068	.6001788	-.8946621	.4531975	-.84754																		
InsH2Bfabp_CD15_09dpf_VAST02_plate02_HMG20A_200930_A04	200930	2	NC771	insH2Bfabp	CD15	HMG20A	1	0	0	2	1	9	0	0	1		.0340296	.42811243	.1020888	.0779416	1	40	89																								3840.567	855630.8	1074746	13_HMG20A	1	1	2	10.6	1	1	4	-.5073057	-.9476973	-1.497249	.1881663	-.4941332	2.417559	-1.29875	-2.050429	-2.649357	-1.300153	.9512777																			
InsH2Bfabp_CD15_09dpf_VAST02_plate02_HMG20A_200930_A01	200930	2	NC749	insH2Bfabp	CD15	HMG20A	1	0	0	2	1	9	.9764836	1	2	10.376107	.0340296	.41225642	.170148	.6235328	1	18	67	349020	6712	5430	11549	4034	52	3.851e+09	1	3488739	137049	142	203	173	122	59	396522	3592	6669.201	6840.8997	2.40e+07	-748.5845	-1.44e+07	0	3859.462	864049.7	1135877	13_HMG20A	1	1	2	9.033334	1	1	4	-.4238958	-.8363019	-.9476973	-1.782751	-.3894143	-1.601009	.1502124	-2.050429	-1.093456	-.6368945	.7876622	-.4269421	-1.194857	-.7028602	-.7028602	-1.260339	-.2876889	.0583267	.4846749	.9368471	.3572158	.2957227	.2353289	.6929004	.0298452	0	.4200915	-.8499573	.0875522	.2654048
InsH2Bfabp_CD15_09dpf_VAST02_plate02_HMG20A_200930_G03	200930	2	NC769	insH2Bfabp	CD15	HMG20A	1	0	0	2	1	9	1	1	2	9.7801951	.680592	.3964004	.1361184	2.0264816	1	38	87	305466	7104	6697	16261	5770	43	5.136e+09	1	3162643	129948	130	234	174	102	39	513579	3174	6476.144	6319.0888	2.06e+07	-334.7695	-1.05e+07	0	3899.042	958122.9	1275768	13_HMG20A	1	1	2	10.51667	1	1	4	-.2649541	.3039132	.3833065	.6396686	-1.207414	1.601009	.0748947	0	1.400745	-.8946621	.6428442	-.6941258	-.295179	-1.028805	-.8871465	-1.672937	-.2387225	-.656305	-.1168527	1.255486	1.255486	1.031459	1.570585	1.570585	-.2104284	-.0583267	-.0875522	-.1757821	.2054644	-.8925596
InsH2Bfabp_CD15_09dpf_VAST02_plate01_HMG20A_200930_C08	200930	1	NC735	insH2Bfabp	CD15	HMG20A	1	0	0	2	1	9	.1812132	0	1	11.929387	1.191036	.66595267	.4423848	1.169124	1	4	53	14664	1466	862	3720	1230	10	55936624	1	1284	545	13	14	13	12	196	683268	15751	10088.465	8797.9649	1.59e+08	394.5896	9.34e+07	0	4227.873	1058477	1433483	13_HMG20A	1	1	2	7.883333	1	1	4	1.29875	1.29875	1.216274	.8906177	.1717471	-.0980721	.0374211	1.48669	.0202161	1.400745	2.250926	.1350631	.9555776	1.291794	1.402673	.9182451	1.260339	-2.269206	-2.269206	-1.813418	-2.269206	-1.395747	-1.395747	-1.255486	-2.260189	-2.269206	-2.269206	-2.269206	-2.269206	-2.269206
InsH2Bfabp_CD15_09dpf_VAST02_plate02_HMG20A_200930_A02	200930	2	NC757	insH2Bfabp	CD15	HMG20A	1	0	0	2	1	9	.0243834	0	1	15.500953	.4423848	.57081658	.2722368	2.0264816	1	26	75															192	746173	14335	12338.047	10902.972	1.77e+08	196.0237	8.22e+07	0				13_HMG20A	1	1	2	9.6	1	1	4								-.8648943	1.400745	-.1726797	1.844979	1.473947	1.534121	1.194857	1.194857	1.161883	1.161883													
InsH2Bfabp_CD15_09dpf_VAST02_plate01_HMG20A_200930_A02	200930	1	NC691	insH2Bfabp	CD15	HMG20A	1	0	0	2	1	9	.16178	0	1	13.798743	.9868584	.31712032	.1361184	.7014744	1	9	9	328484	6570	6622	12370	3691	50	3.844e+09	1	3982843	167731	133	254	185	131	93	629492	7595	22101.28	19719.579	1.68e+08	-294.5581	-4.91e+07	15	3957.406	1014423	1374147	13_HMG20A	1	1	1	2.7	1	1	4	.1881663	.7344303	.7344303	.4651961	.9982012	-.217107	-1.141333	.9252446	-.835874	-.8946621	.0611754	.6941258	.7028602	.0671924	.295179	1.073562	-.7824294	-.1168527	.2957227	.7690553	1.031459	.2353289	.4846749	.3572158	.27188	.7690553	.0875522	.2054644	.6205683	.8088444
InsH2Bfabp_CD15_09dpf_VAST02_plate02_HMG20A_200930_E02	200930	2	NC761	insH2Bfabp	CD15	HMG20A	1	0	0	2	1	9	1	1	2	12.998121	.4423848	.33297634	.1361184	1.4029488	1	30	79	340205	6943	5539	14682	4401	49	4.972e+09	1	2711336	113668	105	244	135	117	147	575558	10306	10336.445	9835.0107	1.07e+08	-563.5259	2.67e+07	0	4094.036	940402.8	1262653	13_HMG20A	1	1	2	9.883333	1	1	4	.8363019	.0748947	.1502124	.8363019	-.8254945	.650104	1.008045	-.8648943	.3507093	-.8946621	.1948269	.4612377	.2028072	.8871465	.7028602	.4921101	.5462332	-.2654048	.3572158	1.136341	.4200915	.9368471	1.031459	.8499573	-.8331469	-.6929004	-1.031459	.1168527	-1.255486	-.2054644
InsH2Bfabp_CD15_09dpf_VAST02_plate02_HMG20A_200930_G02	200930	2	NC763	insH2Bfabp	CD15	HMG20A	1	0	0	2	1	9	1	1	2	12.640574	.3743256	.28540829	.1361184	.5455912	1	32	81	317141	5199	5166	10979	3158	61	3.339e+09	1	2748613	111808	137	190	149	121									0	3991.914	961801.4	1235258	13_HMG20A	1	1	2	10.06667	1	1	4	.3833065	.3433392	-.0374211	-.2649541	-.3286447	-.3393116	-.3433392	-1.170163	-1.348744	-.8946621	-.2156401	.3377691						.4521474	0	-.6929004	.0583267	-.1168527	-.0583267	-.2957227	-.7514516	-.7690553	.3572158	-1.193795	-.6205683	.1462539
InsH2Bfabp_CD15_09dpf_VAST02_plate01_HMG20A_200930_E02	200930	1	NC695	insH2Bfabp	CD15	HMG20A	1	0	0	2	1	9	.0980356	0	1	9.0215	.680592	.31712032	.340296	.7014744	1	13	13																							0	3748.457	839122	1152326	13_HMG20A	1	1	1	3	1	1	4	-.8906177	-1.29875	-.7843482	-1.623523	-2.000424	.1771698	-.5944087	0	-.835874	.5881202	.0611754	-.9084579																		
InsH2Bfabp_CD15_09dpf_VAST02_plate01_HMG20A_200930_G05	200930	1	NC720	insH2Bfabp	CD15	HMG20A	1	0	0	2	1	9	.0226767	0	1	14.733421	1.020888	.31712032	.4423848	1.94854	1	38	38															40	522052	2841	14943.721	13593.039	4.25e+07	-326.8796	-8.96e+07	8	4374.601	1115046	1523235	13_HMG20A	1	1	1	5.1	1	1	4	2.434185	1.623523	2.434185	1.008045	1.48947	-.4235761	.3833065	1.022696	1.211232	1.400745	.0611754	.9897137	-.0671924	-.9555776	-1.028805	-.9182451	-1.505968													
InsH2Bfabp_CD15_09dpf_VAST02_plate01_HMG20A_200930_A06	200930	1	NC722	insH2Bfabp	CD15	HMG20A	1	0	0	2	1	9	.9084739	1	2	16.083512	1.0889472	.3012643	.4764144	1.7926568	1	40	40															161	732200	12458	16547.106	14619.424	2.06e+08	82.80721	5.99e+07	0	4014.026	1027238	1404025	13_HMG20A	1	1	1	5.7	1	1	4	.4238958	.8363019	1.008045	0	-.0950912		.7344303	1.232555	1.022696	1.746955	-.0918348	1.690622	1.402673	1.108011	1.108011	1.260339	.9929082													
InsH2Bfabp_CD15_09dpf_VAST02_plate01_HMG20A_200930_C03	200930	1	NC701	insH2Bfabp	CD15	HMG20A	1	0	0	2	1	9	.9400741	1	2	13.902596	.6125328	.25369626	.3062664	1.2470656	1	19	19	300839	6267	5621	14634	4629	48	4.615e+09	1	3457846	121353	130	217	158	117									1	3983.069	923520.2	1271461	13_HMG20A	1	1	1	3.5	1	1	4	.3433392	-.0748947	.3039132	-.5944087	-.9375322		.1124738	-.2868939	.1114111	.224227	-.3864182	.7342278						-.3884616	-.1757821	.4846749	.4846749	.7690553	.9368471	.9368471	-.0298452	-.4200915	-.0875522	-.5856072	-.3884616	-.2054644
InsH2Bfabp_CD15_09dpf_VAST02_plate01_HMG20A_200930_C07	200930	1	NC728	insH2Bfabp	CD15	HMG20A	1	0	0	2	1	9	.8921604	1	2	9.956178	.6465624	.44396845	.3062664	1.4029488	1	46	46	381355	4953	4309	9242	3405	77	3.516e+09	1	4726835	175632	155	243	195	123	89	435072	7216	12940.25	12003.788	9.34e+07	-482.0337	-1.66e+07	0	3870.748	888274.6	1193089	13_HMG20A	1	1	1	7.066667	1	1	4	-.3039132	-.4238958	-.3433392	-1.29875	-.6744897	-1.043158	-.7843482	-.1624294	.3507093	.224227	1.107003	-.6170677	-.7028602	-.0223825	.2028072	.1903223	-.3878687	1.570585	.6929004	-.8499573	-.6929004	0	-.4846749	0	.8331469	.9368471	.8925596	.0583267	.9368471	.3884616
InsH2Bfabp_CD15_09dpf_VAST02_plate01_HMG20A_200930_E08	200930	1	NC737	insH2Bfabp	CD15	HMG20A	1	0	0	2	1	9	.9518472	1	2	10.994709	.9528288	.36468837	.1361184	.779416	1	6	55	319625	6393	4246	4534	1604	50	1.479e+09	1	3817414	137300	136	230	164	118	69	561030	5424	13637.071	11141.299	7.40e+07	1217.872	-2.40e+07	0	3909.814	971551.2	1301712	13_HMG20A	1	1	2	8.05	1	1	4	-.1502124	.4238958	.4651961	.7843482	.5375191	1.113194	-.0748947	.835874	-.5881202	-.8946621	.3106094	-.1350631	.1121376	-.4887764	-.4389272	-.0947312	-.4921101	-.1168527	.1757821	.5513477	-.7690553	-1.031459	-1.136341	-1.031459	.149762	.0583267	.2654048	-.2353289	-.2957227	-.1168527
InsH2Bfabp_CD15_09dpf_VAST02_plate01_HMG20A_200930_E06	200930	1	NC832	insH2Bfabp	CD15	HMG20A	1	0	0	2	1	9	.981218	1	2	8.9176469	1.0889472	.57081658	.0340296	1.0911824	1	3	150																								3393.578	700816.1	770335.4	13_HMG20A	1	1	4	6.233333	1	1	4	-2.434185	-2.434185	-2.434185	-2.006752	-2.428737	-2.417559	-1.497249	1.232555	-.1215874	-2.649357	1.844979	-.9897137																		
InsH2Bfabp_CD15_09dpf_VAST02_plate01_HMG20A_200930_E01	200930	1	NC687	insH2Bfabp	CD15	HMG20A	1	0	0	2	1	9	.9952773	1	2	13.902596	1.0549176	.38054438	.340296	.6235328	1	5	5															91	624676	7051	17648.875	16016.261	1.24e+08	-439.9611	-4.12e+07	0	3949.165	1003118	1309877	13_HMG20A	1	1	1	2.216667	1	1	4	.1124738	.6862788	.5073057	.3039132	-.2104284	-.9778975	-.3833065	1.130978	-1.093456	.5881202	.4531975	.7342278	.6466521	.0223825	.0671924	.5462332	-.6597193													
InsH2Bfabp_CD15_09dpf_VAST02_plate01_HMG20A_200930_C01	200930	1	NC685	insH2Bfabp	CD15	HMG20A	1	0	0	2	1	9	.0800168	0	1	11.306269	.4764144	.25369626	.3062664	1.7926568	1	3	3	35133	1301	972	495	86	27	17266590	3		340769	218	367	342	159									0	3574.257	748817.1	991693.8	13_HMG20A	1	1	1	2.083333	1	1	4	-1.497249	-2.006752	-2.006752	.3833065	1.382994	.2573935	-1.782751	-.766215	1.022696	.224227	-.3864182	-.1037656						-1.255486	-1.813418	-2.269206	-1.813418	-2.269206	-2.269206	-2.269206		2.269206	2.269206	1.813418	2.269206	2.269206
InsH2Bfabp_CD15_09dpf_VAST02_plate01_HMG20A_200930_A01	200930	1	NC683	insH2Bfabp	CD15	HMG20A	1	0	0	2	1	9	.9124573	1	2	10.68315	1.2590952	.38054438	.5444736	1.8705984	1	1	1	633354	8334	7195	5184	1566	76	3.400e+09	1	6494005	269100	155	278	228	152	234	771520	20664	19368.74	16802.659	4.00e+08	365.3129	2.24e+08	0				13_HMG20A	1	1	1	1.95	1	1	4								1.702244	1.130978	2.141198	.4531975	-.3050467	1.699178	1.930286	1.930286	1.906358	1.906358	1.395747	1.813418	1.570585	1.570585	-.0583267	-1.031459	-1.136341	1.802743	1.813418	.8925596	.9368471	1.570585	1.679661
InsH2Bfabp_CD15_09dpf_VAST02_plate01_HMG20A_200930_G04	200930	1	NC712	insH2Bfabp	CD15	HMG20A	1	0	0	2	1	9	.1492742	0	1	15.252687	1.1570064	.3012643	.4764144	1.6367736	1	30	30	231278	4535	4007	12072	3153	51	2.872e+09	1	2895430	124397	115	202	170	116	24	259198	1552	13637.437	13261.938	2.12e+07	-1248.09	-1.06e+08	0	3921.385	903631.9	1195930	13_HMG20A	1	1	1	4.35	1	1	4	-.0374211	-.2649541	-.2649541	.2649541	-1.290233	.8031726	-1.008045	1.37428	.7936154	1.746955	-.0918348	1.21822	-1.930286	-1.194857	-1.291794	-1.505968	-1.672937	0	-.8499573	-.9368471	-.9368471	-.4846749	.4200915	-.3572158	-.6013318	-.2957227	-.6929004	-.9830529	-.029151	-.326315
InsH2Bfabp_CD15_09dpf_VAST02_plate01_HMG20A_200930_B05	200930	1	NC715	insH2Bfabp	CD15	HMG20A	1	0	0	2	1	9	.984498	1	2	12.3448	.8847696	.22198422	.3743256	1.4029488	1	33	33															79	431438	6264	7806.6307	6919.9918	4.89e+07	296.8602	9464812	0	3639.462	864094.6	1176760	13_HMG20A	1	2	1	4.55	2	1	4	-1.216274	-.7843482	-.5073057	-.2263933	-.1333212		-.7344303	.6493239	.3507093	.8946621	-.6428442	.2512085	-.9555776	-.0671924	-.1573107	-.6020065	.2387225													
InsH2Bfabp_CD15_09dpf_VAST02_plate02_HMG20A_200930_F01	200930	2	NC754	insH2Bfabp	CD15	HMG20A	1	0	0	2	1	9	1	1	2	8.3500055	.2382072	.42811243	.1361184	.5455912	1	23	72	249733	3083	3041	11658	4030	81	2.843e+09	1	4675779	153758	159	272	193	116	72	705876	5576	6721.0942	6366.1136	3.75e+07	-144.5097	5724421	0	4078.834	1029870	1381699	13_HMG20A	1	2	2	9.383333	2	1	4	.7843482	.8906177	.8363019	.5944087	.7229722	.217107	.8363019	-1.42823	-1.348744	-.8946621	.9512777	-1.21822	1.194857	-.295179	-.3422765	-.9929082	.1423641	1.813418	-.6205683	-1.255486	-1.255486	-.5513477	.2957227	.6205683	.6744897	.3572158	1.193795	.7690553	.7690553	-.326315
InsH2Bfabp_CD15_09dpf_VAST02_plate01_HMG20A_200930_B01	200930	1	NC684	insH2Bfabp	CD15	HMG20A	1	0	0	2	1	9	.7801016	1	2	15.460393	.7826808	.61838462	.340296	1.4029488	1	2	2	358352	5688	4574	15401	4822	63	5.465e+09	1	4674560	183135	122	277	214	152	104	544976	8240	15166.516	13163.346	1.25e+08	395.6526	-1073070	0	3774.526	884581	1245666	13_HMG20A	1	2	1	2.016667	2	1	4	-.7843482	-.5073057	0	-.6862788	-.7229722	-.1771698	.3433392	.3722894	.3507093	.5881202	2.047078	1.415149	.0223825	.3186394	.3422765	.6020065	.0473125	.6205683	.6205683	-.1168527	-.2957227	1.255486	1.136341	1.255486	.6013318	1.031459	-.4200915	.8499573	1.255486	1.679661
InsH2Bfabp_CD15_09dpf_VAST02_plate01_HMG20A_200930_H02	200930	1	NC698	insH2Bfabp	CD15	HMG20A	1	0	0	2	1	9	.9958217	1	2	17.641309	1.1570064	.53910454	.4423848	1.4029488	1	16	16	315576	5954	7081	9288	3597	53	2.874e+09	2	3554619	123575	114	342	158	110	220	681838	17721	18122.197	15787.587	3.21e+08	299.3112	1.59e+08	0	4230.688	1041983	1458725	13_HMG20A	1	2	1	3.283333	2	1	4	1.391153	1.072307	1.391153	1.391153	.0950912	.4668251	2.006752	1.37428	.3507093	1.400745	1.698407	2.244607	.8871465	1.699178	1.699178	1.672937	1.672937	.1462539	-.0583267	.1757821	1.395747	-.4200915	-.4200915	.1757821	.0896424	-.3572158	-.7690553	1.395747	-.3884616	-.6205683
InsH2Bfabp_CD15_09dpf_VAST02_plate01_HMG20A_200930_F05	200930	1	NC719	insH2Bfabp	CD15	HMG20A	1	0	0	2	1	9	1	1	2	14.006449	1.4632728	.42811243	.4764144	1.4029488	1	37	37															31	434490	2368	10318.957	10490.134	2.44e+07	-1342.929	-6.45e+07	0	4108.652	1084017	1492700	13_HMG20A	1	2	1	5.016667	2	1	4	1.008045	1.391153	1.782751	.6862788	1.207414	.5109658	1.216274	1.907533	.3507093	1.746955	.9512777	.8038431	-.8226373	-1.108011	-1.108011	-1.161883	-1.073562													
InsH2Bfabp_CD15_09dpf_VAST02_plate02_HMG20A_200930_H03	200930	2	NC770	insH2Bfabp	CD15	HMG20A	1	0	0	2	1	9	1	1	2	10.852837	.4083552	.38054438	.2722368	1.2470656	1	39	88																								3786.726	831346.1	1091300	13_HMG20A	1	2	2	10.56667	2	1	4	-.7344303	-1.391153	-1.29875	-1.216274	-1.13214	.0587829	.5944087	-.9728152	.1114111	-.1726797	.4531975	-.2512085																		
InsH2Bfabp_CD15_09dpf_VAST02_plate01_HMG20A_200930_H05	200930	1	NC721	insH2Bfabp	CD15	HMG20A	1	0	0	2	1	9	1	1	2	13.487184	.0680592	.06342406	.170148	.6235328	1	39	39	35156	2344	1566	830	325	15	29321192	1	3406549	98386	89	643	141	46	71	284134	5872	8370.6495	7185.3117	4.92e+07	552.3088	6035953	0	3741.307	872049.9	1208267	13_HMG20A	1	2	1	5.25	2	1	4	-.9476973	-.6862788	-.1881663	-.8363019	-.2888094	.4235761	1.497249	-1.746955	-1.093456	-.6368945	-2.250926	.5921965	-1.534121	-.390146	-.2028072	-.5462332	.1903223	-1.679661	-1.570585	-1.395747	-1.570585	-1.813418	-1.570585	-1.570585	-.0896424	-1.136341	-1.136341	2.269206	-.9368471	-1.570585
InsH2Bfabp_CD15_09dpf_VAST02_plate01_HMG20A_200930_F08	200930	1	NC738	insH2Bfabp	CD15	HMG20A	1	0	0	2	1	9	.9754127	1	2	11.929387	1.0889472	.41225642	.1020888	1.6367736	1	7	56	252072	6002	4413	11769	4178	42	2.916e+09	1	3126972	120388	136	240	140	111	77	619553	6676	12583.189	10825.076	8.40e+07	531.761	-9602773	0	4069.282	992232.1	1370618	13_HMG20A	1	2	2	8.166667	2	1	4	.6862788	.6396686	.6862788	.1502124	.0189907	-.7502154	.4651961	1.232555	.7936154	-1.300153	.7876622	.1350631	.5924169	-.1346898	-.1121376	.0473125	-.1903223	-.8499573	-.5513477	.2353289	-.5513477	-.2353289	.3572158	.7690553	-.3343768	-.4846749	.2654048	0	-1.031459	-.5513477
InsH2Bfabp_CD15_09dpf_VAST02_plate02_HMG20A_200930_H01	200930	2	NC756	insH2Bfabp	CD15	HMG20A	1	0	0	2	1	9	1	1	2	12.998121	.4764144	.3012643	.2382072	.7014744	1	25	74																							0	3788.131	911004	1228918	13_HMG20A	1	2	2	9.55	2	1	4	-.6862788	-.2263933	-.0748947	.0748947	-.5819415	.3393116	-.0374211	-.766215	-.835874	-.4381324	-.0918348	.4612377																		
InsH2Bfabp_CD15_09dpf_VAST02_plate02_HMG20A_200930_B01	200930	2	NC750	insH2Bfabp	CD15	HMG20A	1	0	0	2	1	9	.048232	0	1	14.428311	.5785032	.3964004	.170148	1.0911824	1	19	68	239960	5580	4686	8822	2574	43	2.124e+09	2	3136979	129479	127	238	167	123	124	516812	9403	7045.659	7364.822	6.63e+07	-981.4541	2.06e+07	3	4025.994	980672.9	1328449	13_HMG20A	1	2	2	9.116667	2	1	4	.5073057	.5503351	.5944087	.4238958	-.0569997	-.6024495	-2.006752	-.4159872	-.1215874	-.6368945	.6428442	.8624685	-.2028072	.5924169	.5398714	-.1903223	.4393922	-.656305	-.6929004	-.2353289	-.2353289	-.6205683	-.5513477	-.6929004	-.27188	-.1168527	-.1757821	-.0583267	-.2353289	.3884616
InsH2Bfabp_CD15_09dpf_VAST02_plate01_HMG20A_200930_B09	200930	1	NC742	insH2Bfabp	CD15	HMG20A	1	0	0	2	1	9	0	0	1	4.0365505	.3743256	.0951361	.170148	.3117664	1	11	60	422708	5791	6066	11092	2941	73	4.873e+09	2	6436394	163267	162	262	173	142	74	396140	5647	10342.979	8755.4434	5.84e+07	698.5574	-6490925	0	3922.577	870913.4	1102051	13_HMG20A	1	2	2	8.45	2	1	4	0	-.7344303	-1.141333	1.497249	.2888094	.6024495	.7843482	-1.170163	-2.050429	-.6368945	-1.791764	-1.896824	-1.291794	-.2028072	-.2487277	-.3373553	-.0947312	1.031459	1.031459	.0583267	.8499573	.8499573	0	-.5513477	1.558784	.5513477	1.395747	.4846749	.0875522	1.395747
InsH2Bfabp_CD15_09dpf_VAST02_plate02_HMG20A_200930_B02	200930	2	NC758	insH2Bfabp	CD15	HMG20A	1	0	0	2	1	9	.0716998	0	1	15.977683	.8847696	.52324853	.0680592	.7014744	1	27	76	399672	6149	6662	12756	3289	65	5.312e+09	1	4579360	164403	159	221	175	135	72	693406	5568	15544.742	14779.94	8.66e+07	-1106.239	-6.19e+07	40	4330.356	1087696	1453536	13_HMG20A	1	2	2	9.65	2	1	4	2.006752	1.497249	1.29875	.9476973	1.77585	.0980721	.2263933	.6493239	-.835874	-1.795459	1.617868	1.609816	1.028805	-.295179	-.390146	.0947312	-.9182451	.7690553	.7690553	.3572158	1.136341	1.136341	.5513477	-.1168527	.4637077	.6205683	1.193795	-.3884616	.326315	1.082411
InsH2Bfabp_CD15_09dpf_VAST02_plate02_HMG20A_200930_F03	200930	2	NC768	insH2Bfabp	CD15	HMG20A	1	0	0	2	1	9	.7483995	1	2	6.3239037	.4423848	.12684813	.2722368	.8573576	1	37	86	319514	6521	5427	14585	5313	49	4.491e+09	2	4612709	145061	143	282	168	101	116	597400	9256	6015.4461	5689.0134	5.57e+07	-62.68242	3.33e+07	0				13_HMG20A	1	2	2	10.45	2	1	4								-.8648943	-.4492854	-.1726797	-1.513781	-1.538334	.390146	.5398714	.4887764	-.3878687	.7197189	-.2654048	.1168527	.6929004	.2957227	.6929004	.8499573	1.395747	.5312607	.2957227	.4846749	1.031459	-.1757821	-1.031459
InsH2Bfabp_CD15_09dpf_VAST02_plate01_HMG20A_200930_F07	200930	1	NC731	insH2Bfabp	CD15	HMG20A	1	0	0	2	1	9	1	1	2	13.591037	1.2250656	.50739251	.4083552	2.1823648	1	49	49															313	824987	23909	18068.556	16302.471	4.32e+08	-353.1459	2.62e+08	2	4315.929	1130583	1511496	13_HMG20A	1	2	1	7.233333	2	1	4	1.782751	1.782751	2.006752	1.782751	2.428737	-1.272699	.6862788	1.585278	1.702244	1.150349	1.513781	.6170677	1.930286	2.368567	2.368567	2.34813	2.34813													
InsH2Bfabp_CD15_09dpf_VAST02_plate01_HMG20A_200930_D01	200930	1	NC686	insH2Bfabp	CD15	HMG20A	1	0	0	2	1	9	.9864922	1	2	9.5407656	.680592	.26955227	.3062664	1.0911824	1	4	4	82291	1914	2592	534	113	43	42546536	3	9801	2290	25	42	21	19	43	417168	3408	19008.432	14677.909	6.48e+07	2476.115	-8.23e+07	0	3443.721	793214.4	1007814	13_HMG20A	1	2	1	2.15	2	1	4	-1.782751	-1.782751	-1.782751	-.7344303	.4941332	1.366204	-1.623523	0	-.1215874	.224227	-.2892923	-.7342278	-1.108011	-.8544474	-.8226373	-.2387225	-1.37281	-.656305	-1.255486	-1.570585	-1.395747	-1.570585	-1.813418	-1.813418	-1.802743	-1.813418	-1.813418	-1.813418	-1.813418	-1.813418
InsH2Bfabp_CD15_09dpf_VAST02_plate01_HMG20A_200930_F04	200930	1	NC711	insH2Bfabp	CD15	HMG20A	1	0	0	2	1	9	.0598076	0	1	8.8137937	.3743256	.12684813	.2382072	1.6367736	1	29	29	505443	8567	7643	17006	4725	59	8.239e+09	1	3844997	158621	134	237	182	133	101	433634	6960	15161.992	14059.919	1.06e+08	-651.5967	-3.30e+07	0	3790.227	900611.3	1191564	13_HMG20A	1	2	1	4.283333	2	1	4	-.6396686	-.3039132	-.3833065	-.3833065	1.616156	-.8031726	-.5073057	-1.170163	.7936154	-.4381324	-1.513781	-1.024106	-.8871465	.2028072	.0223825	.4393922	-.6020065	.2654048	1.395747	1.813418	1.813418	2.269206	1.813418	1.082411	.2104284	.4200915	.1757821	-.1168527	.5513477	.9368471
InsH2Bfabp_CD15_09dpf_VAST02_plate01_HMG20A_200930_D03	200930	1	NC702	insH2Bfabp	CD15	HMG20A	1	0	0	2	1	9	.9677915	1	2	14.941128	.85074	.31712032	.4083552	1.558832	1	20	20	233164	5422	5657	8268	2468	43	1.837e+09	1	2575843	105582	117	219	142	105	2	616965	80	14673.288	14276.031	1173863	-1391.641	-1.40e+08	11	4144.096	1049415	1430074	13_HMG20A	1	2	1	3.566667	2	1	4	1.141333	1.141333	1.141333	.7344303	2.000424	-.8584844	1.391153	.5407068	.7000902	1.150349	.0611754	1.059755	.5398714	-1.534121	-1.534121	-2.34813	-2.34813	-.656305	-.7690553	-.4200915	.5513477	-.8499573	-.6929004	-.7690553	-1.016222	-.8499573	-.6205683	-.4846749	-.8499573	-.7690553
InsH2Bfabp_CD15_09dpf_VAST02_plate01_HMG20A_200930_F02	200930	1	NC696	insH2Bfabp	CD15	HMG20A	1	0	0	2	1	9	.9528302	1	2	9.0215	.6465624	.42811243	.170148	.779416	1	14	14																							0	3602.416	818695.4	1089490	13_HMG20A	1	2	1	3.066667	2	1	4	-1.391153	-1.623523	-1.391153	-1.391153	.4099833	.0195843	.1881663	-.1624294	-.5881202	-.6368945	.9512777	-.9084579																		
InsH2Bfabp_CD15_09dpf_VAST02_plate01_HMG20A_200930_F09	200930	1	NC746	insH2Bfabp	CD15	HMG20A	1	0	0	2	1	9	.0596132	0	1	4.2442567	.7826808	.17441618	.2722368	.7014744	1	15	64															213	592198	16352	15179.245	13092.407	2.48e+08	490.8837	1.23e+08	13	4018.92	1052331	1381235	13_HMG20A	1	2	2	8.716666	2	1	4	.4651961	1.216274	.7843482	1.29875	.9375322	1.272699	1.072307	.3722894	-.835874	-.1726797	-1.08839	-1.784268	.3422765	1.534121	1.534121	1.37281	1.505968													
InsH2Bfabp_CD15_09dpf_VAST02_plate01_HMG20A_200930_D08	200930	1	NC736	insH2Bfabp	CD15	HMG20A	1	0	0	2	1	9	.0386979	0	1	10.890856	.85074	.38054438	.4083552	1.4808904	1	5	54															102	464076	7128	12230.562	10564.604	8.72e+07	482.0657	-2815373	17	3869.368	948567.5	1205351	13_HMG20A	1	2	2	7.983333	2	1	4	-.3433392	.1502124	-.2263933	1.623523	-.773217	1.473468	-.9476973	.5407068	.6001788	1.150349	.4531975	-.2086637	-.5398714	.2487277	.1573107	.1423641	0													
InsH2Bfabp_CD15_09dpf_VAST02_plate01_HMG20A_200930_B07	200930	1	NC834	insH2Bfabp	CD15	HMG20A	1	0	0	2	1	9	.0218334	0	1	10.267737	.9187992	.3012643	.3743256	1.4029488	1	5	152																								3911.42	954234.9	1270055	13_HMG20A	1	2	4	7.033333	2	1	4	-.1124738	.2263933	.2649541	1.216274	.3690087	.5561256	-.2649541	.7393782	.3507093	.8946621	-.0918348	-.5196525																		
InsH2Bfabp_CD15_09dpf_VAST02_plate02_HMG20A_200930_D02	200930	2	NC760	insH2Bfabp	CD15	HMG20A	1	0	0	2	1	9	1	1	2	11.329567	.3062664	.3012643	.1020888	.4676496	1	29	78															70	513614	4880	7325.9139	7329.3333	3.58e+07	-659.9255	-9363943	9	3771.469	877238.8	1178330	13_HMG20A	1	2	2	9.816667	2	1	4	-.8363019	-.5944087	-.4651961	-.0374211	-1.062786	.9778975	.3039132	-1.37428	-1.621835	-1.300153	-.0918348	-.0829588	-.2487277	-.4389272	-.5398714	-1.073562	-.1423641													
InsH2Bfabp_CD15_09dpf_VAST02_plate01_HMG20A_200930_B04	200930	1	NC708	insH2Bfabp	CD15	HMG20A	1	0	0	2	1	9	.1957071	0	1	10.994709	.7826808	.23784024	.2722368	1.4029488	1	26	26															0	674812	0		12918.717				0	3924.851	975783.1	1361078	13_HMG20A	1	2	1	4.05	2	1	4	.0374211	.4651961	.6396686	.5073057	.1333212	-.6992833	-.1502124	.3722894	.3507093	-.1726797	-.5220637	-.1350631	.8226373	-1.930286	-1.930286															
InsH2Bfabp_CD15_09dpf_VAST02_plate01_HMG20A_200930_B08	200930	1	NC734	insH2Bfabp	CD15	HMG20A	1	0	0	2	1	9	0	0	1	12.03324	.8847696	.42811243	.5444736	2.0264816	1	3	52	86838	4135	4568	4236	1132	21	3.543e+08	1	823286	47434	70	190	138	49	23	614856	1856	12703.345	10186.176	2.36e+07	1394.964	-6.12e+07	15	3816.15	990557.3	1258092	13_HMG20A	1	2	2	7.633333	2	1	4	-.5944087	.5944087	.0374211	-.8906177	.4516583	-.9165567	-.4238958	.6493239	1.400745	2.141198	.9512777	.1875369	.4887764	-1.291794	-1.194857	-1.37281	-.8483799	-1.395747	-1.136341	-1.136341	-.3572158	-1.255486	-1.255486	-1.395747	-1.558784	-1.395747	-1.395747	-1.193795	-1.136341	-1.395747
InsH2Bfabp_CD15_09dpf_VAST02_plate01_HMG20A_200930_H03	200930	1	NC706	insH2Bfabp	CD15	HMG20A	1	0	0	2	1	9	.9919373	1	2	9.1253531	.3743256	.19027219	.2041776	.8573576	1	24	24															43	204404	3456	13937.204	12079.518	4.82e+07	426.8446	-6.28e+07	0	3649.014	825409.6	1025982	13_HMG20A	1	2	1	3.833333	2	1	4	-1.141333	-1.497249	-1.623523	-1.141333	-.0189907	.2981024	-.1881663	-1.170163	-.4492854	-.5407068	-.9042674	-.84754	-2.368567	-.8544474	-.7613826	-.6597193	-.9929082													
InsH2Bfabp_CD15_09dpf_VAST02_plate02_HMG20A_200930_H02	200930	2	NC764	insH2Bfabp	CD15	HMG20A	1	0	0	2	1	9	1	1	2	8.5883705	.4423848	.23784024	.2722368	.5455912	1	33	82																								3958.82	935632.6	1259034	13_HMG20A	1	2	2	10.11667	2	1	4	.2263933	.0374211	.1124738	-.0748947	-.2494273	1.189164	.8906177	-.8648943	-1.348744	-.1726797	-.5220637	-1.059755																		
InsH2Bfabp_CD15_09dpf_VAST02_plate01_HMG20A_200930_H06	200930	1	NC726	insH2Bfabp	CD15	HMG20A	1	0	0	2	1	9	0	0	1	11.825534	.8167104	.34883235	.3743256	.9352992	1	44	44	292401	6092	4485	13814	3619	48	3.946e+09	1	3055793	129171	123	217	157	114	208	563530	14848	18534.517	16131.266	2.75e+08	311.9285	1.08e+08	14	3943.179	886704.4	1162300	13_HMG20A	1	2	1	6.75	2	1	4	.0748947	-.4651961	-.5944087	-.1502124	.773217	-1.189164	-1.072307	.4717619	-.3507093	.8946621	.2575581	.1037656	.1573107	1.402673	1.291794	1.505968	1.37281	-.3884616	-.2353289	.2957227	-.4846749	.4200915	.7690553	.2353289	-.4637077	-.1757821	-.3572158	-.5856072	-.5177236	-.4521474
InsH2Bfabp_CD15_09dpf_VAST02_plate01_HMG20A_200930_D07	200930	1	NC729	insH2Bfabp	CD15	HMG20A	1	0	0	2	1	9	.0358387	0	1	8.5022344	.6125328	.33297634	.2722368	.779416	1	47	47	424953	6159	5126	15464	3934	69	6.302e+09	1	4197239	172591	131	259	220	135	105	497150	7263	9358.9352	8647.9949	6.80e+07	-160.523	4566765	0	3974.669	897650.4	1184565	13_HMG20A	1	2	1	7.116667	2	1	4	.3039132	-.3833065	-.4238958	-.1881663	-.4516583	-.2573935	-.1124738	-.2868939	-.5881202	-.1726797	.1948269	-1.175813	-.390146	.390146	.2487277	-.1423641	.0947312	.8499573	1.136341	.4200915	0	1.570585	1.395747	.4846749	.3982089	.8499573	0	.4200915	1.395747	1.082411
InsH2Bfabp_CD15_09dpf_VAST02_plate01_HMG20A_200930_H08	200930	1	NC740	insH2Bfabp	CD15	HMG20A	1	0	0	2	1	9	.9845828	1	2	10.787003	.6125328	.20612821	.2041776	.779416	1	9	58	210921	5701	4215	9511	3989	37	2.063e+09	1	2459024	99292	119	181	157	106	132	434748	9698	10055.87	9761.4589	9.75e+07	-758.5594	1.87e+07	0	3837.263	875818.2	1152011	13_HMG20A	1	2	2	8.316667	2	1	4	-.5503351	-.6396686	-.8363019	-.5503351	-1.48947	.6992833	1.623523	-.2868939	-.5881202	-.5407068	-.7876622	-.2726478	-.7613826	.7028602	.6466521	.3373553	.3878687	-1.031459	-.9368471	-.0583267	-.8499573	-.6929004	-.3572158	.5513477	-1.1219	-1.031459	-.5513477	-1.395747	-.5177236	-.6929004
InsH2Bfabp_CD15_09dpf_VAST02_plate01_HMG20A_200930_H07	200930	1	NC733	insH2Bfabp	CD15	HMG20A	1	0	0	2	1	9	1	1	2	11.410122	.7826808	.34883235	.3062664	1.169124	1	2	51	435688	5888	5168	10065	3230	74	4.383e+09	1	4909950	203896	146	255	205	127	0	502108	0		14692.13				11	3842.503	898188.8	1164737	13_HMG20A	1	2	2	7.45	2	1	4	-.4651961	-.3433392	-.5503351	-1.497249	-.8801318	-.5109658	-.6862788	.3722894	.0202161	.224227	.2575581	-.0621879	-.3422765	-1.930286	-1.930286			1.136341	1.255486	.1168527	.1168527	.5513477	-.2353289	-.2353289	.920823	1.255486	.656305	.326315	1.031459	.5856072
InsH2Bfabp_CD15_09dpf_VAST02_plate02_HMG20A_200930_D01	200930	2	NC752	insH2Bfabp	CD15	HMG20A	1	0	0	2	1	9	1	1	2	13.951581	.5444736	.25369626	.2722368	1.4808904	1	21	70	276821	5223	6163	13564	3498	53	3.929e+09	1	3037939	125521	107	212	192	137	72	607456	5624	8092.7879	7742.1369	4.55e+07	-373.1469	-5327070	0	3913.835	955266.8	1274781	13_HMG20A	1	2	2	9.233334	2	1	4	-.0748947	.2649541	.3433392	-.1124738	.5819415	-.2981024	0	-.5407068	.6001788	-.1726797	-.3864182	.775547	.4389272	-.295179	-.295179	-.7197189	-.0473125	.1462539	-.3572158	-.6205683	.9368471	.3572158	.6929004	.1168527	-.5312607	-.2353289	-.9368471	-.6929004	.6929004	1.255486
InsH2Bfabp_CD15_09dpf_VAST02_plate01_HMG20A_200930_D02	200930	1	NC694	insH2Bfabp	CD15	HMG20A	1	0	0	2	1	9	.9911848	1	2	9.8523249	.5444736	.25369626	.340296	.779416	1	12	12																							0	3538.774	852251.3	1110710	13_HMG20A	1	2	1	2.9	2	1	4	-1.623523	-1.008045	-1.072307	-.7843482	-.9982012	.3811055	-1.216274	-.5407068	-.5881202	.5881202	-.3864182	-.6680021																		
InsH2Bfabp_CD15_09dpf_VAST02_plate02_HMG20A_200930_C03	200930	2	NC766	insH2Bfabp	CD15	HMG20A	1	0	0	2	1	9	.9737431	1	2	8.1116406	.3743256	.31712032	.2722368	.9352992	1	35	84	353049	5516	5266	17435	5781	64	5.638e+09	2	4119105	139969	144	229	178	114	95	520894	7111	7092.6272	6633.8986	5.04e+07	-84.41373	1.50e+07	9	3863.873	881739.8	1155600	13_HMG20A	1	2	2	10.31667	2	1	4	-.3833065	-.5503351	-.6862788	-.4651961	-.6275435	.7502154	-.4651961	-1.170163	-.3507093	-.1726797	.0611754	-1.262938	-.1121376	.1121376	.1121376	-.4921101	.3373553	.6929004	.5513477	-.2957227	.1757821	1.395747	2.269206	1.813418	.3343768	.1757821	.5513477	-.2957227	.4846749	-.4521474
InsH2Bfabp_CD15_09dpf_VAST02_plate01_HMG20A_200930_B06	200930	1	NC723	insH2Bfabp	CD15	HMG20A	1	0	0	2	1	9	1	1	2	10.890856	.9187992	.22198422	.340296	1.7147152	1	41	41															44	476646	2992	19822.764	17634.823	5.93e+07	-148.479	-1.29e+08	0	4273.02	1132183	1488557	13_HMG20A	1	2	1	5.783333	2	1	4	1.623523	2.006752	1.623523	2.434185	1.290233	1.76167	.4238958	.7393782	.909847	.5881202	-.6428442	-.2086637	-.4887764	-.7613826	-.9555776	-.2876889	-1.906358													
InsH2Bfabp_CD15_10dpf_VAST02_plate01_HMG20A_201001_A07	201001	1	NC816	insH2Bfabp	CD15	HMG20A	1	0	0	2	1	10	.159204	0	1	12.761682	.680592	.28540829	.3062664	2.1044232	1	36	134																											13_HMG20A	1	3	3		3	1	4								0	1.621835	.224227	-.2156401	.3931416																		
InsH2Bfabp_CD15_10dpf_VAST02_plate01_HMG20A_201001_G05	201001	1	NC808	insH2Bfabp	CD15	HMG20A	1	0	0	2	1	10	0	0	1	15.231871	.680592	.19027219	.340296	1.7926568	1	28	126																											13_HMG20A	1	3	3		3	1	4								0	1.022696	.5881202	-.9042674	1.155382																		
InsH2Bfabp_CD15_10dpf_VAST02_plate01_HMG20A_201001_A03	201001	1	NC788	insH2Bfabp	CD15	HMG20A	1	0	0	2	1	10	.9730132	1	2	13.447845	.680592	.31712032	.0680592	.5455912	1	8	106																											13_HMG20A	1	3	3		3	1	4								0	-1.348744	-1.795459	.0611754	.555559																		
InsH2Bfabp_CD15_10dpf_VAST02_plate01_HMG20A_201001_A08	201001	1	NC822	insH2Bfabp	CD15	HMG20A	1	0	0	2	1	10	.0963162	0	1		.1020888	.20612821	.1020888	.7014744	1	42	140																											13_HMG20A	1	3	3		3	1	4								-1.585278	-.835874	-1.300153	-.7876622																			
InsH2Bfabp_CD15_10dpf_VAST02_plate01_HMG20A_201001_C01	201001	1	NC774	insH2Bfabp	CD15	HMG20A	1	0	0	2	1	10	.9459484	1	2	12.075518	.7146216	.01585602	.340296	1.0911824	1	43	92																											13_HMG20A	1	3	2		3	1	4								.1317762	-.1215874	.5881202	-2.646619	.2086637																		
InsH2Bfabp_CD15_10dpf_VAST02_plate01_HMG20A_201001_E02	201001	1	NC784	insH2Bfabp	CD15	HMG20A	1	0	0	2	1	10	.1763949	0	1	14.545707	1.0549176	.14270414	.340296	1.558832	1	4	102																											13_HMG20A	1	3	3		3	1	4								1.130978	.7000902	.5881202	-1.369856	.9084579																		
InsH2Bfabp_CD15_10dpf_VAST02_plate01_HMG20A_201001_A04	201001	1	NC796	insH2Bfabp	CD15	HMG20A	1	0	0	2	1	10	.0877419	0	1	15.094638	.0680592	.45982446	.0680592	1.8705984	1	16	114																											13_HMG20A	1	3	3		3	1	4								-1.746955	1.130978	-1.795459	1.206455	1.096804																		
InsH2Bfabp_CD15_10dpf_VAST02_plate01_HMG20A_201001_C03	201001	1	NC790	insH2Bfabp	CD15	HMG20A	1	0	0	2	1	10	.9138774	1	2	12.761682						10	108																											13_HMG20A	1	3	3		3	1	4												.3931416																		
InsH2Bfabp_CD15_10dpf_VAST02_plate01_HMG20A_201001_A05	201001	1	NC804	insH2Bfabp	CD15	HMG20A	1	0	0	2	1	10	.1044347	0	1	8.5074675	.510444	.28540829	.3062664	.9352992	1	24	122																											13_HMG20A	1	3	3		3	1	4								-.6618544	-.3507093	.224227	-.2156401	-1.115905																		
InsH2Bfabp_CD15_10dpf_VAST02_plate01_HMG20A_201001_E04	201001	1	NC800	insH2Bfabp	CD15	HMG20A	1	0	0	2	1	10	.0576008	0	1	11.526587	.7826808	.38054438	.3062664	1.7926568	1	20	118																											13_HMG20A	1	3	3		3	1	4								.3722894	1.022696	.224227	.4531975	-.0103582																		
InsH2Bfabp_CD15_10dpf_VAST02_plate01_HMG20A_201001_E07	201001	1	NC819	insH2Bfabp	CD15	HMG20A	1	0	0	2	1	10	.1095085	0	1	15.369103	.5444736	.17441618	.3062664	1.3250072	1	39	137																											13_HMG20A	1	3	3		3	1	4								-.5407068	.1726797	.224227	-1.08839	1.335178																		
InsH2Bfabp_CD15_10dpf_VAST02_plate01_HMG20A_201001_G09	201001	1	NC831	insH2Bfabp	CD15	HMG20A	1	0	0	2	1	10	1	1	2	10.977656	.7486512	.50739251	.1020888	.5455912	1	2	149																											13_HMG20A	1	3	4		3	1	4								.224227	-1.348744	-1.300153	1.513781	-.1664935																		
InsH2Bfabp_CD15_10dpf_VAST02_plate01_HMG20A_201001_E06	201001	1	NC814	insH2Bfabp	CD15	HMG20A	1	0	0	2	1	10	1	1	2	14.545707	1.70148	.42811243	.4083552	1.7147152	1	34	132																											13_HMG20A	1	3	3		3	1	4								2.649357	.909847	1.150349	.9512777	.9084579																		
InsH2Bfabp_CD15_10dpf_VAST02_plate01_HMG20A_201001_G01	201001	1	NC778	insH2Bfabp	CD15	HMG20A	1	0	0	2	1	10	.9623817	1	2	14.408474	.6465624	.33297634	.3062664	1.4029488	1	47	96																											13_HMG20A	1	3	2		3	1	4								-.1624294	.3507093	.224227	.1948269	.8327979																		
InsH2Bfabp_CD15_10dpf_VAST02_plate01_HMG20A_201001_E01	201001	1	NC776	insH2Bfabp	CD15	HMG20A	1	0	0	2	1	10	1	1	2	11.938285	1.020888		.2722368	1.4808904	1	45	94																											13_HMG20A	1	3	2		3	1	4								1.022696	.6001788	-.1726797		.1664935																		
InsH2Bfabp_CD15_10dpf_VAST02_plate01_HMG20A_201001_A01	201001	1	NC772	insH2Bfabp	CD15	HMG20A	1	0	0	2	1	10	.1377739	0	1	8.5074675	.7486512	.22198422	.2722368	1.0911824	1	41	90																											13_HMG20A	1	3	2		3	1	4								.224227	-.1215874	-.1726797	-.6428442	-1.115905																		
InsH2Bfabp_CD15_10dpf_VAST02_plate01_HMG20A_201001_C07	201001	1	NC818	insH2Bfabp	CD15	HMG20A	1	0	0	2	1	10	1	1	2	8.0957694	.0340296	.38054438	.1361184	2.0264816	1	38	136																											13_HMG20A	1	3	3		3	1	4								-2.050429	1.400745	-.8946621	.4531975	-1.310335																		
InsH2Bfabp_CD15_10dpf_VAST02_plate01_HMG20A_201001_G04	201001	1	NC802	insH2Bfabp	CD15	HMG20A	1	0	0	2	1	10	.9918378	1	2	14.68294	.9528288	.17441618	.3743256	1.4029488	1	22	120																											13_HMG20A	1	3	3		3	1	4								.835874	.3507093	.8946621	-1.08839	.9564539																		
InsH2Bfabp_CD15_10dpf_VAST02_plate01_HMG20A_201001_G03	201001	1	NC794	insH2Bfabp	CD15	HMG20A	1	0	0	2	1	10	1	1	2	3.1553915	.7486512	.17441618	.2722368	.9352992	1	14	112																											13_HMG20A	1	3	3		3	1	4								.224227	-.3507093	-.1726797	-1.08839	-2.64107																		
InsH2Bfabp_CD15_10dpf_VAST02_plate01_HMG20A_201001_H07	201001	1	NC821	insH2Bfabp	CD15	HMG20A	1	0	0	2	1	10	.1301381	0	1	10.017027	.4083552	.15856016	.3062664	1.0132408	1	41	139																											13_HMG20A	1	3	3		3	1	4								-.9728152	-.255435	.224227	-1.295575	-.5798979																		
InsH2Bfabp_CD15_10dpf_VAST02_plate01_HMG20A_201001_E05	201001	1	NC807	insH2Bfabp	CD15	HMG20A	1	0	0	2	1	10	1	1	2	8.9191657	.510444	.17441618	.2382072	.9352992	1	27	125																											13_HMG20A	1	3	3		3	1	4								-.6618544	-.3507093	-.4381324	-1.08839	-.9564539																		
InsH2Bfabp_CD15_10dpf_VAST02_plate01_HMG20A_201001_E03	201001	1	NC792	insH2Bfabp	CD15	HMG20A	1	0	0	2	1	10	1	1	2	12.487216	.85074	.15856016	.2722368	1.7147152	1	12	110																											13_HMG20A	1	3	3		3	1	4								.5407068	.909847	-.1726797	-1.295575	.3050467																		
InsH2Bfabp_CD15_10dpf_VAST02_plate01_HMG20A_201001_E08	201001	1	NC825	insH2Bfabp	CD15	HMG20A	1	0	0	2	1	10	1	1	2		.1361184	.36468837	.1361184	.7014744	1	45	143																											13_HMG20A	1	3	3		3	1	4								-1.48669	-.835874	-.8946621	.3106094																			
InsH2Bfabp_CD15_10dpf_VAST02_plate01_HMG20A_201001_C06	201001	1	NC812	insH2Bfabp	CD15	HMG20A	1	0	0	2	1	10	.6466258	1	2	15.918034	1.1570064	.47568048	.0680592	2.6500144	1	32	130																											13_HMG20A	1	3	3		3	1	4								1.37428	2.405983	-1.795459	1.31953	1.538334																		
InsH2Bfabp_CD15_10dpf_VAST02_plate01_HMG20A_201001_G02	201001	1	NC786	insH2Bfabp	CD15	HMG20A	1	0	0	2	1	10	.9782825	1	2	13.17338	.9868584	.44396845	.3743256	1.4029488	1	6	104																											13_HMG20A	1	3	3		3	1	4								.9252446	.3507093	.8946621	1.107003	.4960846																		
InsH2Bfabp_CD15_10dpf_VAST02_plate01_HMG20A_201001_A06	201001	1	NC810	insH2Bfabp	CD15	HMG20A	1	0	0	2	1	10	.0967322	0	1	10.565958	1.5653616	.20612821	.4423848	2.338248	1	30	128																											13_HMG20A	1	3	3		3	1	4								2.254042	1.848596	1.400745	-.7876622	-.3708573																		
InsH2Bfabp_CD15_10dpf_VAST02_plate01_HMG20A_201001_A02	201001	1	NC780	insH2Bfabp	CD15	HMG20A	1	0	0	2	1	10	.0973988	0	1	17.427594	1.4632728	.23784024	.3743256	2.338248	1	49	98																											13_HMG20A	1	3	2		3	1	4								1.907533	1.848596	.8946621	-.5220637	2.040281																		
InsH2Bfabp_CD15_10dpf_VAST02_plate01_HMG20A_201001_G08	201001	1	NC826	insH2Bfabp	CD15	HMG20A	1	0	0	2	1	10	.9585027	1	2	6.8606749	.3743256	.17441618	.1361184	.779416	1	46	144																											13_HMG20A	1	3	3		3	1	4								-1.170163	-.5881202	-.8946621	-1.08839	-1.473947																		
InsH2Bfabp_CD15_10dpf_VAST02_plate01_HMG20A_201001_B03	201001	1	NC789	insH2Bfabp	CD15	HMG20A	1	0	0	2	1	10	.9407232	1	2	10.291493	.5444736	.33297634	.3062664	1.0911824	1	9	107																											13_HMG20A	1	4	3		4	1	4								-.5407068	-.1215874	.224227	.1948269	-.4612377																		
InsH2Bfabp_CD15_10dpf_VAST02_plate01_HMG20A_201001_B04	201001	1	NC797	insH2Bfabp	CD15	HMG20A	1	0	0	2	1	10	1	1	2	13.310613	.9187992	.31712032	.4423848	1.2470656	1	17	115																											13_HMG20A	1	4	3		4	1	4								.7393782	.1114111	1.400745	.0611754	.5196525																		
InsH2Bfabp_CD15_10dpf_VAST02_plate01_HMG20A_201001_D02	201001	1	NC783	insH2Bfabp	CD15	HMG20A	1	0	0	2	1	10	.9598554	1	2	9.8797947	.5785032	.38054438	.3062664	.779416	1	3	101																											13_HMG20A	1	4	3		4	1	4								-.4159872	-.5881202	.224227	.4531975	-.6423266																		
InsH2Bfabp_CD15_10dpf_VAST02_plate01_HMG20A_201001_B01	201001	1	NC773	insH2Bfabp	CD15	HMG20A	1	0	0	2	1	10	.9574714	1	2	16.604198	1.4632728	.47568048	.4764144	1.6367736	1	42	91																											13_HMG20A	1	4	2		4	1	4								1.907533	.7936154	1.746955	1.31953	1.896824																		
InsH2Bfabp_CD15_10dpf_VAST02_plate01_HMG20A_201001_B07	201001	1	NC817	insH2Bfabp	CD15	HMG20A	1	0	0	2	1	10	.090791	0	1	11.526587	.7486512	.3964004	.3743256	2.0264816	1	37	135																											13_HMG20A	1	4	3		4	1	4								.224227	1.400745	.8946621	.6428442	-.0103582																		
InsH2Bfabp_CD15_10dpf_VAST02_plate01_HMG20A_201001_D03	201001	1	NC791	insH2Bfabp	CD15	HMG20A	1	0	0	2	1	10	1	1	2	19.486085	1.2250656	.28540829	.4423848	2.6500144	1	11	109																											13_HMG20A	1	4	3		4	1	4								1.585278	2.405983	1.400745	-.2156401	2.64107																		
InsH2Bfabp_CD15_10dpf_VAST02_plate01_HMG20A_201001_B08	201001	1	NC823	insH2Bfabp	CD15	HMG20A	1	0	0	2	1	10	.0781614	0	1	5.7628131	.1020888	.19027219	.1361184	1.4029488	1	43	141																											13_HMG20A	1	4	3		4	1	4								-1.585278	.3507093	-.8946621	-.9042674	-1.609816																		
InsH2Bfabp_CD15_10dpf_VAST02_plate01_HMG20A_201001_H03	201001	1	NC795	insH2Bfabp	CD15	HMG20A	1	0	0	2	1	10	.9685401	1	2	13.447845	.510444	.25369626	.2722368	.779416	1	15	113																											13_HMG20A	1	4	3		4	1	4								-.6618544	-.5881202	-.1726797	-.3864182	.555559																		
InsH2Bfabp_CD15_10dpf_VAST02_plate01_HMG20A_201001_H01	201001	1	NC779	insH2Bfabp	CD15	HMG20A	1	0	0	2	1	10	1	1	2	12.487216	.6465624	.12684813	.3062664	1.0911824	1	48	97																											13_HMG20A	1	4	2		4	1	4								-.1624294	-.1215874	.224227	-1.513781	.3050467																		
InsH2Bfabp_CD15_10dpf_VAST02_plate01_HMG20A_201001_F07	201001	1	NC820	insH2Bfabp	CD15	HMG20A	1	0	0	2	1	10	.1877388	0	1	15.369103	1.020888	.4915365	.340296	2.4161896	1	40	138																											13_HMG20A	1	4	3		4	1	4								1.022696	2.050429	.5881202	1.423913	1.335178																		
InsH2Bfabp_CD15_10dpf_VAST02_plate01_HMG20A_201001_F02	201001	1	NC785	insH2Bfabp	CD15	HMG20A	1	0	0	2	1	10	1	1	2	7.9585366	.4764144	.20612821	.2722368	.8573576	1	5	103																											13_HMG20A	1	4	3		4	1	4								-.766215	-.4492854	-.1726797	-.7876622	-1.360873																		
InsH2Bfabp_CD15_10dpf_VAST02_plate01_HMG20A_201001_H05	201001	1	NC809	insH2Bfabp	CD15	HMG20A	1	0	0	2	1	10	.1089207	0	1	10.565958	.3743256	.3012643	.2382072	.9352992	1	29	127																											13_HMG20A	1	4	3		4	1	4								-1.170163	-.3507093	-.4381324	-.0918348	-.3708573																		
InsH2Bfabp_CD15_10dpf_VAST02_plate01_HMG20A_201001_F03	201001	1	NC793	insH2Bfabp	CD15	HMG20A	1	0	0	2	1	10	.942421	1	2	12.349984	.9528288	.31712032	.2722368	1.0132408	1	13	111																											13_HMG20A	1	4	3		4	1	4								.835874	-.255435	-.1726797	.0611754	.2726478																		
InsH2Bfabp_CD15_10dpf_VAST02_plate01_HMG20A_201001_B06	201001	1	NC811	insH2Bfabp	CD15	HMG20A	1	0	0	2	1	10	.0609522	0	1	9.1936311	.5444736	.41225642	.2041776	1.0132408	1	31	129																											13_HMG20A	1	4	3		4	1	4								-.5407068	-.255435	-.5407068	.7876622	-.8038431																		
InsH2Bfabp_CD15_10dpf_VAST02_plate01_HMG20A_201001_F01	201001	1	NC777	insH2Bfabp	CD15	HMG20A	1	0	0	2	1	10	.9682602	1	2	11.526587	.6465624	.41225642	.3062664	.5455912	1	46	95																											13_HMG20A	1	4	2		4	1	4								-.1624294	-1.348744	.224227	.7876622	-.0103582																		
InsH2Bfabp_CD15_10dpf_VAST02_plate01_HMG20A_201001_D04	201001	1	NC799	insH2Bfabp	CD15	HMG20A	1	0	0	2	1	10	.9543095	1	2	13.722311	.7826808	.25369626	.340296	1.2470656	1	19	117																											13_HMG20A	1	4	3		4	1	4								.3722894	.1114111	.5881202	-.3864182	.6680021																		
InsH2Bfabp_CD15_10dpf_VAST02_plate01_HMG20A_201001_C09	201001	1	NC827	insH2Bfabp	CD15	HMG20A	1	0	0	2	1	10	1	1	2	7.1351403	.8847696	.07928008	.340296	2.0264816	1	47	145																											13_HMG20A	1	4	3		4	1	4								.6493239	1.400745	.5881202	-2.047078	-1.415149																		
InsH2Bfabp_CD15_10dpf_VAST02_plate01_HMG20A_201001_B02	201001	1	NC781	insH2Bfabp	CD15	HMG20A	1	0	0	2	1	10	.1228351	0	1	10.291493	.7146216	.23784024	.2722368	.779416	1	1	99																											13_HMG20A	1	4	3		4	1	4								.1317762	-.5881202	-.1726797	-.5220637	-.4612377																		
InsH2Bfabp_CD15_10dpf_VAST02_plate01_HMG20A_201001_B05	201001	1	NC805	insH2Bfabp	CD15	HMG20A	1	0	0	2	1	10	1	1	2	15.231871	.5785032	.36468837	.340296	1.4029488	1	25	123																											13_HMG20A	1	4	3		4	1	4								-.4159872	.3507093	.5881202	.3106094	1.155382																		
InsH2Bfabp_CD15_10dpf_VAST02_plate01_HMG20A_201001_H04	201001	1	NC803	insH2Bfabp	CD15	HMG20A	1	0	0	2	1	10	.9680669	1	2	11.526587	.680592	.12684813	.3062664	1.169124	1	23	121																											13_HMG20A	1	4	3		4	1	4								0	.0202161	.224227	-1.513781	-.0103582																		
InsH2Bfabp_CD15_10dpf_VAST02_plate01_HMG20A_201001_D01	201001	1	NC775	insH2Bfabp	CD15	HMG20A	1	0	0	2	1	10	.9363935	1	2	9.3308638	.6465624	.22198422	.2722368	1.0911824	1	44	93																											13_HMG20A	1	4	2		4	1	4								-.1624294	-.1215874	-.1726797	-.6428442	-.775547																		
InsH2Bfabp_CD15_10dpf_VAST02_plate01_HMG20A_201001_D09	201001	1	NC828	insH2Bfabp	CD15	HMG20A	1	0	0	2	1	10	.9912806	1	2	12.898914	.6125328	.44396845	.0680592	1.4029488	1	48	146																											13_HMG20A	1	4	3		4	1	4								-.2868939	.3507093	-1.795459	1.107003	.4269421																		
InsH2Bfabp_CD15_10dpf_VAST02_plate01_HMG20A_201001_H02	201001	1	NC787	insH2Bfabp	CD15	HMG20A	1	0	0	2	1	10	1	1	2	11.66382	.6125328	.17441618	.3743256	1.169124	1	7	105																											13_HMG20A	1	4	3		4	1	4								-.2868939	.0202161	.8946621	-1.08839	.0621879																		
InsH2Bfabp_CD15_10dpf_VAST02_plate01_HMG20A_201001_F04	201001	1	NC801	insH2Bfabp	CD15	HMG20A	1	0	0	2	1	10	1	1	2	11.801053	.7486512	.28540829	.340296	1.4808904	1	21	119																											13_HMG20A	1	4	3		4	1	4								.224227	.6001788	.5881202	-.2156401	.0829588																		
InsH2Bfabp_CD15_10dpf_VAST02_plate01_HMG20A_201001_F09	201001	1	NC830	insH2Bfabp	CD15	HMG20A	1	0	0	2	1	10	1	1	2	10.017027	.7826808	.74523275	.1020888	1.2470656	1	1	148																											13_HMG20A	1	4	4		4	1	4								.3722894	.1114111	-1.300153	2.646619	-.5798979																		
