filename	date	plate	index	line	diet	Exp	overfeeding	cholesterol	glucose	VAST	Imaged	age	ctbp2_nwt	ctbp2_dich	qRNA	protein	ldl	gluc	tc	tg	Anders_batch	pos_bio	Löpnr	Volume	CellVolume_Av	CellVolume_Stdev	CellInt_Av	CellInt_Stdev	NrCells	CellInt_Tot	isletNr	IV	ISA	IED	IPAL1	IPAL2	IPAL3	LiverLipN	LiverArea	LiverLipArea	LiverLipInt_Av	LiverLipIntBG	LiverLipInt_Tot	LiverLipInt_Av_Res	LiverLipInt_Tot_Res	vld_area	length	dorsal_area	lateral_area	file	batch	tank	batch_bio	tod	tank_n	batch_n	nr_tanks	intlength	intdorsal_area	intlateral_area	intangle	inteye_area	intcurvature	intpig_dorsal_tail	intldl	inttg	inttc	intgluc	intprotein	intLiverArea	intLiverLipN	intLiverLipArea	intLiverLipInt_Tot	intLiverLipInt_Tot_Res	intNrCells	intVolume	intCellVolume_Av	intCellVolume_Stdev	intCellInt_Tot	intCellInt_Av	intCellInt_Stdev	intIV	intISA	intIED	intIPAL1	intIPAL2	intIPAL3
InsH2Bfabp_CD15_09dpf_VAST02_plate01_CTBP2_201001_A03	201001	1	NC176	insH2Bfabp	CD15	CTBP2	1	0	0	2	1	9	1	1	2	10.999301	.4083552	.4915365	.510444	.8573576	1	14	14	524711	5896	6352	13240	4920	89	6.674e+09	1	5449486	213882	142	310	218	125									0	3895.238	884281.9	1157888	14_CTBP2	1	1	1	8.216666	1	1	5	-.7291514	-1.021921	-.9750298	-1.021921	-1.534121	-.2873955	-.4887764	-.8798375	-.1763742	.4676988	-1.150349	-.3186394						1.543098	1.205345	-.2669941	.6607511	2.375107	1.040203	1.543098	.4067242	.9674216	0	1.118958	1.205345	.0219897
InsH2Bfabp_CD15_09dpf_VAST02_plate01_CTBP2_201001_G06	201001	1	NC203	insH2Bfabp	CD15	CTBP2	1	0	0	2	1	9	.929244	1	2	11.189303	.4083552	.63424064	.340296	.6235328	1	41	41																							0	3757.653	914084.5	1099450	14_CTBP2	1	1	1	10.35	1	1	5	-1.23748	-.8456872	-1.23748	1.633934	-.8456872	1.422911	-2.118995	-.8798375	-.6744897	-.9345893	-.1383042	-.2923749																		
InsH2Bfabp_CD15_09dpf_VAST02_plate01_CTBP2_201001_G05	201001	1	NC195	insH2Bfabp	CD15	CTBP2	1	0	0	2	1	9	0	0	1	15.084339	.7826808	.72937674	.4764144	.9352992	1	33	33	197822	3879	3664	15400	4749	51	2.834e+09	1	3776650	123215	152	198	159	145									0	4174.932	1022423	1346663	14_CTBP2	1	1	1	9.783334	1	1	5	.3945408	.1573107	-.0142427	-.1862194	-.1573107	-.1046335	-.1862194	.2126769	.0125335	.1383042	.5244005	.4817269						-.3829533	-1.205345	-1.707553	-1.707553	-.4067242	1.707553	1.412188	-.2669941	-.8353711	.4795057	-1.040203	-.8669582	.7164975
InsH2Bfabp_CD15_09dpf_VAST02_plate01_CTBP2_201001_A05	201001	1	NC189	insH2Bfabp	CD15	CTBP2	1	0	0	2	1	9	1	1	2	11.759309	.4083552	.63424064	.5444736	1.6367736	1	27	27	156947	4484	3777	13435	3210	35	1.981e+09	2	2549078	118603	119	392	160	43									0	4004.314	936021.4	1214413	14_CTBP2	1	1	1	9.333333	1	1	5	-.3336597	-.7291514	-.8056329	-.3945408	.5875741		-1.370745	-.8798375	.9741139	.8064212	-.1383042	-.1891184						-1.25212	-1.412188	-1.543098	-1.543098	-1.205345	1.118958	.0880656	-.9674216	-.8994349	-.8353711	2.375107	-.7745655	-1.707553
InsH2Bfabp_CD15_09dpf_VAST02_plate01_CTBP2_201001_E03	201001	1	NC180	insH2Bfabp	CD15	CTBP2	1	0	0	2	1	9	.727016	1	2	11.474306		.65009666	.3062664	1.7926568	1	18	18	418119	6060	6229	8523	2954	69	3.405e+09	1	4713963	168476	146	258	204	104	103	580138	7889	11802.828	10865.892	9.31e+07	-675.011	3.22e+07	0	4235.707	1028495	1374506	14_CTBP2	1	1	1	8.483334	1	1	5	.8056329	.3036906	.1862194	.3639316	.1285329	-.0746714	-.5540488		1.439531	-1.036433	-.0250689	-.240426	-.5357877	1.150349	1.150349	1.081642	1.017694	.6607511	.4549811	-.1768208	.5043221	.1323128	-.2669941	-.1323128	.0880656	.2669941	.1545286	.3360381	.7745655	-.9674216
InsH2Bfabp_CD15_09dpf_VAST02_plate01_CTBP2_201001_G04	201001	1	NC187	insH2Bfabp	CD15	CTBP2	1	0	0	2	1	9	1	1	2	14.03933		0	.4764144	.8573576	1	25	25																								4229.026	1047785	1381460	14_CTBP2	1	1	1	9.216666	1	1	5	.7668313	.6567159	.2445328	.3945408	.0998612	-.3186394	-.0427396		-.1763742	.1383042	-2.575829	.2147016																		
InsH2Bfabp_CD15_09dpf_VAST02_plate01_CTBP2_201001_C06	201001	1	NC199	insH2Bfabp	CD15	CTBP2	1	0	0	2	1	9	1	1	2	15.844346	.7826808	1.014785	.5444736	1.0132408	1	37	37	379309	6897	5996	11192	3660	55	4.523e+09	1	3756936	149460	135	234	177	108	9	1213165	400		19651.473	1.88e+07		-1.24e+08	0	4329.177	1078784	1428040	14_CTBP2	1	1	1	10.06667	1	1	5	1.178402	.8456872	.5875741	1.904707	.8871465	.8544474	-1.447606	.2126769	.1509692	.8064212	1.598193	.755415	2.059215	-.4610861	-.6953402	.0553215	-2.439542	-.1768208	.0880656	.4549811	.2216821	1.040203	.7164975	.8353711	-.3128614	-.1323128	-.1323128	-.3593968	-.2669941	-.8994349
InsH2Bfabp_CD15_09dpf_VAST02_plate01_CTBP2_201001_C05	201001	1	NC191	insH2Bfabp	CD15	CTBP2	1	0	0	2	1	9	1	1	2	12.804318		.58667259	.4764144	.779416	1	29	29																							20	3928.754	936185.9	1203168	14_CTBP2	1	1	1	9.483334	1	1	5	-.5540488	-.6924793	-.8456872	-.7668313	-.8056329	1.150349	-1.301224		-.3451255	.1383042	-.426148	-.0752699																		
InsH2Bfabp_CD15_09dpf_VAST02_plate01_CTBP2_201001_E04	201001	1	NC186	insH2Bfabp	CD15	CTBP2	1	0	0	2	1	9	1	1	2	9.2892856	.2382072	.74523275	.4083552	1.0911824	1	24	24	308411	5056	4976	10035	3454	61	3.480e+09	1	4151277	152399	159	221	186	128	14	321692	1040	4511.1048	4523.0103	4691549	1240.119	2895390	0	3857.907	847645.6	1141290	14_CTBP2	1	1	1	9.083333	1	1	5	-.8456872	-1.178402	-1.071175	-1.370745	-1.75333	-.8544474	-.7291514	-1.619856	.240426	-.4817269	.6588377	-.6903088	-2.479467	-.1489679	-.1156944	-.697813	.4784177	.0880656	-.6069868	-.9674216	-.5549229	.2216821	.4549811	.6069868	-.0880656	-.0439901	.7164975	-.4795057	.1768208	.0880656
InsH2Bfabp_CD15_09dpf_VAST02_plate01_CTBP2_201001_E06	201001	1	NC201	insH2Bfabp	CD15	CTBP2	1	0	0	2	1	9	1	1	2	13.564325	.8847696	.58667259	.510444	1.4029488	1	39	39	208976	5805	5780	12511	4335	36	2.745e+09	1	2062676	83538	124	179	136	113	0	1169120	0		4190.3627				0	4268.941	1045482	1368704	14_CTBP2	1	1	1	10.2	1	1	5	.93019	.6217734	.0998612	-.2445328	-.2152846	.5485223	-.6217734	.6175954	.5828415	.4676988	-.426148	.1130385	1.839855	-1.619856	-1.619856			-1.118958	-.9674216	-.3593968	.1768208	-.5043221	.8994349	1.040203	-1.301807	-1.301807	-.6607511	-1.25212	-1.205345	-.5549229
InsH2Bfabp_CD15_09dpf_VAST02_plate01_CTBP2_201001_A04	201001	1	NC184	insH2Bfabp	CD15	CTBP2	1	0	0	2	1	9	1	1	2		.85074	.6976647	.170148	.2338248	1	22	22																								4363.444	1068391	1445745	14_CTBP2	1	1	1	8.833333	1	1	5	1.370745	.7291514	.8056329	.0998612	.6567159	-.1648683	-.4569218	.4795057	-1.126391	-1.554774	.3318534																			
InsH2Bfabp_CD15_09dpf_VAST02_plate01_CTBP2_201001_A06	201001	1	NC197	insH2Bfabp	CD15	CTBP2	1	0	0	2	1	9	.9607894	1	2	10.904301	.85074	.66595267	.5444736	.9352992	1	35	35																							0	4247.867	1002999	1313092	14_CTBP2	1	1	1	9.916667	1	1	5	.8871465	-.0427396	-.3639316	.5540488	.0142427		.5540488	.4795057	.0125335	.8064212	.0752699	-.3584588																		
InsH2Bfabp_CD15_09dpf_VAST02_plate01_CTBP2_201001_C03	201001	1	NC178	insH2Bfabp	CD15	CTBP2	1	0	0	2	1	9	1	1	2	16.699354	.7826808	.77694478	.3062664	.1558832	1	16	16	576197	5286	4321	6052	2025	109	3.366e+09	1	7355786	255393	134	336	270	143	45	634092	4294	13647.454	11151.066	5.86e+07	755.6773	-4930273	11				14_CTBP2	1	1	1	8.35	1	1	5								.2126769	-1.281552	-1.036433	.7388468	1.103063	-.1824072	.5168467	.6953402	.6515277	.1293777	2.375107	1.412188	-.7164975	-.8994349	.0439901	-1.205345	-.9674216	1.543098	1.937932	-.1992013	1.707553	2.375107	.6069868
InsH2Bfabp_CD15_09dpf_VAST02_plate01_CTBP2_201001_G01	201001	1	NC166	insH2Bfabp	CD15	CTBP2	1	0	0	2	1	9	1	1	2	15.654345	.9528288	.57081658	.5444736	1.7147152	1	4	4	247531	5381	4582	17015	4622	46	4.220e+09	1	2155677	99101	106	220	135	94	60	658526	4400	18417.587	15664.017	8.10e+07	-1024.852	-2.45e+07	0	4009.407	1023410	1363500	14_CTBP2	1	1	1	7.483333	1	1	5	-.3036906	.2152846	.0712713	-.0998612	.7106959	.6558747	-.6567159	.8798375	1.200359	.8064212	-.5680515	.6903088	.0164917	.7820069	.7379805	.9576579	-.6065981	-.7745655	-.8994349	-.6607511	-.8353711	.6607511	1.937932	1.205345	-1.205345	-1.205345	-1.412188	-.5549229	-1.301807	-1.412188
InsH2Bfabp_CD15_09dpf_VAST02_plate01_CTBP2_201001_G03	201001	1	NC182	insH2Bfabp	CD15	CTBP2	1	0	0	2	1	9	0	0	1	10.8093	.4423848	.68180869	.4083552	1.169124	1	20	20	360390	6674	5566	15285	4739	54	5.736e+09	1	3399487	136483	131	230	142	132	205	557438	15681	13455.764	11941.383	2.11e+08	-583.1775	1.40e+08	0	3889.993	896155.1	1202943	14_CTBP2	1	1	1	8.616667	1	1	5	-.7668313	-.9750298	-.8871465	-1.23748	-1.071175	.0746714	-1.123174	-.7164975	.3718561	-.4817269	.1763742	-.3988551	-.7379805	2.479467	2.059215	2.439542	2.012971	-.2442754	-.1323128	.3128614	0	1.412188	1.543098	1.301807	-.7164975	-.5549229	-.3128614	-.4067242	-1.078744	.1768208
InsH2Bfabp_CD15_09dpf_VAST02_plate01_CTBP2_201001_G02	201001	1	NC174	insH2Bfabp	CD15	CTBP2	1	0	0	2	1	9	.0170879	0	1	14.324332	.4083552	.61838462	.4083552	.2338248	1	12	12	322662	6327	6349	6691	2212	51	2.234e+09	1	3752804	152368	128	238	170	117	35	628872	2544	7974.8707	6968.1122	2.03e+07	1154.757	-4282715	0	4223.814	1006588	1375628	14_CTBP2	1	1	1	8.066667	1	1	5	.6567159	.0142427	.2152846	-.8456872	-.1285329	.2873955	1.633934	-.8798375	-1.126391	-.4817269	-.227545	.3186394	-.2499428	.3535393	.2841234	.2041513	.166648	-.3829533	-.5043221	0	.6069868	-1.040203	-.8994349	-.7164975	-.3593968	-.0880656	-.3829533	-.2898515	-.5043221	-.3128614
InsH2Bfabp_CD15_09dpf_VAST02_plate01_CTBP2_201001_E01	201001	1	NC164	insH2Bfabp	CD15	CTBP2	1	0	0	2	1	9	1	1	2	12.804318	.4764144	.60252861	.3743256	1.0911824	1	2	2	205317	7897	5686	22536	8041	26	4.331e+09	1	1964008	82527	105	171	142	111	11	536848	848	8529.092	8925.6268	7232670	-1132.403	-3.56e+07	0	4177.414	993802.2	1300351	14_CTBP2	1	1	1	7.35	1	1	5	.4255243	-.1573107	-.4569218	-.5875741	.2888094	-.8982587	.4255243	-.63364	.240426	-.755415	-.3186394	-.0752699	-.9762363	-.2669941	-.1824072	-.2800857	-.9576579	-1.707553	-1.040203	1.412188	.0439901	.8994349	2.375107	2.375107	-1.543098	-1.412188	-1.543098	-1.412188	-1.078744	-.6883569
InsH2Bfabp_CD15_09dpf_VAST02_plate01_CTBP2_201001_B05	201001	1	NC190	insH2Bfabp	CD15	CTBP2	1	0	0	2	1	9	1	1	2	16.319351		.57081658	.510444	1.558832	1	28	28															0	576399	0		350.87092				147	4202.885	1022618	1341085	14_CTBP2	1	2	1	9.416667	2	1	5	.5875741	.1862194	-.1573107	-.3639316	-.3036906	.3821084	-.3036906		.8416212	.4676988	-.5680515	1.015222	-.5742636	-1.619856	-1.619856															
InsH2Bfabp_CD15_09dpf_VAST02_plate01_CTBP2_201001_F06	201001	1	NC202	insH2Bfabp	CD15	CTBP2	1	0	0	2	1	9	1	1	2	10.904301	.3062664	.6976647	.3743256	.9352992	1	40	40																							0	3798.735	869806.8	1132318	14_CTBP2	1	2	1	10.26667	2	1	5	-1.123174	-1.071175	-1.123174	-.9750298	-1.633934	.7318081	-.7668313	-1.223734	.0125335	-.755415	.3318534	-.3584588																		
InsH2Bfabp_CD15_09dpf_VAST02_plate01_CTBP2_201001_D03	201001	1	NC179	insH2Bfabp	CD15	CTBP2	1	0	0	2	1	9	.7586505	1	2	14.229331	.8167104	.3964004	.5444736	1.6367736	1	17	17															26	524882	2176	8748.5584	9011.3261	1.90e+07	-1037.332	-2.46e+07	17	3926.719	1131764	1341504	14_CTBP2	1	2	1	8.416667	2	1	5	-.5875741	1.23748	-.1285329	.7291514	1.75333	-.6558747	-1.904707	.3500305	.9741139	.8064212	-1.959964	.2663106	-1.030806	.1323128	.1489679	.0922863	-.6515277													
InsH2Bfabp_CD15_09dpf_VAST02_plate01_CTBP2_201001_H03	201001	1	NC183	insH2Bfabp	CD15	CTBP2	1	0	0	2	1	9	1	1	2	15.559344	.8167104	.57081658	.510444	1.558832	1	21	21	335606	6581	5277	9490	3361	51	3.372e+09	1	4799168	146980	167	208	190	145	133	666150	9634	13637.739	12233.436	1.31e+08	-825.1245	5.78e+07	0	3938.946	999469.6	1308023	14_CTBP2	1	2	1	8.7	2	1	5	-.521135	-.1285329	-.4255243	1.301224	-.93019	1.510357	-.521135	.3500305	.8416212	.4676988	-.5680515	.6588377	.0825485	1.458376	1.458376	1.504888	1.399161	-.3829533	-.3128614	.1768208	-.2669941	.0880656	.1768208	.4067242	.1323128	-.2216821	1.040203	-.7164975	.3593968	.7164975
InsH2Bfabp_CD15_09dpf_VAST02_plate01_CTBP2_201001_H04	201001	1	NC188	insH2Bfabp	CD15	CTBP2	1	0	0	2	1	9	.9776456	1	2	12.899319	1.0549176	.6976647	.4764144	1.4808904	1	26	26															58	776178	3984	7487.1142	7041.0661	2.98e+07	561.1067	4578358	0	4379.658	1140138	1516910	14_CTBP2	1	2	1	9.266666	2	1	5	1.534121	1.447606	1.370745	.8456872	.9750298		.2739918	1.169741	.7063026	.1383042	.3318534	-.0376083	.8276041	.6953402	.5742636	.397259	.6065981													
InsH2Bfabp_CD15_09dpf_VAST02_plate01_CTBP2_201001_F02	201001	1	NC173	insH2Bfabp	CD15	CTBP2	1	0	0	2	1	9	.0583865	0	1	13.374324	0	.58667259	.170148	.389708	1	11	11	465382	7629	6666	13521	4582	61	6.249e+09	1	4811317	196748	136	255	195	129	136	604800	10369	13318.472	11600.665	1.38e+08	-225.9081	7.04e+07	6	4293.212	1098732	1442515	14_CTBP2	1	2	1	7.983333	2	1	5	.9750298	1.021921	.7291514	2.118995	.1573107	-.3821084	-.0712713	-2.307039	-.9541653	-1.554774	-.426148	.0376083	-.4610861	1.561435	1.561435	1.630759	1.630759	.0880656	.6607511	1.118958	.8994349	1.707553	1.205345	1.118958	.1768208	.7745655	-.0880656	.1768208	.5549229	.1323128
InsH2Bfabp_CD15_09dpf_VAST02_plate01_CTBP2_201001_H01	201001	1	NC167	insH2Bfabp	CD15	CTBP2	1	0	0	2	1	9	1	1	2	13.564325	.6465624	.53910454	.4423848	.9352992	1	5	5	421416	6197	6226	15231	6166	68	6.363e+09	2	4325585	164826	120	256	215	124	127	622884	9200	12252.745	11847.803	1.13e+08	-1650.363	4.27e+07	0	4244.651	1026281	1372607	14_CTBP2	1	2	1	7.566667	2	1	5	.8456872	.2445328	.1573107	.4887764	-.2739918	-.4803868	-.8056329	-.1723557	.0125335	-.1763742	-.8064212	.1130385	-.3186394	1.368829	1.368829	1.307107	1.150349	.6069868	.5043221	-.0439901	.4307273	1.937932	1.412188	1.937932	-.0439901	.2216821	-.7745655	.2216821	.9674216	-.0439901
InsH2Bfabp_CD15_09dpf_VAST02_plate01_CTBP2_201001_F01	201001	1	NC165	insH2Bfabp	CD15	CTBP2	1	0	0	2	1	9	0	0	1	18.029367	1.191036	.80865682	.680592	2.6500144	1	3	3															185	813401	17254	10828.198	9219.223	1.87e+08	740.5402	1.41e+08	0	4333.768	1263177	1586623	14_CTBP2	1	2	1	7.416667	2	1	5	1.23748	1.75333	1.904707	.1862194	1.904707	1.21023	1.447606	1.619856	2.326348	2.17009	.9153651	1.253565	.9762363	1.937932	2.479467	1.789531	2.439542													
InsH2Bfabp_CD15_09dpf_VAST02_plate01_CTBP2_201001_F03	201001	1	NC181	insH2Bfabp	CD15	CTBP2	1	0	0	2	1	9	0	0	1	13.849328	.4083552	.6976647	.4764144	.9352992	1	19	19	378151	5252	4760	9274	2709	72	3.630e+09	1	6019997	224497	156	276	217	140	78	539736	6463	9145.8891	7539.6291	5.91e+07	1496.205	2.92e+07	0	4192.166	977472.8	1345302	14_CTBP2	1	2	1	8.55	2	1	5	.5540488	-.3639316	-.0427396	-.6924793	-.6924793	.1951978	1.370745	-.8798375	.0125335	.1383042	.3318534	.1636585	-.9244287	.8749908	.8749908	.697813	.9008895	.7745655	.0439901	-.7745655	-.7164975	.4067242	.0880656	-.3128614	1.040203	1.301807	.6069868	.5549229	1.118958	.5043221
InsH2Bfabp_CD15_09dpf_VAST02_plate01_CTBP2_201001_B03	201001	1	NC177	insH2Bfabp	CD15	CTBP2	1	0	0	2	1	9	0	0	1	16.034348	.8847696	.7928008	.5785032	1.6367736	1	15	15	414681	5385	5539	10872	3984	77	4.200e+09	1	7427176	186467	194	257	225	156	107	650212	8956	12768.111	11720.67	1.14e+08	-950.4608	4.55e+07	8	4168.749	1039590	1393572	14_CTBP2	1	2	1	8.283334	2	1	5	.3639316	.521135	.2739918	-.0142427	.0569997	-.0447762	-.2445328	.6175954	.9741139	1.103063	.8238936	.8064212	-.0494931	1.21679	1.289085	1.399161	1.307107	1.118958	.4067242	-.6069868	-.0439901	.6069868	.6607511	.9674216	1.707553	.6069868	2.375107	.2669941	1.354934	1.301807
InsH2Bfabp_CD15_09dpf_VAST02_plate01_CTBP2_201001_H02	201001	1	NC175	insH2Bfabp	CD15	CTBP2	1	0	0	2	1	9	0	0	1	8.8142812	.2722368	.52324853	.170148	.779416	1	13	13	505400	6923	6872	7249	2334	73	3.783e+09	1	7441254	204026	188	334	229	110	111	548100	8677	11162.906	9858.9603	9.69e+07	146.6539	4.54e+07	0	4041.048	980972	1311462	14_CTBP2	1	2	1	8.133333	2	1	5	-.0998612	-.3036906	-.3945408	.2739918	-.0142427	-.583549	.8056329	-1.44889	-.3451255	-1.554774	-.9741139	-.7891917	-.7820069	1.289085	1.21679	1.150349	1.224965	.9328892	.9674216	.5043221	.9674216	.5549229	-.7745655	-.5043221	1.937932	.8994349	1.937932	1.474486	1.707553	-.7745655
InsH2Bfabp_CD15_09dpf_VAST02_plate01_CTBP2_201001_D01	201001	1	NC163	insH2Bfabp	CD15	CTBP2	1	0	0	2	1	9	1	1	2	12.99432	.680592	.0951361	.5785032	1.2470656	1	1	1															58	594694	4065	9686.2696	9553.3553	3.94e+07	-886.3893	-9276054	2	3917.01	980628.1	1330528	14_CTBP2	1	2	1	7.25	2	1	5	-.6217734	-.3336597	-.1862194	.3036906	-.7668313	.3501975	-.3945408	-.0792395	.4676988	1.103063	-2.17009	.0125335	-.4980894	.6953402	.6136091	.5201756	-.166648													
InsH2Bfabp_CD15_09dpf_VAST02_plate01_CTBP2_201001_D05	201001	1	NC192	insH2Bfabp	CD15	CTBP2	1	0	0	2	1	9	1	1	2	16.129349		.80865682	.4764144	.0779416	1	30	30															28	616380	1418	9001.3188	8588.9389	1.28e+07	-171.4654	-2.69e+07	0	4429.431	1149544	1556806	14_CTBP2	1	2	1	9.566667	2	1	5	1.75333	1.534121	1.534121	1.75333	1.370745	1.884304	.2152846		-1.554774	.1383042	.9153651	.8964733	-.3888753	.2160518	-.0494931	-.0922863	-.7456442													
InsH2Bfabp_CD15_09dpf_VAST02_plate01_CTBP2_201001_D06	201001	1	NC200	insH2Bfabp	CD15	CTBP2	1	0	0	2	1	9	1	1	2	8.2442759	.4083552	.6976647	.4083552	.389708	1	38	38																							617	3460.613	797685.6	1007231	14_CTBP2	1	2	1	10.13333	2	1	5	-1.904707	-1.633934	-1.75333	-1.071175	-.4887764	-1.345167	-1.633934	-.8798375	-.9541653	-.4817269	.3318534	-.9741139																		
InsH2Bfabp_CD15_09dpf_VAST02_plate01_CTBP2_201001_F05	201001	1	NC194	insH2Bfabp	CD15	CTBP2	1	0	0	2	1	9	1	1	2	13.564325	.9187992	.60252861	.6465624	.9352992	1	32	32															1	1058164	64	4285.9531	5383.83	274301	-234.5343	-9539867	0	4002.01	960575.3	1282676	14_CTBP2	1	2	1	9.716666	2	1	5	-.3639316	-.521135	-.5540488	-.0427396	-.4255243	.4803868	.1573107	.768643	.0125335	1.811911	-.3186394	.1130385	1.368829	-1.21679	-1.21679	-2.012971	-.241944													
InsH2Bfabp_CD15_09dpf_VAST02_plate01_CTBP2_201001_H05	201001	1	NC196	insH2Bfabp	CD15	CTBP2	1	0	0	2	1	9	1	1	2	16.034348	.0340296	.93550494	.6465624	1.3250072	1	34	34	391138	8149	6129	7560	2132	48	2.959e+09	2	4089779	148047	114	334	177	125	0	1488740	0		3246.0511				0	4375.871	1078171	1430208	14_CTBP2	1	2	1	9.85	2	1	5	1.447606	.8056329	.6567159	.3336597	.7668313	.1648683	-.1285329	-1.937932	.5244005	1.811911	1.281552	.8064212	2.479467	-1.619856	-1.619856			-.63364	.1323128	1.707553	.3593968	-.3128614	-.5549229	-.8353711	-.1323128	-.1768208	-1.118958	1.474486	-.2669941	.0219897
InsH2Bfabp_CD15_10dpf_VAST02_plate01_CTBP2_201002_D06	201002	1	NC245	insH2Bfabp	CD15	CTBP2	1	0	0	2	1	10	1	1	2	6.2243142	.8167104	.47568048	.4423848	.389708	1	34	83																							0	4035.024	936425.2	1290377	14_CTBP2	1	3	2	5.966667	3	1	5	-.1285329	-.6567159	-.4887764	-.4887764	-.5875741	-.1951978	.6567159	.3500305	-.9541653	-.1763742	-1.253565	-1.598193																		
InsH2Bfabp_CD15_10dpf_VAST02_plate01_CTBP2_201002_A08	201002	1	NC257	insH2Bfabp	CD15	CTBP2	1	0	0	2	1	10	1	1	2	6.3152005	.680592	.66595267	.3743256	.4676496	1	46	95																							0	4075.35	958526.6	1341549	14_CTBP2	1	3	2	6.933333	3	1	5	-.0142427	-.5540488	-.0998612	.5875741	-.6217734	.8122178	-.2152846	-.0792395	-.8238936	-.755415	.0752699	-1.439531																		
InsH2Bfabp_CD15_10dpf_VAST02_plate01_CTBP2_201002_A03	201002	1	NC219	insH2Bfabp	CD15	CTBP2	1	0	0	2	1	10	1	1	2	7.9511547	.9528288	.72937674	.4423848	.8573576	1	8	57																							0	4068.862	1008217	1401483	14_CTBP2	1	3	2	4	3	1	5	-.0427396	.0427396	.3336597	.4255243	-.5540488	2.514955	.0142427	.8798375	-.1763742	-.1763742	.5244005	-1.058122																		
InsH2Bfabp_CD15_10dpf_VAST02_plate01_CTBP2_201002_G08	201002	1	NC263	insH2Bfabp	CD15	CTBP2	1	0	0	2	1	10	1	1	2	8.3147	.8847696	.44396845	.3743256	.779416	1	3	101	411188	5633	5324	7540	2333	73	3.029e+09	1	5987908	161434	180	241	216	136	39	544597	3744	8695.2487	8099.7314	3.26e+07	232.5616	-2556114	0	4129.143	1012330	1372383	14_CTBP2	1	3	3	7.466667	3	1	5	.2445328	.0712713	.1285329	1.021921	-.3639316	.9915265	.9750298	.6175954	-.3451255	-.755415	-1.554774	-.9345893	-.8276041	.4247038	.5357877	.437478	.2800857	.9328892	.3593968	-.5549229	-.1768208	-.1768208	-.7164975	-.5549229	.8994349	.1323128	1.543098	-.2216821	1.040203	.3128614
InsH2Bfabp_CD15_10dpf_VAST02_plate02_CTBP2_201002_A02	201002	2	NC279	insH2Bfabp	CD15	CTBP2	1	0	0	2	1	10	.8809524	1	2	16.4768	.5444736	1.030641	.4764144	1.6367736	1	19	117															20	544434	982	5194.9705	4835.4785	5101461	1470.429	394851.9	0	4124.845	1029541	1415778	14_CTBP2	1	3	3	9.283334	3	1	5	.1862194	.3639316	.4569218	-.2152846	1.633934	-.2257079	1.23748	-.4210971	.9741139	.1383042	1.695398	1.058122	-.8749908	-.0164917	-.1489679	-.6515277	.397259													
InsH2Bfabp_CD15_10dpf_VAST02_plate01_CTBP2_201002_A07	201002	1	NC250	insH2Bfabp	CD15	CTBP2	1	0	0	2	1	10	1	1	2	16.040039	.5785032	.65009666	.4764144	1.7147152	1	39	88	503444	6992	6226	9129	2726	72	4.303e+09	2	5764737	195867	127	254	225	167	11	741034	608	8474.3635	9484.3885	5152413	-1998.188	-4.29e+07	0	4178.996	1032009	1414148	14_CTBP2	1	3	2	6.416667	3	1	5	.4569218	.3945408	.3945408	.9750298	.2152846	.8982587	-.6924793	-.3500305	1.200359	.1383042	-.0250689	.8596174	.4610861	-.2669941	-.3888753	-.6065981	-1.224965	.7745655	.8994349	.7164975	.4307273	.7164975	.0439901	-.2669941	.7745655	.7164975	-.4795057	.1323128	1.354934	1.543098
InsH2Bfabp_CD15_10dpf_VAST02_plate01_CTBP2_201002_G04	201002	1	NC233	insH2Bfabp	CD15	CTBP2	1	0	0	2	1	10	.700959	1	2	19.402834	1.361184	1.1733452	.7146216	2.338248	1	22	71																							0				14_CTBP2	1	3	2	5.105556	3	1	5								2.558043	1.750686	2.575829	1.811911	1.959964																		
InsH2Bfabp_CD15_10dpf_VAST02_plate01_CTBP2_201002_G07	201002	1	NC255	insH2Bfabp	CD15	CTBP2	1	0	0	2	1	10	1	1	2	14.585858	.5444736	.74523275	.4083552	1.0911824	1	44	93	616438	9632	7681	6258	1731	64	3.771e+09	1	5329584	182075	178	245	181	152									17	3966.773	927423.1	1250601	14_CTBP2	1	3	2	6.783333	3	1	5	-.4569218	-.7668313	-.7291514	-.6217734	-1.021921	.5141561	-1.23748	-.4210971	.240426	-.4817269	.6588377	.3451255						.2669941	1.707553	2.375107	1.707553	.5043221	-1.040203	-1.412188	.2669941	.5549229	1.301807	-.1323128	.0439901	1.040203
InsH2Bfabp_CD15_10dpf_VAST02_plate01_CTBP2_201002_G01	201002	1	NC210	insH2Bfabp	CD15	CTBP2	1	0	0	2	1	10	1	1	2	15.494721	1.2931248	.93550494	.6125328	1.0911824	1	48	48	629528	6697	5487	7861	2210	94	4.907e+09	1	5990906	241667	147	292	180	146	7	770374	496	6211.8367	6116.1482	3081071	628.3709	-1.36e+07	0	4321.146	1138389	1617682	14_CTBP2	1	3	1	3.35	3	1	5	1.123174	1.370745	2.118995	1.447606	1.447606	-.7713894	1.75333	2.032478	.240426	1.405072	1.281552	.628006	.7820069	-.6136091	-.5357877	-1.017694	-.3576728	1.937932	1.937932	.3593968	-.0880656	1.118958	-.3593968	-.7745655	.9674216	1.707553	.2216821	.8669582	-.0439901	.8669582
InsH2Bfabp_CD15_10dpf_VAST02_plate01_CTBP2_201002_D03	201002	1	NC222	insH2Bfabp	CD15	CTBP2	1	0	0	2	1	10	1	1	2	15.312948	.6465624	.68180869	.4423848	1.4808904	1	11	60	516609	6623	6087	9405	3087	78	4.473e+09	2	5842128	194967	168	308	192	121	19	691394	1326	5063.3032	5646.3875	6713940	161.7068	-5545790	2	4154.788	1033026	1433095	14_CTBP2	1	3	2	4.2	3	1	5	.2739918	.4569218	.6924793	.8056329	.4099833	-.2564297	-.2739918	-.1723557	.7063026	-.1763742	.1763742	.5680515	.2160518	-.0494931	-.0825485	-.397259	.0553215	1.25212	1.118958	.2216821	.2669941	.9674216	.1323128	0	.8353711	.6607511	1.118958	1.040203	.4795057	-.1768208
InsH2Bfabp_CD15_10dpf_VAST02_plate01_CTBP2_201002_D09	201002	1	NC268	insH2Bfabp	CD15	CTBP2	1	0	0	2	1	10	1	1	2	14.313199	.680592	.96721698	.4423848	1.7147152	1	8	106															46	426976	3440	11350.625	9526.0711	3.90e+07	817.5698	-9350455	0				14_CTBP2	1	3	3	7.825	3	1	5								-.0792395	1.200359	-.1763742	1.439531	.2923749	-1.561435	.5742636	.4980894	.4784177	-.2041513													
InsH2Bfabp_CD15_10dpf_VAST02_plate01_CTBP2_201002_A02	201002	1	NC212	insH2Bfabp	CD15	CTBP2	1	0	0	2	1	10	.8265617	1	2	17.857766	.9868584	1.2843373	.510444	1.4808904	1	1	50															31	784992	2226	4119.947	5071.7644	9171002	52.43063	2263534	0	4184.884	1072309	1457499	14_CTBP2	1	3	2	3.483333	3	1	5	.521135	.7668313	.93019	.0427396	2.118995	.6933416	1.904707	.9815618	.7063026	.4676988	2.575829	1.200359	.8749908	.2841234	.1824072	-.2041513	.437478													
InsH2Bfabp_CD15_10dpf_VAST02_plate01_CTBP2_201002_D04	201002	1	NC230	insH2Bfabp	CD15	CTBP2	1	0	0	2	1	10	1	1	2	9.9506542	1.020888	.50739251	.6125328	1.0911824	1	19	68															7	432140	679	10512.842	10081.695	7138220	-826.7144	-4.64e+07	2	4382.585	1056503	1502958	14_CTBP2	1	3	2	4.9	3	1	5	1.633934	.6924793	1.301224	.0142427	.2445328	1.611169	1.071175	1.094618	.240426	1.405072	-1.103063	-.5100735	-1.458376	-.6136091	-.2841234	-.3186394	-1.307107													
InsH2Bfabp_CD15_10dpf_VAST02_plate01_CTBP2_201002_A09	201002	1	NC265	insH2Bfabp	CD15	CTBP2	1	0	0	2	1	10	.7167067	1	2	14.76763	.7146216	.63424064	.4764144	.9352992	1	5	103	349949	7608	7094	10124	3276	46	3.466e+09	1	4012024	138371	143	216	179	120	7	668284	688	11107.385	10934.149	7641881	-1469.53	-5.39e+07	9	4127.043	1029272	1420489	14_CTBP2	1	3	3	7.616667	3	1	5	.2152846	.3336597	.4887764	-.1285329	.7106959	.1346898	.3036906	.0263886	.0125335	.1383042	-.1383042	.3988551	.1156944	-.6136091	-.2499428	-.241944	-1.399161	-.7745655	-.2216821	1.040203	1.118958	.1768208	.5043221	.2216821	-.1768208	-.5043221	.0660118	-.63364	-.1545286	-.2216821
InsH2Bfabp_CD15_10dpf_VAST02_plate01_CTBP2_201002_D08	201002	1	NC260	insH2Bfabp	CD15	CTBP2	1	0	0	2	1	10	1	1	2	7.3149503	.7826808	.91964893	.3743256	.779416	1	49	98	21236	1416	1097	1513	386	15	32054010	1	321534	24367	61	121	98	32	41	631600	2912	8228.2129	7754.156	2.40e+07	267.1373	-7931747	0	3912.419	950795.6	1328673	14_CTBP2	1	3	2	7.266667	3	1	5	-.6567159	-.6217734	-.2152846	.0712713	.4887764	1.731664	-.93019	.2126769	-.3451255	-.755415	1.200359	-1.281552	-.2160518	.4610861	.4247038	.3576728	-.0922863	-1.937932	-1.937932	-2.375107	-1.937932	-1.937932	-1.937932	-1.937932	-1.937932	-1.937932	-1.937932	-1.937932	-1.707553	-1.937932
InsH2Bfabp_CD15_10dpf_VAST02_plate01_CTBP2_201002_A05	201002	1	NC235	insH2Bfabp	CD15	CTBP2	1	0	0	2	1	10	.8932264	1	2	15.312948	1.1570064	.60252861	.6125328	1.169124	1	24	73	473924	7073	5460	5123	1776	67	2.333e+09	1	5372181	201030	161	246	199	154	90	557596	6815	11694.724	10868.317	7.97e+07	-786.6346	1.88e+07	20	4228.852	991484.4	1396189	14_CTBP2	1	3	2	5.25	3	1	5	.7291514	-.1862194	.3036906	.521135	.93019	.2257079	.2445328	1.412188	.3718561	1.405072	-.3186394	.5680515	-.6953402	1.030806	1.030806	.9008895	.7952457	.529453	.7164975	.7745655	-.1323128	-.9674216	-1.543098	-1.205345	.3593968	.8353711	.8045964	-.0219897	.6607511	1.205345
InsH2Bfabp_CD15_10dpf_VAST02_plate01_CTBP2_201002_G05	201002	1	NC240	insH2Bfabp	CD15	CTBP2	1	0	0	2	1	10	0	0	1	9.4053361	.3062664	.44396845	.2722368	.0779416	1	29	78	147974	5103	5030	9522	3335	29	1.512e+09	1	2057026	80749	109	162	128	116	0	442508	0		7974.3545				0	3759.61	806732.5	1072234	14_CTBP2	1	3	2	5.616667	3	1	5	-1.178402	-1.370745	-1.534121	-.4255243	-1.178402	-.8122178	-.0142427	-1.223734	-1.554774	-1.174987	-1.554774	-.6433454	-1.368829	-1.619856	-1.619856			-1.543098	-1.707553	-.8994349	-.5043221	-1.707553	.2216821	.3128614	-1.412188	-1.543098	-1.301807	-1.543098	-1.412188	-.3829533
InsH2Bfabp_CD15_10dpf_VAST02_plate01_CTBP2_201002_D02	201002	1	NC215	insH2Bfabp	CD15	CTBP2	1	0	0	2	1	10	.0256586	0	1	14.131426	1.2250656	.72937674	.6125328	.8573576	1	4	53															18	917062	1456	4902.2383	5676.875	7137659	-43.61137	-5406044	0				14_CTBP2	1	3	2	3.691667	3	1	5								1.788569	-.1763742	1.405072	.5244005	.240426	1.289085	-.0825485	-.0164917	-.3576728	.0922863													
InsH2Bfabp_CD15_10dpf_VAST02_plate02_CTBP2_201002_C02	201002	2	NC281	insH2Bfabp	CD15	CTBP2	1	0	0	2	1	10	.8669559	1	2	6.5551744	.340296	.77694478	.2722368	.4676496	1	21	119	198641	5675	4871	11708	3487	35	2.413e+09	1	2525879	101036	128	238	126	99									0	3657.75	748981.6	1013541	14_CTBP2	1	3	3	9.433333	3	1	5	-1.534121	-2.118995	-1.633934	-2.118995	-2.531313	-1.422911	-1.071175	-1.070909	-.8238936	-1.174987	.7388468	-1.372204						-1.25212	-1.118958	-.5043221	-.6607511	-.8353711	.7745655	.6607511	-1.040203	-1.118958	-.3829533	-.2898515	-1.543098	-1.25212
InsH2Bfabp_CD15_10dpf_VAST02_plate01_CTBP2_201002_H07	201002	1	NC256	insH2Bfabp	CD15	CTBP2	1	0	0	2	1	10	1	1	2	12.586358	.5444736	.63424064	.4423848	.779416	1	45	94	319991	6956	5102	7554	2322	46	2.379e+09	1	2627371	129899	125	179	159	123	7	700255	592	9347.5557	7486.3912	5533753	1775.147	-2.39e+07	11	3705.572	988732.9	1284590	14_CTBP2	1	4	2	6.866667	4	1	5	-1.447606	-.2152846	-.521135	-1.301224	-.7291514	-1.611169	.93019	-.4210971	-.3451255	-.1763742	-.1383042	-.1383042	.3535393	-.6136091	-.4247038	-.4784177	-.5628612	-.7745655	-.5549229	.6607511	-.4549811	-.8994349	-.6607511	-.6069868	-.8994349	-.6607511	-.6069868	-1.25212	-.8669582	-.0880656
InsH2Bfabp_CD15_10dpf_VAST02_plate01_CTBP2_201002_G03	201002	1	NC225	insH2Bfabp	CD15	CTBP2	1	0	0	2	1	10	1	1	2	8.6782454	0	.60252861	.170148	.2338248	1	14	63																							0				14_CTBP2	1	4	2	4.4	4	1	5								-2.307039	-1.126391	-1.554774	-.3186394	-.8596174																		
InsH2Bfabp_CD15_10dpf_VAST02_plate01_CTBP2_201002_E06	201002	1	NC246	insH2Bfabp	CD15	CTBP2	1	0	0	2	1	10	.0633374	0	1	10.3142	1.2931248	.60252861	.5444736	.6235328	1	35	84	403226	7467	7638	5935	1755	54	2.474e+09	1	5517418	216769	141	260	201	182	85	620954	6594	11206.559	10372.839	7.39e+07	-555.6004	1.76e+07	10	3852.828	1272672	1316621	14_CTBP2	1	4	2	6.033333	4	1	5	-.8871465	2.118995	-.3336597	-1.633934	-.9750298	-2.514955	.6217734	2.032478	-.6744897	.8064212	-.3186394	-.4676988	-.3535393	.9762363	.9244287	.7952457	.6515277	-.2442754	.3128614	.8994349	1.543098	-.7164975	-1.301807	-1.301807	.4549811	1.040203	-.0439901	.4549811	.7164975	2.375107
InsH2Bfabp_CD15_10dpf_VAST02_plate01_CTBP2_201002_E08	201002	1	NC261	insH2Bfabp	CD15	CTBP2	1	0	0	2	1	10	.7242647	1	2	7.4058366	1.020888	.72937674	.4764144	.7014744	1	1	99	374704	5677	4231	6897	1924	66	2.466e+09	1	3723021	146034	127	251	184	116	9	1075419	656	9295.404	7523.2716	6097785	1669.463	-2.36e+07	0	4227.648	1119143	1472333	14_CTBP2	1	4	3	7.333333	4	1	5	.6924793	1.178402	1.071175	2.531313	.4569218	-.4471567	-.3336597	1.094618	-.5244005	.1383042	.5244005	-1.174987	1.561435	-.4610861	-.3186394	-.437478	-.5201756	.4307273	0	-.4549811	-1.040203	-.7745655	-.8353711	-1.118958	-.4549811	-.3593968	-.4795057	.0880656	.1323128	-.3829533
InsH2Bfabp_CD15_10dpf_VAST02_plate01_CTBP2_201002_E07	201002	1	NC253	insH2Bfabp	CD15	CTBP2	1	0	0	2	1	10	.7879061	1	2	8.9509044	.3062664	.68180869	.3743256	.779416	1	42	91	341382	8326	7120	8853	3282	41	3.026e+09	1	3741473	144899	133	200	172	150	24	519500	2272	8610.5004	7909.8489	1.96e+07	423.4326	-1.38e+07	0	3444.007	713945.3	985024.4	14_CTBP2	1	4	2	6.65	4	1	5	-2.118995	-2.531313	-2.118995	-1.75333	-2.118995	-.5141561	-.9750298	-1.223734	-.3451255	-.755415	.1763742	-.7388468	-1.088633	.0825485	.2499428	.1293777	-.397259	-.9674216	-.2669941	1.937932	1.412188	-.2216821	-.0880656	.2669941	-.4067242	-.4067242	-.2669941	-.8994349	-.4067242	.9674216
InsH2Bfabp_CD15_10dpf_VAST02_plate01_CTBP2_201002_E09	201002	1	NC269	insH2Bfabp	CD15	CTBP2	1	0	0	2	1	10	1	1	2	18.312198	.9187992	.68180869	.5785032	1.7147152	1	9	107															10	767872	495	10837.206	12940.627	5364417	-4652.164	-7.48e+07	0	4079.547	1044211	1422866	14_CTBP2	1	4	3	7.9	4	1	5	.0142427	.5875741	.5540488	.4569218	.6217734	-.014921	.1285329	.768643	1.200359	1.103063	.1763742	1.340755	.7379805	-.3535393	-.6136091	-.5628612	-2.012971													
InsH2Bfabp_CD15_10dpf_VAST02_plate01_CTBP2_201002_B06	201002	1	NC243	insH2Bfabp	CD15	CTBP2	1	0	0	2	1	10	0	0	1	15.222062	.6465624	.57081658	.170148	1.169124	1	32	81	328890	6578	5249	8762	3272	50	2.715e+09	1	3354403	126451	123	245	166	113	26	572393	2848	8203.3279	7297.9303	2.34e+07	904.4755	-4279762	1	4023.755	984545.9	1324471	14_CTBP2	1	4	2	5.816667	4	1	5	-.2152846	-.2445328	-.2445328	-.4569218	-.6567159	-.3501975	.3639316	-.1723557	.3718561	-1.554774	-.5680515	.5100735	-.6136091	.1323128	.3888753	.3186394	.2041513	-.529453	-.4549811	.1323128	-.3128614	-.6069868	-.1768208	.1768208	-.7745655	-.7164975	-.7164975	-.1323128	-.6069868	-.5549229
InsH2Bfabp_CD15_10dpf_VAST02_plate01_CTBP2_201002_E04	201002	1	NC231	insH2Bfabp	CD15	CTBP2	1	0	0	2	1	10	0	0	1	17.403334	1.1229768	.65009666	.5785032	1.4808904	1	20	69															0	691304	0		12914.168				13				14_CTBP2	1	4	2	4.966667	4	1	5								1.281552	.7063026	1.103063	-.0250689	1.150349	.1824072	-1.619856	-1.619856															
InsH2Bfabp_CD15_10dpf_VAST02_plate01_CTBP2_201002_B03	201002	1	NC220	insH2Bfabp	CD15	CTBP2	1	0	0	2	1	10	.6201982	1	2	9.5871088	.2722368	.53910454	.340296	.9352992	1	9	58															5	895491	304	329.625	241.64566	100206	3273.148	3.82e+07	144	3846.311	852939.1	1103143	14_CTBP2	1	4	2	4.066667	4	1	5	-.9750298	-1.123174	-1.178402	-.93019	-1.370745	1.041553	-2.531313	-1.44889	.0125335	-.9345893	-.8064212	-.5977601	1.21679	-.7820069	-.8510585	-2.439542	1.081642													
InsH2Bfabp_CD15_10dpf_VAST02_plate01_CTBP2_201002_B05	201002	1	NC236	insH2Bfabp	CD15	CTBP2	1	0	0	2	1	10	1	1	2	15.312948	.85074	.72937674	.5444736	1.3250072	1	25	74															22	746840	2555	7885.7679	7309.6446	2.01e+07	569.9117	-7603816	0	4013.678	1112893	1347156	14_CTBP2	1	4	2	5.316667	4	1	5	-.2739918	1.123174	.0142427	-.6567159	.0569997	.6193067	1.301224	.4795057	.5244005	.8064212	.5244005	.5680515	.5357877	.0329879	.3186394	.166648	-.0553215													
InsH2Bfabp_CD15_10dpf_VAST02_plate01_CTBP2_201002_B04	201002	1	NC228	insH2Bfabp	CD15	CTBP2	1	0	0	2	1	10	0	0	1	8.042041	.1361184	.57081658	.2722368	.389708	1	17	66																							0				14_CTBP2	1	4	2	4.755556	4	1	5								-1.788569	-.9541653	-1.174987	-.5680515	-1.015222																		
InsH2Bfabp_CD15_10dpf_VAST02_plate01_CTBP2_201002_H01	201002	1	NC211	insH2Bfabp	CD15	CTBP2	1	0	0	2	1	10	0	0	1	13.495221	.9868584	.85622486	.510444	.7014744	1	49	49	630920	6784	6102	8535	2786	93	5.048e+09	3	8154997	286761	179	364	183	168	4	627612	128	5697.6094	5778.2496	729294	604.6118	-1.28e+07	0	3990.808	981061.7	1448243	14_CTBP2	1	4	1	3.416667	4	1	5	-.4255243	-.2739918	.8456872	.1285329	-.4887764		1.178402	.9815618	-.5244005	.4676988	1.080319	.0627068	-.2841234	-.9500138	-1.059277	-1.630759	-.3186394	1.707553	2.375107	.4067242	.3128614	1.205345	-.2216821	-.2216821	2.375107	2.375107	1.412188	1.937932	.0880656	1.707553
InsH2Bfabp_CD15_10dpf_VAST02_plate01_CTBP2_201002_B08	201002	1	NC258	insH2Bfabp	CD15	CTBP2	1	0	0	2	1	10	0	0	1	19.311947	1.0889472	.53910454	.5444736	1.7926568	1	47	96	507585	7576	7685	6238	1931	67	3.132e+09	1	6456113	236666	146	292	211	163	0	1139414	0		8666.1592				25	4165.038	1138000	1540850	14_CTBP2	1	4	2	7	4	1	5	.3336597	1.301224	1.447606	.6924793	1.123174	.583549	.1862194	1.223734	1.439531	.8064212	-.8064212	1.811911	1.684395	-1.619856	-1.619856			.529453	1.040203	.9674216	1.937932	-.0880656	-1.118958	-1.040203	1.301807	1.543098	.1545286	.8669582	.8994349	1.412188
InsH2Bfabp_CD15_10dpf_VAST02_plate01_CTBP2_201002_E03	201002	1	NC223	insH2Bfabp	CD15	CTBP2	1	0	0	2	1	10	.9446145	1	2	7.3149503	.7146216	.52324853	.4764144	.6235328	1	12	61															3	387548	128	8802.8203	8168.417	1126761	240.4343	-3.46e+07	0				14_CTBP2	1	4	2	4.266666	4	1	5								.0263886	-.6744897	.1383042	-.9741139	-1.281552	-2.059215	-1.088633	-1.059277	-1.307107	-.9008895													
InsH2Bfabp_CD15_10dpf_VAST02_plate01_CTBP2_201002_B07	201002	1	NC251	insH2Bfabp	CD15	CTBP2	1	0	0	2	1	10	1	1	2	6.2243142	.4764144	.52324853	.2722368	.0779416	1	40	89															22	478395	1886	7096.7179	7023.9618	1.34e+07	195.5377	-1.17e+07	4	3279.096	767539.1	997794.8	14_CTBP2	1	4	2	6.5	4	1	5	-2.531313	-1.75333	-1.904707	-1.904707	-1.23748	-1.884304	.8871465	-.63364	-1.554774	-1.174987	-.9741139	-1.598193	-1.289085	.0329879	.0825485	-.0553215	-.2800857													
InsH2Bfabp_CD15_10dpf_VAST02_plate01_CTBP2_201002_G09	201002	1	NC271	insH2Bfabp	CD15	CTBP2	1	0	0	2	1	10	0	0	1	18.312198	.7486512	.66595267	.5444736	1.7926568	1	11	109															5	744234	144	7124.6528	8898.6219	1025950	-2497.644	-4.15e+07	11	4305.565	1084406	1491548	14_CTBP2	1	4	3	8.033334	4	1	5	1.071175	.93019	1.123174	-.0712713	.4099833	-.6933416	2.118995	.1190154	1.439531	.8064212	.0752699	1.340755	.4980894	-.7820069	-.9762363	-1.399161	-1.150349													
InsH2Bfabp_CD15_10dpf_VAST02_plate01_CTBP2_201002_B09	201002	1	NC266	insH2Bfabp	CD15	CTBP2	1	0	0	2	1	10	1	1	2	7.4058366	.4083552	.82451283	.1361184	.0779416	1	6	104															49	559680	4160	10918.311	9460.9263	4.54e+07	479.8151	-2369647	2	4087.556	1026939	1322483	14_CTBP2	1	4	3	7.683333	4	1	5	.0427396	.2739918	-.2739918	-.3036906	-.3945408	-.7318081	-.0998612	-.8798375	-1.554774	-2.17009	.9944579	-1.174987	-.6539285	.6136091	.6539285	.6065981	.3186394													
InsH2Bfabp_CD15_10dpf_VAST02_plate01_CTBP2_201002_E01	201002	1	NC208	insH2Bfabp	CD15	CTBP2	1	0	0	2	1	10	.0413362	0	1	18.584857	.6125328	.55496056	.510444	1.7147152	1	46	46	402109	6383	4881	9846	3341	63	3.755e+09	1	5535278	171984	181	221	188	173	4	811219	320	7580.8	8856.7573	2425856	-1980.729	-3.97e+07	20	4450.079	1178823	1563086	14_CTBP2	1	4	1	3.216667	4	1	5	2.118995	1.633934	1.75333	1.23748	1.178402	2.100166	.4887764	-.2806911	1.200359	.4676988	-.7063026	1.598193	.9244287	-.9500138	-.7820069	-1.150349	-1.081642	.2216821	.2669941	.0439901	-.6069868	.4549811	.3593968	.3593968	.5043221	.3128614	1.707553	-.4795057	.2898515	1.937932
InsH2Bfabp_CD15_10dpf_VAST02_plate01_CTBP2_201002_F09	201002	1	NC270	insH2Bfabp	CD15	CTBP2	1	0	0	2	1	10	0	0	1	18.49397	.9187992	.7928008	.5444736	0	1	10	108	454383	7449	8276	6393	2095	61	3.003e+09	1	5540875	176381	153	319	187	113	100	713714	7499	13276.897	11947.051	9.96e+07	-770.2726	2.86e+07	8	4353.297	1354184	1459518	14_CTBP2	1	5	3	7.966667	5	1	5	1.301224	2.531313	1.021921	-2.531313	2.531313	1.094332	1.123174	.768643	-2.17009	.8064212	.8238936	1.514102	.3888753	1.088633	1.088633	1.224965	.8468857	.0880656	.5549229	.8353711	2.375107	-.2669941	-.9674216	-.8994349	.5549229	.3593968	.5549229	1.301807	.2216821	-.5549229
InsH2Bfabp_CD15_10dpf_VAST02_plate01_CTBP2_201002_C09	201002	1	NC267	insH2Bfabp	CD15	CTBP2	1	0	0	2	1	10	1	1	2	6.0425415	.5444736	.53910454	.170148	.1558832	1	7	105	256356	6104	7104	12112	3003	42	3.117e+09	1	2436802	108798	112	185	177	102	80	661846	6640	11302.281	9210.752	7.50e+07	1226.919	2.96e+07	4	4017.283	961756.6	1235602	14_CTBP2	1	5	3	7.75	5	1	5	-.2445328	-.4887764	-.7668313	-1.178402	-.1862194	-.9438661	.3336597	-.4210971	-1.281552	-1.554774	-.8064212	-1.811911	.0494931	.9244287	.9762363	.8468857	.9576579	-.8994349	-.7745655	-.1323128	1.301807	-.1323128	.8353711	-.0880656	-1.118958	-.9674216	-1.205345	-1.118958	-.2669941	-1.040203
InsH2Bfabp_CD15_10dpf_VAST02_plate01_CTBP2_201002_C08	201002	1	NC259	insH2Bfabp	CD15	CTBP2	1	0	0	2	1	10	1	1	2	9.4053361	.7486512	.6976647	.4764144	.7014744	1	48	97	196286	4907	4191	8832	3226	40	1.742e+09	1	2898045	107042	118	200	163	101									0	4182.159	1002924	1414687	14_CTBP2	1	5	2	7.133333	5	1	5	.4887764	-.0712713	.4255243	.8871465	.521135	-1.041553	.6924793	.1190154	-.5244005	.1383042	.3318534	-.6433454						-1.040203	-1.301807	-1.301807	-1.118958	-1.412188	-.1323128	.1323128	-.8353711	-1.040203	-.8994349	-.8994349	-.6607511	-1.118958
InsH2Bfabp_CD15_10dpf_VAST02_plate02_CTBP2_201002_B02	201002	2	NC280	insH2Bfabp	CD15	CTBP2	1	0	0	2	1	10	0	0	1	13.996393	.4764144	.82451283	.4423848	1.4029488	1	20	118															13	647186	704	4727.4773	5415.2424	3328144	161.3939	-6778611	3	4101.691	1017683	1422149	14_CTBP2	1	5	3	9.366667	5	1	5	.0998612	.0998612	.521135	-.8056329	.3639316	-1.094332	.8456872	-.63364	.5828415	-.1763742	.9944579	.1891184	-.1156944	-.1824072	-.2160518	-.9008895	-.0184321													
InsH2Bfabp_CD15_10dpf_VAST02_plate02_CTBP2_201002_G01	201002	2	NC278	insH2Bfabp	CD15	CTBP2	1	0	0	2	1	10	1	1	2	11.416771	.3062664	.90379291	.4764144	.779416	1	18	116																							0	3906.239	841260.4	1190158	14_CTBP2	1	5	3	9.216666	5	1	5	-.6924793	-1.23748	-.93019	.7668313	-.0712713	.9438661	-.8456872	-1.223734	-.3451255	.1383042	1.150349	-.2663106																		
InsH2Bfabp_CD15_10dpf_VAST02_plate01_CTBP2_201002_F03	201002	1	NC224	insH2Bfabp	CD15	CTBP2	1	0	0	2	1	10	.8575509	1	2	8.7691317	.9868584	.52324853	.4423848	.7014744	1	13	62															10	681138	639	4698.0563	5338.776	3002058	242.9659	-6392459	0	4041.388	1000636	1411442	14_CTBP2	1	5	2	4.333333	5	1	5	-.0712713	-.0998612	.3639316	.6567159	-.4887764	1.345167	.0998612	.9815618	-.5244005	-.1763742	-.9741139	-.8238936	.1489679	-.3535393	-.3535393	-1.081642	.0184321													
InsH2Bfabp_CD15_10dpf_VAST02_plate02_CTBP2_201002_F01	201002	2	NC277	insH2Bfabp	CD15	CTBP2	1	0	0	2	1	10	1	1	2	12.111285	.3062664	.72937674	.1361184	.0779416	1	17	115															0	732444	0		6941.7347				0	3957.556	964552.9	1320838	14_CTBP2	1	5	3	9.15	5	1	5	-.4887764	-.4569218	-.3036906	-.521135	.2888094	.4144133	-1.178402	-1.223734	-1.554774	-2.17009	.5244005	-.1636585	.4247038	-1.619856	-1.619856															
InsH2Bfabp_CD15_10dpf_VAST02_plate02_CTBP2_201002_B01	201002	2	NC273	insH2Bfabp	CD15	CTBP2	1	0	0	2	1	10	0	0	1	18.461125	.85074	.44396845	.510444	2.338248	1	13	111															5	641673	304	11330.128	10708.365	3444359	-919.0569	-5.60e+07	0				14_CTBP2	1	5	3	8.516666	5	1	5								.4795057	1.750686	.4676988	-1.554774	1.439531	-.1489679	-.7820069	-.8510585	-.7952457	-1.504888													
InsH2Bfabp_CD15_10dpf_VAST02_plate01_CTBP2_201002_F07	201002	1	NC254	insH2Bfabp	CD15	CTBP2	1	0	0	2	1	10	1	1	2	8.4964727	.2382072	.63424064	.4083552	0	1	43	92															7	856775	528	3572.4129	2627.344	1886234	3053.035	1.77e+07	15	3722.646	756622.9	979521.5	14_CTBP2	1	5	2	6.716667	5	1	5	-1.370745	-1.904707	-2.531313	-1.123174	-1.904707	-1.731664	-1.75333	-1.619856	-2.17009	-.4817269	-.1383042	-.8964733	1.150349	-.6136091	-.4610861	-1.224965	.697813													
InsH2Bfabp_CD15_10dpf_VAST02_plate01_CTBP2_201002_F01	201002	1	NC209	insH2Bfabp	CD15	CTBP2	1	0	0	2	1	10	0	0	1	16.312698	.8847696	.61838462	.6125328	1.169124	1	47	47	477603	6123	5315	10492	3174	78	5.154e+09	3	5581629	180167	148	315	188	109	9	758247	496	6935.4335	8122.6285	3439975	-1560.489	-3.19e+07	0	4110.242	1095935	1458471	14_CTBP2	1	5	1	3.283333	5	1	5	.1573107	.9750298	.9750298	.1573107	.8456872	-2.100166	.5875741	.6175954	.3718561	1.405072	-.227545	.9741139	.6953402	-.4610861	-.5357877	-.8468857	-.8468857	1.25212	.7745655	-.0880656	-.2216821	1.301807	.6069868	.0439901	.6069868	.4549811	.2898515	1.205345	.2898515	-.8353711
InsH2Bfabp_CD15_10dpf_VAST02_plate01_CTBP2_201002_F04	201002	1	NC232	insH2Bfabp	CD15	CTBP2	1	0	0	2	1	10	1	1	2	10.3142	1.191036	.66595267	.510444	.8573576	1	21	70															185	693278	14528	14315.355	12842.671	2.08e+08	-1031.828	1.29e+08	0	4440.162	1099345	1493059	14_CTBP2	1	5	2	5.033333	5	1	5	1.904707	1.071175	1.178402	1.123174	.8056329	-1.21023	.521135	1.619856	-.1763742	.4676988	.0752699	-.4676988	.2841234	1.937932	1.839855	2.012971	1.789531													
InsH2Bfabp_CD15_10dpf_VAST02_plate01_CTBP2_201002_H05	201002	1	NC241	insH2Bfabp	CD15	CTBP2	1	0	0	2	1	10	0	0	1	5.5881098	1.1570064	.47568048	.4423848	.4676496	1	30	79	371156	6399	6265	4451	1285	58	1.725e+09	2	3642368	154640	143	200	172	137	66	699434	6032	10223.216	8970.4804	6.17e+07	496.6142	1.84e+07	0	3834.897	972418.5	1274885	14_CTBP2	1	5	2	5.683333	5	1	5	-1.021921	-.4255243	-.6567159	-.7291514	-.3336597	.4471567	-.1573107	1.412188	-.8238936	-.1763742	-1.253565	-1.959964	.3186394	.8276041	.8276041	.7456442	.7456442	-.0439901	-.0880656	.0880656	.5549229	-1.543098	-1.707553	-1.707553	-.5043221	.0880656	.0660118	-.8994349	-.4067242	.3829533
InsH2Bfabp_CD15_10dpf_VAST02_plate01_CTBP2_201002_C01	201002	1	NC206	insH2Bfabp	CD15	CTBP2	1	0	0	2	1	10	0	0	1	16.221812	.7146216	.57081658	.510444	1.4808904	1	44	44	595467	6924	5693	9832	3412	86	5.744e+09	1	6240660	229500	157	266	230	145	2	817873	79	5080.1266	6815.1288	401330	-1517.927	-2.27e+07	0	4294.191	1080129	1559662	14_CTBP2	1	5	1	3.066667	5	1	5	1.021921	.8871465	1.633934	.93019	1.301224	-.1346898	1.021921	.0263886	.7063026	.4676988	-.5680515	.9345893	1.030806	-1.150349	-1.150349	-1.789531	-.4784177	1.412188	1.543098	.5549229	.0880656	1.543098	.3128614	.4549811	1.205345	1.412188	.6607511	.5043221	1.937932	.7164975
InsH2Bfabp_CD15_10dpf_VAST02_plate01_CTBP2_201002_C05	201002	1	NC237	insH2Bfabp	CD15	CTBP2	1	0	0	2	1	10	1	1	2	12.768131	.510444	.6976647	.4083552	.8573576	1	26	75	334510	5869	6485	7747	2838	57	2.717e+09	1	5589127	161953	169	246	191	139									3	3885.805	972553.1	1280373	14_CTBP2	1	5	2	5.383333	5	1	5	-.8056329	-.3945408	-.6217734	-.2739918	-.2445328	.014921	-.5875741	-.5244005	-.1763742	-.4817269	.3318534	-.1130385						-.1101623	-.3593968	-.3128614	.7745655	-.5549229	-.4549811	-.1768208	.6607511	.1768208	1.205345	-.0219897	.4067242	.4549811
InsH2Bfabp_CD15_10dpf_VAST02_plate01_CTBP2_201002_H09	201002	1	NC272	insH2Bfabp	CD15	CTBP2	1	0	0	2	1	10	0	0	1	9.8597678	.8167104	.57081658	.4423848	.6235328	1	12	110															58	754760	4504	9858.8783	9995.3202	4.44e+07	-1355.304	-8362987	17	3998.185	1032921	1429984	14_CTBP2	1	5	3	8.1	5	1	5	-.3945408	.4255243	.6217734	1.071175	-.0427396	-.6193067	2.531313	.3500305	-.6744897	-.1763742	-.5680515	-.5533847	.6539285	.6953402	.7820069	.5628612	-.1293777													
InsH2Bfabp_CD15_10dpf_VAST02_plate01_CTBP2_201002_F08	201002	1	NC262	insH2Bfabp	CD15	CTBP2	1	0	0	2	1	10	.6206202	1	2	4.315701	.7146216	.44396845	.340296	.2338248	1	2	100															45	395016	3120	7458.674	6474.6521	2.33e+07	1354.831	3296557	16	3744.932	800078.1	1088219	14_CTBP2	1	5	3	7.4	5	1	5	-1.301224	-1.534121	-1.301224	-1.447606	-1.123174	-1.510357	.7668313	.0263886	-1.126391	-.9345893	-1.554774	-2.575829	-1.839855	.5168467	.4610861	.2800857	.5201756													
InsH2Bfabp_CD15_10dpf_VAST02_plate01_CTBP2_201002_H02	201002	1	NC218	insH2Bfabp	CD15	CTBP2	1	0	0	2	1	10	1	1	2	9.8597678	.9187992	.7928008	.2041776	1.0132408	1	7	56	458155	6942	6368	7673	2571	66	3.499e+09	1	6694345	221546	152	286	227	135	12	752667	496	8223.1573	8903.956	4078686	-1406.882	-3.85e+07	54	4107.462	1037437	1499160	14_CTBP2	1	5	2	3.916667	5	1	5	.1285329	.4887764	1.23748	1.178402	-.0998612	.3186394	1.534121	.768643	.1509692	-1.310579	.8238936	-.5533847	.5742636	-.2160518	-.5357877	-.7456442	-1.017694	.4307273	.6069868	.6069868	.7164975	.2669941	-.5043221	-.4549811	1.412188	1.205345	.4795057	.7164975	1.543098	.2669941
InsH2Bfabp_CD15_10dpf_VAST02_plate01_CTBP2_201002_C03	201002	1	NC221	insH2Bfabp	CD15	CTBP2	1	0	0	2	1	10	1	1	2	7.769382	.6465624	.44396845	.4083552	.5455912	1	10	59	374624	4995	4275	10163	3417	75	3.593e+09	1	4539797	154241	162	278	180	111	28	611218	2240	4619.2473	4987.5228	1.03e+07	674.0098	4224305	0	3826.428	915759.3	1280837	14_CTBP2	1	5	2	4.133333	5	1	5	-1.071175	-.8056329	-.5875741	-.5540488	-.8871465	-.9915265	.0427396	-.1723557	-.755415	-.4817269	-1.554774	-1.103063	-.4247038	.2160518	.2160518	-.1293777	.5628612	1.040203	-.0439901	-1.205345	-.9674216	.3128614	.5549229	.5549229	.0439901	0	.8994349	.6607511	-.0439901	-.6883569
InsH2Bfabp_CD15_10dpf_VAST02_plate01_CTBP2_201002_F06	201002	1	NC247	insH2Bfabp	CD15	CTBP2	1	0	0	2	1	10	1	1	2	10.768631	.4083552	.44396845	.4083552	.7014744	1	36	85	150923	5031	4712	13810	5463	30	1.907e+09	1	783443	48414	79	156	90	84	28	653094	2112	10560.73	8791.4885	2.23e+07	1093.94	-1.93e+07	1	3605.57	912678.8	1085004	14_CTBP2	1	5	2	6.1	5	1	5	-1.75333	-.8871465	-1.370745	.2445328	1.23748	.1046335	-1.534121	-.8798375	-.5244005	-.4817269	-1.554774	-.426148	-.0164917	.2160518	.1156944	.241944	-.437478	-1.412188	-1.543098	-1.040203	-.7745655	-1.301807	1.301807	1.707553	-1.707553	-1.707553	-1.707553	-1.707553	-1.937932	-1.543098
InsH2Bfabp_CD15_10dpf_VAST02_plate01_CTBP2_201002_F02	201002	1	NC217	insH2Bfabp	CD15	CTBP2	1	0	0	2	1	10	.9469089	1	2	6.2243142						6	55	394536	7891	6569	9634	3416	50	3.607e+09	1	3493203	146136	126	216	161	142	0	423598	0		3713.0997				0	3628.45	806403.5	1074238	14_CTBP2	1	5	2	3.833333	5	1	5	-1.633934	-1.447606	-1.447606	-.8871465	-1.301224	-1.150349	.0712713					-1.598193	-1.684395	-1.619856	-1.619856			-.529453	.1768208	1.301807	.8353711	.3593968	.2669941	.5043221	-.6069868	-.3128614	-.5549229	-.63364	-.7164975	.5549229
InsH2Bfabp_CD15_10dpf_VAST02_plate01_CTBP2_201002_C07	201002	1	NC252	insH2Bfabp	CD15	CTBP2	1	0	0	2	1	10	1	1	2	12.949903	.7826808	.6976647	.6125328	.9352992	1	41	90	397920	6632	5702	7892	2702	60	3.240e+09	2	5358145	139198	165	248	179	115									3				14_CTBP2	1	5	2	6.575	5	1	5								.2126769	.0125335	1.405072	.3318534	-.0125335						0	.2216821	.2669941	.1323128	-.0439901	-.3128614	-.3593968	.3128614	-.4549811	.9674216	.0439901	-.1545286	-.4549811
InsH2Bfabp_CD15_10dpf_VAST02_plate02_CTBP2_201002_E02	201002	2	NC283	insH2Bfabp	CD15	CTBP2	1	0	0	2	1	10	0	0	1	21.636045	1.1570064	1.1892012	.6465624	2.6500144	1	23	121																							37	4587.154	1268814	1701392	14_CTBP2	1	5	3	9.583333	5	1	5	2.531313	1.904707	2.531313	1.534121	1.534121	-.4144133	.4569218	1.412188	2.326348	1.811911	2.053749	2.575829																		
InsH2Bfabp_CD15_10dpf_VAST02_plate01_CTBP2_201002_C04	201002	1	NC229	insH2Bfabp	CD15	CTBP2	1	0	0	2	1	10	0	0	1	19.039288	.6125328	.65009666	.4083552	.0779416	1	18	67															10	850626	480	11291.608	11498.937	5419972	-2105.111	-6.14e+07	5				14_CTBP2	1	5	2	4.827778	5	1	5								-.2806911	-1.554774	-.4817269	-.0250689	1.695398	1.088633	-.3535393	-.6539285	-.5201756	-1.789531													
InsH2Bfabp_CD15_10dpf_VAST02_plate01_CTBP2_201002_H08	201002	1	NC264	insH2Bfabp	CD15	CTBP2	1	0	0	2	1	10	1	1	2	8.9509044	.8847696	.55496056	.510444	.7014744	1	4	102	279132	4897	3933	8909	3074	57	2.525e+09	1	3594155	125466	148	203	158	137	16	1070946	1568	6261.0491	5722.014	9817325	1249.679	-3146819	6				14_CTBP2	1	5	3	7.541667	5	1	5								.6175954	-.5244005	.4676988	-.7063026	-.7388468	1.458376	-.1156944	.0164917	-.166648	.241944	-.1101623	-.7164975	-1.412188	-1.412188	-.6607511	-.0439901	-.0439901	-.5549229	-.7745655	.2898515	-.7745655	-.9674216	.3829533
InsH2Bfabp_CD15_10dpf_VAST02_plate02_CTBP2_201002_D01	201002	2	NC275	insH2Bfabp	CD15	CTBP2	1	0	0	2	1	10	0	0	1	14.690907	.6125328	.95136096	.1361184	1.8705984	1	15	113	332179	5110	4032	9859	3663	65	3.269e+09	1	5596367	177857	151	290	197	133	4	648178	176	5403.358	7410.8431	950991	-2059.39	-2.77e+07	14	4031.614	1003148	1454688	14_CTBP2	1	5	3	9	5	1	5	-.1573107	-.0142427	.8871465	-.1573107	.3336597	-.5485223	.7291514	-.2806911	1.598193	-2.17009	1.372204	.3718561	-.0825485	-.9500138	-.9244287	-1.504888	-.7952457	.3360381	-.4067242	-.8353711	-1.301807	0	.4067242	.8994349	.7164975	.4067242	.4067242	.7745655	.6069868	.2216821
InsH2Bfabp_CD15_10dpf_VAST02_plate01_CTBP2_201002_H03	201002	1	NC226	insH2Bfabp	CD15	CTBP2	1	0	0	2	1	10	1	1	2	15.76738	.6125328	.52324853	.510444	1.4808904	1	15	64	502939	7738	7099	5646	1472	65	2.916e+09	1	4950884	182060	149	245	209	119									0	4156.182	1044076	1353467	14_CTBP2	1	5	2	4.466667	5	1	5	.3036906	.5540488	.0427396	.2152846	.5540488	.0447762	-.3639316	-.2806911	.7063026	.4676988	-.9741139	.722479						.3360381	.8353711	1.205345	1.205345	-.3593968	-1.412188	-1.543098	.2216821	.5043221	.3593968	-.1323128	.8353711	-.2669941
InsH2Bfabp_CD15_10dpf_VAST02_plate02_CTBP2_201002_E01	201002	2	NC276	insH2Bfabp	CD15	CTBP2	1	0	0	2	1	10	0	0	1	14.790123	.510444	.85622486	.4423848	1.6367736	1	16	114	571558	7938	6923	7557	2284	72	4.329e+09	2	6048609	221334	161	307	168	153	33	752913	1865	8452.9265	8738.251	1.58e+07	-936.588	-2.53e+07	2	4210.479	1018565	1443682	14_CTBP2	1	5	3	9.066667	5	1	5	.6217734	.1285329	.7668313	1.370745	1.071175	1.274797	-.8871465	-.5244005	.9741139	-.1763742	1.080319	.426148	.6136091	.3186394	.0494931	.0184321	-.697813	.7745655	1.301807	1.543098	1.040203	.8353711	-.6069868	-.6607511	1.118958	1.118958	.8045964	.9674216	-.5549229	1.118958
InsH2Bfabp_CD15_10dpf_VAST02_plate02_CTBP2_201002_D02	201002	2	NC282	insH2Bfabp	CD15	CTBP2	1	0	0	2	1	10	0	0	1	21.040747	.8167104	.98307299	.5785032	2.4161896	1	22	120	17021	2128	1028	243	45	8	4114655.3	1	3831	1189	18	24	18	14	4	483864	368	8841.3832	11198.686	3253629	-4119.515	-6.07e+07	0				14_CTBP2	1	5	3	9.508333	5	1	5								.3500305	1.959964	1.103063	1.514102	2.17009	-1.21679	-.9500138	-.7379805	-.9576579	-1.630759	-2.375107	-2.375107	-1.937932	-2.375107	-2.375107	-2.375107	-2.375107	-2.375107	-2.375107	-2.375107	-2.375107	-2.375107	-2.375107
InsH2Bfabp_CD15_10dpf_VAST02_plate01_CTBP2_201002_C06	201002	1	NC244	insH2Bfabp	CD15	CTBP2	1	0	0	2	1	10	.8022578	1	2	4.4974737	.7146216	.47568048	.4423848	0	1	33	82	256110	5022	4050	7830	2608	51	2.013e+09	1	3911160	135361	134	258	172	99	146	495454	10789	8017.2857	7161.0988	8.65e+07	917.0476	6.01e+07	0	3852.175	829297.5	1151488	14_CTBP2	1	5	2	5.883333	5	1	5	-.93019	-1.301224	-1.021921	-1.534121	-1.447606	-1.274797	-1.021921	.0263886	-2.17009	-.1763742	-1.253565	-2.17009	-1.150349	1.684395	1.684395	1.017694	1.504888	-.3829533	-.8353711	-1.118958	-1.205345	-1.118958	-.4067242	-.4067242	-.2216821	-.6069868	-.1992013	.3360381	-.4067242	-1.25212
InsH2Bfabp_CD15_10dpf_VAST02_plate01_CTBP2_201002_C02	201002	1	NC214	insH2Bfabp	CD15	CTBP2	1	0	0	2	1	10	.5463202	1	2	14.858517	.510444	.74523275	.4083552	1.169124	1	3	52	355566	5735	5229	12678	3612	62	4.322e+09	1	3454919	154288	116	277	192	122	38	693006	2641	5270.7808	6057.9366	1.39e+07	-228.1895	-2172926	0	4090.462	954220	1341833	14_CTBP2	1	5	2	3.616667	5	1	5	.0712713	-.5875741	-.0712713	-.3336597	.1862194	.7713894	.3945408	-.5244005	.3718561	-.4817269	.6588377	.4537622	.2499428	.3888753	.3535393	-.0184321	.3576728	.1768208	-.1768208	-.4067242	-.4067242	.7745655	.9674216	.7164975	-.6607511	.0439901	-1.040203	.6069868	.4795057	-.1323128
InsH2Bfabp_CD15_10dpf_VAST02_plate02_CTBP2_201002_F02	201002	2	NC284	insH2Bfabp	CD15	CTBP2	1	0	0	2	1	10	1	1	2	11.615203	.4764144	1.1892012	.3743256	1.2470656	1	24	122	288337	6007	5242	9086	3632	48	2.784e+09	1	4378828	146403	117	259	180	146									0	4024.336	902899.2	1259349	14_CTBP2	1	5	3	9.65	5	1	5	-.1862194	-.93019	-.6924793	.6217734	1.021921	.2564297	-.4255243	-.63364	.4676988	-.755415	2.053749	-.2147016						-.63364	-.6607511	-.2216821	-.3593968	-.4549811	0	.7745655	0	-.2669941	-.9674216	.4067242	-.0439901	.8669582
