filename	date	plate	index	line	diet	Exp	overfeeding	cholesterol	glucose	VAST	Imaged	age	N001_nwt	cdkn1a_dich	qRNA	protein	ldl	tg	tc	gluc	Anders_batch	pos_bio	Löpnr	Volume	CellVolume_Av	CellVolume_Stdev	CellInt_Av	CellInt_Stdev	NrCells	CellInt_Tot	isletNr	IV	ISA	IED	IPAL1	IPAL2	IPAL3	LiverLipN	LiverArea	LiverLipArea	LiverLipInt_Av	LiverLipIntBG	LiverLipInt_Tot	LiverLipInt_Av_Res	LiverLipInt_Tot_Res	vld_area	length	dorsal_area	lateral_area	file	batch	tank	batch_bio	tod	tank_n	batch_n	nr_tanks	intlength	intdorsal_area	intlateral_area	intangle	inteye_area	intcurvature	intpig_dorsal_tail	intldl	inttg	inttc	intgluc	intprotein	intLiverArea	intLiverLipN	intLiverLipArea	intLiverLipInt_Tot	intLiverLipInt_Tot_Res	intNrCells	intVolume	intCellVolume_Av	intCellVolume_Stdev	intCellInt_Tot	intCellInt_Av	intCellInt_Stdev	intIV	intISA	intIED	intIPAL1	intIPAL2	intIPAL3
InsH2Bfabp_CD15_10dpf_VAST02_plate01_CDKN1A_200709_E02	200709	1	NA367	insH2Bfabp	CD15	CDKN1A	1	0	0	2	1	10	.9144855	1	2	6.1102526	1.1229768	1.0911824	.4423848	.19027219	1	19	68																								4095.546	1205560	1559931	1_CDKN1A	1	1	1	4.133333	1	1	7	.8801318	1.48947	1.382994	1.13214	1.382994	.4668251	.7383242	1.263188	.9601961	1.470951	-1.263188	-1.157199																		
InsH2Bfabp_CD15_10dpf_VAST02_plate01_CDKN1A_200709_E03	200709	1	NA374	insH2Bfabp	CD15	CDKN1A	1	0	0	2	1	10	.0354302	0	1	10.463299	.9528288	.8573576	.340296	.34883235	1	26	75																							21	3938.728	1108332	1445925	1_CDKN1A	1	1	1	4.516667	1	1	7	.1717471	.6744897	.4941332	.4516583	.9982012		1.754382	.7626835	.4507442	.5432517	-.1642108	.3149377																		
InsH2Bfabp_CD15_10dpf_VAST02_plate01_CDKN1A_200709_G02	200709	1	NA369	insH2Bfabp	CD15	CDKN1A	1	0	0	2	1	10	.0314195	0	1	12.186381	1.020888	1.0911824	.4423848	.38054438	1	21	70																							241	3793.19	1022513	1313795	1_CDKN1A	1	1	1	4.25	1	1	7	-.5375191	-.0189907	-.3286447	.4099833	.773217	.8031726	.2822162	.9601961	.9601961	1.470951	0	.6656764																		
InsH2Bfabp_CD15_10dpf_VAST02_plate01_CDKN1A_200709_A03	200709	1	NA371	insH2Bfabp	CD15	CDKN1A	1	0	0	2	1	10	1	1	2	10.100546	.85074	.389708	.170148	.26955227	1	23	72	293194	6374	5779	5946	2718	46	1.656e+09	2	4176542	144295	132	243	214	104									169	3821.411	972986.8	1287207	1_CDKN1A	1	1	1	4.366667	1	1	7	-.3286447	-.3690087	-.4099833	-.7229722	-.9084579	-1.366204	.409	.3619474	-1.604084	-1.233495	-.799651	.1697986						.5894558	.6314019	.8122178	.9132499	-.1749599	-.3928308	.1749599	.7188681	.7188681	.2461637	-.4692529	.5894558	.4692529
InsH2Bfabp_CD15_10dpf_VAST02_plate01_CDKN1A_200709_A01	200709	1	NA356	insH2Bfabp	CD15	CDKN1A	1	0	0	2	1	10	.7726852	1	2	9.4657262	1.2250656	1.4808904	.510444	.33297634	1	8	57	378722	5260	5186	2902	684	72	1.087e+09	1	5529721	176903	165	296	177	120									23				1_CDKN1A	1	1	1	3.533333	1	1	7								1.51239	1.711675	2.136868	-.3474399	0						1.479941	1.150349	-.2461637	.5485223	-.8122178	-2.200411	-2.200411	1.150349	1.150349	1.731664	.4692529	-.3186394	.9132499
InsH2Bfabp_CD15_10dpf_VAST02_plate01_CDKN1A_200709_A02	200709	1	NA363	insH2Bfabp	CD15	CDKN1A	1	0	0	2	1	10	1	1	2	6.1102526	1.0549176	.4676496	.2041776	.45982446	1	15	64																							52	3800.204	980239.3	1267304	1_CDKN1A	1	1	1	3.933333	1	1	7	-.4941332	-.3286447	-.5375191	.4941332	.0189907		-.6374841	1.099066	-1.004335	-.8972881	.5591096	-1.157199																		
InsH2Bfabp_CD15_10dpf_VAST02_plate01_CDKN1A_200709_D01	200709	1	NA359	insH2Bfabp	CD15	CDKN1A	1	0	0	2	1	10	1	1	2	9.0122839	.4423848	.8573576	.3743256	.3012643	1	11	60	255198	5430	4947	4038	1501	47	9.918e+08	1	4102312	132277	158	253	159	126									61	3825.701	908103	1212319	1_CDKN1A	1	2	1	3.683333	2	1	7	-.2104284	-.8801318	-.8254945	-.6744897	-.5819415	.0587829	-.3238762	-1.050522	.4507442	.9820262	-.6406669	-.3149377						.7188681	.5485223	-.1046335	.4692529	-.9132499	-1.150349	-.3186394	.4692529	.3928308	1.479941	-.2104284	-.7188681	1.150349
InsH2Bfabp_CD15_10dpf_VAST02_plate01_CDKN1A_200709_B02	200709	1	NA364	insH2Bfabp	CD15	CDKN1A	1	0	0	2	1	10	.5491117	1	2	13.183954	1.0549176	1.3250072	.4764144	.80865682	1	16	65	378088	5560	4526	2955	754	68	1.125e+09	1	5549210	192796	141	284	230	125									7	3821.834	1030977	1396234	1_CDKN1A	1	2	1	3.983333	2	1	7	-.2888094	.0950912	.2104284	-.1717471	-.6744897	-.0980721	.7916386	1.099066	1.394908	1.773856	2.136868	1.078302						1.150349	1.024592	.1749599	.1046335	-.5485223	-1.731664	-1.479941	1.297543	1.297543	.8122178	.2104284	.9132499	1.024592
InsH2Bfabp_CD15_10dpf_VAST02_plate01_CDKN1A_200709_H02	200709	1	NA370	insH2Bfabp	CD15	CDKN1A	1	0	0	2	1	10	0	0	1	9.3750378	.9528288	1.6367736	.2041776	.33297634	1	22	71																							80	3887.945	1106956	1396653	1_CDKN1A	1	2	1	4.3	2	1	7	-.0569997	.6275435	.2494273	-.0189907	1.13214	.650104		.7626835	1.924054	-.8972881	-.3474399	-.0563585																		
InsH2Bfabp_CD15_10dpf_VAST02_plate01_CDKN1A_200709_F02	200709	1	NA368	insH2Bfabp	CD15	CDKN1A	1	0	0	2	1	10	1	1	2	8.9215954	.85074	1.169124	.340296	.45982446	1	20	69	221995	5163	3780	4509	1416	43	9.215e+08	1	3270622	138783	140	199	151	151									33	3707.24	930398.9	1188962	1_CDKN1A	1	2	1	4.2	2	1	7	-.773217	-.6275435	-.9375322	-.2104284	.0950912	-1.189164	-.9674216	.3619474	1.124338	.5432517	.5591096	-.3446772						.3554904	.3186394	-.3186394	-.5485223	-1.024592	-.7188681	-.5485223	-.3186394	.5485223	.6314019	-1.479941	-.9674216	2.200411
InsH2Bfabp_CD15_10dpf_VAST02_plate01_CDKN1A_200709_D02	200709	1	NA366	insH2Bfabp	CD15	CDKN1A	1	0	0	2	1	10	0	0	1		.6125328	.389708	.2382072	.22198422	1	18	67																							59	3813.006	934615.8	1215235	1_CDKN1A	1	2	1	4.083333	2	1	7	-.4099833	-.5375191	-.773217	-1.290233	-1.062786	-.4668251	1.593219	-.5432517	-1.604084	-.5275293	-.9601961																			
InsH2Bfabp_CD15_10dpf_VAST02_plate01_CDKN1A_200715_A01	200715	1	NA379	insH2Bfabp	CD15	CDKN1A	1	0	0	2	1	10	0	0	1	17.2064	.7826808	.6235328	.340296	.45982446	1	31	80																							0	4206.303	1090612	1524685	1_CDKN1A	2	3	2	3.383333	3	2	7	1.382994	.4516583	1.13214	.6275435	.3690087	.5561256	0	.0408803	-.3765316	.5432517	.5591096	2.535274																		
InsH2Bfabp_CD15_10dpf_VAST02_plate01_CDKN1A_200715_C07	200715	1	NA427	insH2Bfabp	CD15	CDKN1A	1	0	0	2	1	10	0	0	1	10.434583	.7826808	1.169124	.340296	.52324853	1	30	128																							0	3950.541	1022094	1369512	1_CDKN1A	2	3	3	6.383333	3	2	7	.2104284	-.0569997	.0189907	.5819415	.8801318	-.2573935	-.0397983	.0408803	1.124338	.5432517	1.294038	.2854742																		
InsH2Bfabp_CD15_10dpf_VAST02_plate01_CDKN1A_200715_E10	200715	1	NA451	insH2Bfabp	CD15	CDKN1A	1	0	0	2	1	10	.5984226	1	2	6.4705928	.6465624	.7014744	.2382072	.31712032	1	5	152																								3522.005	759778.1	1075060	1_CDKN1A	2	3	4	8.766666	3	2	7	-1.382994	-2.000424	-1.616156	-2.428737	-1.690622	-.0195843	-2.411822	-.481115	0	-.5275293	-.5432517	-.9378634																		
InsH2Bfabp_CD15_10dpf_VAST02_plate01_CDKN1A_200715_G07	200715	1	NA431	insH2Bfabp	CD15	CDKN1A	1	0	0	2	1	10	0	0	1	12.829494	.9528288	1.4808904	.4083552	.41225642	1	34	132																							19	4029.176	1106358	1472841	1_CDKN1A	2	3	3	6.6	3	2	7	.4941332	.5819415	.6744897	1.207414	2.000424	.0195843	.2002695	.7626835	1.711675	1.204851	.1918929	.8950011																		
InsH2Bfabp_CD15_10dpf_VAST02_plate01_CDKN1A_200715_E06	200715	1	NA421	insH2Bfabp	CD15	CDKN1A	1	0	0	2	1	10	1	1	2	7.874506	.7146216	.8573576	.2722368	.3012643	1	24	122																							0	3519.774	807240.9	1096474	1_CDKN1A	2	3	3	5.85	3	2	7	-1.48947	-1.48947	-1.48947	-1.062786	-2.000424	-.2981024	-1.033036	-.2337006	.4507442	-.1092005	-.6406669	-.5635893																		
InsH2Bfabp_CD15_10dpf_VAST02_plate01_CDKN1A_200715_C08	200715	1	NA435	insH2Bfabp	CD15	CDKN1A	1	0	0	2	1	10	1	1	2	12.251412	.85074	.7014744	.2722368	.44396845	1	38	136	139235	4351	3871	18806	4579	32	2.480e+09	1	3586671	109318	121	292	179	77									2	3876.248	996209.7	1394679	1_CDKN1A	2	3	3	6.816667	3	2	7	-.0950912	-.2104284	.1717471	-.3286447	-.4099833	.9778975	-.2822162	.3619474	0	-.1092005	.3765316	.7012515						-.3186394	-.5485223	-.9132499	-.3928308	.4692529	1.024592	1.150349	.0348213	-.2461637	-.1046335	.3186394	-.2461637	-.3554904
InsH2Bfabp_CD15_10dpf_VAST02_plate01_CDKN1A_200715_G10	200715	1	NA453	insH2Bfabp	CD15	CDKN1A	1	0	0	2	1	10	0	0	1	8.452588	.6125328	.8573576	.2382072	.34883235	1	7	154																							16				1_CDKN1A	2	3	4	8.883333	3	2	7								-.5432517	.4507442	-.5275293	-.1642108	-.4987188																		
InsH2Bfabp_CD15_10dpf_VAST02_plate01_CDKN1A_200715_G02	200715	1	NA391	insH2Bfabp	CD15	CDKN1A	1	0	0	2	1	10	0	0	1	10.599749	1.0549176	1.169124	.3743256	.15856016	1	43	92																							66	3823.554	850083	1206353	1_CDKN1A	2	3	2	4.166667	3	2	7	-.2494273	-1.13214	-.8801318	-.8254945	-.9982012	1.601009	.2410404	1.099066	1.124338	.9820262	-1.655485	.3446772																		
InsH2Bfabp_CD15_10dpf_VAST02_plate01_CDKN1A_200715_A05	200715	1	NA409	insH2Bfabp	CD15	CDKN1A	1	0	0	2	1	10	0	0	1	9.5261687	.6465624	.9352992	.2722368	.36468837	1	12	110																							0	3419.521	788489.1	1128803	1_CDKN1A	2	3	3	5.2	3	2	7	-2.000424	-1.616156	-1.207414	-2.000424	-1.207414	1.473468	-.6870306	-.481115	.6744897	-.1092005	-.0681677	.0281681																		
InsH2Bfabp_CD15_10dpf_VAST02_plate01_CDKN1A_200715_E11	200715	1	NA459	insH2Bfabp	CD15	CDKN1A	1	0	0	2	1	10	.0306212	0	1	8.3091631	.510444	.6235328	.2382072	.71352072	1	13	160	164478	4445	3811	14817	2880	37	2.397e+09	1	3703185	110439	144	235	151	108									2	3684.622	914936.8	1338259	1_CDKN1A	2	3	4	9.333333	3	2	7	-.8801318	-.8254945	-.1333212	-.773217	-.3690087	.0980721	.5894558	-.799651	-.3765316	-.5275293	1.843765	-.5308747						-.1046335	-.2461637	-.8122178	-.4692529	.3186394	.4692529	.3186394	.1749599	-.1749599	1.024592	-.6314019	-.9674216	.5485223
InsH2Bfabp_CD15_10dpf_VAST02_plate01_CDKN1A_200715_A10	200715	1	NA447	insH2Bfabp	CD15	CDKN1A	1	0	0	2	1	10	1	1	2	14.068241	.7486512	.7014744	.1020888	.52324853	1	1	148	124713	4454	3606	15090	2315	28	1.943e+09	1	2038294	76084	81	261	214	69									39	3889.097	916611.6	1303477	1_CDKN1A	2	3	4	8.55	3	2	7	-.0189907	-.773217	-.3690087	-.6275435	-.8254945	-.217107	-1.465234	-.0955058	0	-2.294895	1.294038	1.307593						-.6744897	-.6314019	-.7188681	-.9132499	-.0348213	.6314019	-.0348213	-.9132499	-1.024592	-1.150349	-.0348213	.5894558	-.8122178
InsH2Bfabp_CD15_10dpf_VAST02_plate01_CDKN1A_200715_C11	200715	1	NA457	insH2Bfabp	CD15	CDKN1A	1	0	0	2	1	10	.0297165	0	1	16.186648	.1020888	1.3250072	.2382072	.6976647	1	11	158	245402	4812	3220	15002	3144	51	3.659e+09	1	5936735	162791	127	298	245	118									4	3919.72	1015575	1462344	1_CDKN1A	2	3	4	9.116667	3	2	7	.1333212	-.1333212	.6275435	.0569997	-.4516583	.4235761	.4972006	-1.843765	1.394908	-.5275293	1.655485	1.639431						.8616341	.4692529	-.5485223	-1.150349	1.297543	.5485223	.5485223	1.731664	.8122178	.1046335	.5485223	1.479941	.8122178
InsH2Bfabp_CD15_10dpf_VAST02_plate01_CDKN1A_200715_G03	200715	1	NA399	insH2Bfabp	CD15	CDKN1A	1	0	0	2	1	10	1	1	2	11.838496	.9187992	1.4029488	.4083552	.3964004	1	2	100																							18	4053.663	1068406	1433767	1_CDKN1A	2	3	3	4.583333	3	2	7	.5375191	.3286447	.3690087	.8801318	1.207414	1.043158	-.7916386	.5912576	1.556601	1.204851	.0818291	.5969185																		
InsH2Bfabp_CD15_10dpf_VAST02_plate01_CDKN1A_200715_A09	200715	1	NA440	insH2Bfabp	CD15	CDKN1A	1	0	0	2	1	10	1	1	2	13.655325	.85074	.6235328	.2382072	.38054438	1	43	141																							8	4071.618	1116945	1488333	1_CDKN1A	2	3	3	7.116667	3	2	7	.773217	.9375322	.773217	.9982012	1.616156	-.1771698	-.1196481	.3619474	-.3765316	-.5275293	0	1.244045																		
InsH2Bfabp_CD15_10dpf_VAST02_plate01_CDKN1A_200715_E07	200715	1	NA429	insH2Bfabp	CD15	CDKN1A	1	0	0	2	1	10	.7373316	1	2	9.7739181	.85074	.4676496	.3743256	.4915365	1	32	130	113321	3148	3041	19745	5050	36	2.074e+09	1	2601720	103100	125	317	115	78									0	4067.87	984381.4	1371097	1_CDKN1A	2	3	3	6.483333	3	2	7	.7229722	-.2888094	.0569997	-.2494273	-.3286447	-.5561256	-.7383242	.3619474	-1.004335	.9820262	.9388143	.0845939						-.2104284	-.7188681	-2.200411	-1.479941	.0348213	1.150349	2.200411	-.6314019	-.3928308	.0348213	.9132499	-1.150349	-.2461637
InsH2Bfabp_CD15_10dpf_VAST02_plate01_CDKN1A_200715_G05	200715	1	NA415	insH2Bfabp	CD15	CDKN1A	1	0	0	2	1	10	0	0	1	6.9660916	.9868584	.7014744	.340296	.45982446	1	18	116																							14	3788.516	878913.6	1268186	1_CDKN1A	2	3	3	5.516667	3	2	7	-.5819415	-.9982012	-.4941332	-.5819415	-.0189907	.9165567	.1196481	.8770955	0	.5432517	.5591096	-.7377372																		
InsH2Bfabp_CD15_10dpf_VAST02_plate01_CDKN1A_200715_A11	200715	1	NA455	insH2Bfabp	CD15	CDKN1A	1	0	0	2	1	10	.9655395	1	2	10.029533	.1361184	.779416	.1361184	.42811243	1	9	156	149250	7107	5302	15959	4595	21	2.428e+09	1	2524942	91696	123	235	174	65									5	4176.176	1114194	1503197	1_CDKN1A	2	3	4	9	3	2	7	1.207414	.8254945	.8254945	.6744897	-.2888094	.3393116	-.3661064	-1.470951	.2477242	-1.711675	.2759211	.1412905						-.9132499	-.3928308	1.150349	.6314019	.3928308	.9132499	1.297543	-.7188681	-.7188681	-.0348213	-.6314019	-.5485223	-1.085325
InsH2Bfabp_CD15_10dpf_VAST02_plate01_CDKN1A_200715_A07	200715	1	NA425	insH2Bfabp	CD15	CDKN1A	1	0	0	2	1	10	0	0	1	16.710901	1.020888	1.7147152	.170148	.42811243	1	28	126	100816	4201	4700	14653	3459	24	1.565e+09	1	4365092	136337	135	323	232	74									0	4134.932	1108482	1522113	1_CDKN1A	2	3	3	6.283333	3	2	7	.9982012	.7229722	1.062786	1.062786	.2494273	.8584844	-.409	.9601961	2.136868	-1.233495	.2759211	1.758563						-.8122178	-.9132499	-1.024592	.3186394	-.2461637	.3186394	.6314019	.8122178	.4692529	.3186394	1.024592	1.085325	-.5485223
InsH2Bfabp_CD15_10dpf_VAST02_plate01_CDKN1A_200715_C06	200715	1	NA419	insH2Bfabp	CD15	CDKN1A	1	0	0	2	1	10	0	0	1	9.2784193	.85074	1.0132408	.4083552	.45982446	1	22	120	150527	3584	3707	15224	2927	42	2.289e+09	1	2821408	102349	103	235	233	68									19	3663.684	872438.7	1222249	1_CDKN1A	2	3	3	5.733333	3	2	7	-.9982012	-1.062786	-.7229722	-1.48947	-1.48947	-.0587829	-.8473045	.3619474	.837745	1.204851	.5591096	-.1128968						.2104284	-.3186394	-1.731664	-.6314019	.1749599	.7188681	.3928308	-.5485223	-.4692529	-.5894558	-.6314019	1.297543	-.9132499
InsH2Bfabp_CD15_10dpf_VAST02_plate01_CDKN1A_200715_E09	200715	1	NA443	insH2Bfabp	CD15	CDKN1A	1	0	0	2	1	10	.5460688	1	2	10.764916	.4764144	.779416	.2722368	.47568048	1	46	144	225275	5495	5616	11383	2023	41	2.543e+09	1	3029866	118430	130	253	172	85									0	3846.785	930967.1	1223609	1_CDKN1A	2	3	3	8.083333	3	2	7	-.1333212	-.5819415	-.6744897	.1333212	-.0950912	.7502154	.0397983	-.9388143	.2477242	-.1092005	.7445865	.4051146						.1046335	.3928308	.1046335	.8122178	.6314019	.0348213	-.1046335	-.4692529	.1046335	.1749599	-.2104284	-.6314019	0
InsH2Bfabp_CD15_10dpf_VAST02_plate01_CDKN1A_200715_D02	200715	1	NA388	insH2Bfabp	CD15	CDKN1A	1	0	0	2	1	10	0	0	1	7.7093398	.680592	.6235328	.170148	0	1	40	89	168396	5432	4613	14788	2697	31	2.521e+09	1	1680859	78088	88	222	184	77									14	3640.605	897396.3	1183773	1_CDKN1A	2	4	2	4	4	2	7	-1.13214	-.9375322	-.9982012	-.5375191	.4941332	-.6024495	-.9057289	-.3765316	-.3765316	-1.233495	-2.136868	-.5969185						-.4307273	-.1046335	-.0348213	.2461637	.5485223	.3928308	.1046335	-1.024592	-.9132499	-1.024592	-1.150349	-.1749599	-.3554904
InsH2Bfabp_CD15_10dpf_VAST02_plate01_CDKN1A_200715_H05	200715	1	NA416	insH2Bfabp	CD15	CDKN1A	1	0	0	2	1	10	.6390217	1	2	10.104251	.1361184	.6235328	.340296	.33297634	1	19	117	216537	6015	4500	21111	4932	36	4.752e+09	1	3452921	114433	107	302	187	74									14	4336.398	1048099	1443547	1_CDKN1A	2	4	3	5.583333	4	2	7	1.48947	.2494273	.4516583	.0950912	-.0569997	2.417559	.5427505	-1.470951	-.3765316	.5432517	-.3474399	.227256						-.2104284	.1749599	.5485223	.0348213	2.200411	1.731664	1.479941	-.0348213	.0348213	-.3928308	.7188681	-.0348213	-.5485223
InsH2Bfabp_CD15_10dpf_VAST02_plate01_CDKN1A_200715_B09	200715	1	NA441	insH2Bfabp	CD15	CDKN1A	1	0	0	2	1	10	0	0	1	13.24241	.85074	.5455912	.340296	.28540829	1	44	142																							16	4117.255	1043000	1318714	1_CDKN1A	2	4	3	7.166667	4	2	7	.9375322	.1333212	-.2888094	-.0950912	.6744897	.6992833	-.5427505	.3619474	-.7091025	.5432517	-.7091025	1.130117																		
InsH2Bfabp_CD15_10dpf_VAST02_plate01_CDKN1A_200715_D11	200715	1	NA458	insH2Bfabp	CD15	CDKN1A	1	0	0	2	1	10	.5545274	1	2	5.9549721	.5785032	.6235328	.3062664	.17441618	1	12	159	197526	4703	4553	14425	4010	42	2.880e+09	2	3374294	111913	105	306	211	89									183	3831.492	962444.4	1355949	1_CDKN1A	2	4	4	9.166667	4	2	7	-.1717471	-.4099833	-.0569997	-.4516583	-.7229722	1.76167	.1598289	-.6075616	-.3765316	.1642108	-1.470951	-1.244045						.2104284	.1046335	-.6314019	.1749599	.8122178	.2461637	.9132499	-.1749599	-.0348213	-.4692529	.8122178	.4692529	.1749599
InsH2Bfabp_CD15_10dpf_VAST02_plate01_CDKN1A_200715_F07	200715	1	NA430	insH2Bfabp	CD15	CDKN1A	1	0	0	2	1	10	.7211607	1	2	10.930082	.9528288	.6235328	.2382072	.47568048	1	33	131																							1	3993.273	1049101	1389355	1_CDKN1A	2	4	3	6.55	4	2	7	.4099833	.2888094	.1333212	.5375191	1.48947	1.272699	.0796597	.7626835	-.3765316	-.5275293	.7445865	.4358834																		
InsH2Bfabp_CD15_10dpf_VAST02_plate01_CDKN1A_200715_H06	200715	1	NA424	insH2Bfabp	CD15	CDKN1A	1	0	0	2	1	10	.9490229	1	2	6.635759	.9187992	.8573576	.3062664	.31712032	1	27	125																								3255.173	705526.4	905052.5	1_CDKN1A	2	4	3	6.016667	4	2	7	-2.428737	-2.428737	-2.428737	2.428737	-1.690622	-.9778975	-1.980752	.5912576	.4507442	.1642108	-.5432517	-.8138509																		
InsH2Bfabp_CD15_10dpf_VAST02_plate01_CDKN1A_200715_H11	200715	1	NA462	insH2Bfabp	CD15	CDKN1A	1	0	0	2	1	10	0	0	1	7.0415218	.4083552	.7014744	.2382072	.65009666	1	16	163																							14	3655.672	925239.9	1181007	1_CDKN1A	2	4	4	9.483334	4	2	7	-1.062786	-.7229722	-1.062786	-1.382994	.4516583	-.650104	-1.357561	-1.204851	0	-.5275293	1.556601	-.7012515																		
InsH2Bfabp_CD15_10dpf_VAST02_plate01_CDKN1A_200715_H02	200715	1	NA392	insH2Bfabp	CD15	CDKN1A	1	0	0	2	1	10	.0925411	0	1	14.728906	.7486512	.7014744	.2382072	.41225642	1	44	93																							12	4200.812	1095771	1484176	1_CDKN1A	2	4	2	4.216667	4	2	7	1.290233	.5375191	.7229722	.1717471	.1717471	1.987428	1.980752	-.0955058	0	-.5275293	.1918929	1.453563																		
InsH2Bfabp_CD15_10dpf_VAST02_plate01_CDKN1A_200715_F08	200715	1	NA438	insH2Bfabp	CD15	CDKN1A	1	0	0	2	1	10	.5495427	1	2	16.876067	.510444	.9352992	.2722368	.41225642	1	41	139																							7	3973.186	1044719	1332606	1_CDKN1A	2	4	3	6.966667	4	2	7	.2888094	.1717471	-.1717471	.3286447	.7229722	.1375134	-.2410404	-.799651	.6744897	-.1092005	.1918929	1.909639																		
InsH2Bfabp_CD15_10dpf_VAST02_plate01_CDKN1A_200715_F02	200715	1	NA390	insH2Bfabp	CD15	CDKN1A	1	0	0	2	1	10	.8215159	1	2	8.5351711	.7146216	.7014744	.2382072	.34883235	1	42	91	172544	5566	4303	15784	3102	31	2.723e+09	1	3409710	111550	108	265	249	88									39	3987.322	1045631	1457783	1_CDKN1A	2	4	2	4.116667	4	2	7	.3690087	.2104284	.5375191	.0189907	-.2494273	1.113194	-1.263668	-.2337006	0	-.5275293	-.1642108	-.4358834						-.4307273	-.0348213	.2461637	-.3186394	.7188681	.8122178	.4692529	-.1046335	-.1046335	-.2822162	.0348213	1.731664	.1046335
InsH2Bfabp_CD15_10dpf_VAST02_plate01_CDKN1A_200715_F04	200715	1	NA406	insH2Bfabp	CD15	CDKN1A	1	0	0	2	1	10	0	0	1	7.3790072	.7486512	.9352992	.4083552	.28540829	1	9	107																							18	3671.018	926391.3	1159219	1_CDKN1A	2	4	3	5.033333	4	2	7	-.9375322	-.6744897	-1.13214	-.9982012	.5819415	-.7502154	-1.103428	-.0955058	.6744897	1.204851	-.7091025	-.6656764																		
InsH2Bfabp_CD15_10dpf_VAST02_plate01_CDKN1A_200715_B07	200715	1	NA426	insH2Bfabp	CD15	CDKN1A	1	0	0	2	1	10	0	0	1	12.499161	.85074	1.3250072	.340296	.47568048	1	29	127	87452	5466	4484	6567	1224	16	5.806e+08	1	643652	38403	65	158	110	62									0				1_CDKN1A	2	4	3	6.333333	4	2	7								.3619474	1.394908	.5432517	.7445865	.8138509						-1.479941	-1.479941	.0348213	-.0348213	-1.297543	-.1749599	-1.024592	-1.479941	-1.479941	-1.479941	-1.731664	-1.297543	-1.479941
InsH2Bfabp_CD15_10dpf_VAST02_plate01_CDKN1A_200715_F03	200715	1	NA398	insH2Bfabp	CD15	CDKN1A	1	0	0	2	1	10	.737581	1	2	9.113253	.1020888	.8573576	.340296	.33297634	1	1	99																							41	3891.735	1020749	1340023	1_CDKN1A	2	4	3	4.533333	4	2	7	.0189907	-.0950912	-.0950912	1.77585	.9375322	.6024495	.6870306	-1.843765	.4507442	.5432517	-.3474399	-.2562565																		
InsH2Bfabp_CD15_10dpf_VAST02_plate01_CDKN1A_200715_F06	200715	1	NA422	insH2Bfabp	CD15	CDKN1A	1	0	0	2	1	10	.6527638	1	2	9.9390843	.5444736	.6235328	.2722368	.4915365	1	25	123	147941	3699	2850	24013	4420	40	3.511e+09	1	3189665	97413	95	332	196	101									19	3736.169	947431	1328045	1_CDKN1A	2	4	3	5.9	4	2	7	-.6744897	-.4941332	-.2494273	-.9375322	-.5375191	.2573935	-.5894558	-.6744897	-.3765316	-.1092005	.9388143	.1128968						.0348213	-.4692529	-1.479941	-2.200411	1.150349	2.200411	1.024592	-.3928308	-.6314019	-.7188681	1.150349	.2104284	.3928308
InsH2Bfabp_CD15_10dpf_VAST02_plate01_CDKN1A_200715_B10	200715	1	NA448	insH2Bfabp	CD15	CDKN1A	1	0	0	2	1	10	0	0	1	11.342998	.9528288	1.0132408	.2722368	.34883235	1	2	149																							19	3744.658	841843.6	1112489	1_CDKN1A	2	4	4	8.6	4	2	7	-.6275435	-1.207414	-1.290233	-.4941332	.1333212	-.4235761	-1.593219	.7626835	.837745	-.1092005	-.1642108	.4987188																		
InsH2Bfabp_CD15_10dpf_VAST02_plate01_CDKN1A_200715_D08	200715	1	NA436	insH2Bfabp	CD15	CDKN1A	1	0	0	2	1	10	0	0	1	12.581745	.85074	.5455912	.340296	.82451283	1	39	137	168126	3910	2975	19972	4959	43	3.277e+09	1	4148747	138978	139	299	203	82									0	4359.721	1157709	1624576	1_CDKN1A	2	4	3	6.866667	4	2	7	2.000424	1.13214	1.77585	.773217	.4099833	1.366204	1.263668	.3619474	-.7091025	.5432517	2.546865	.8537231						.3554904	-.1749599	-1.150349	-1.731664	1.024592	1.297543	1.731664	.6314019	.6314019	.5084881	.6314019	.3186394	-.1749599
InsH2Bfabp_CD15_10dpf_VAST02_plate01_CDKN1A_200715_D07	200715	1	NA428	insH2Bfabp	CD15	CDKN1A	1	0	0	2	1	10	0	0	1	12.416578	.7486512	1.2470656	.3062664	.31712032	1	31	129																							10	4080.113	1132602	1521201	1_CDKN1A	2	4	3	6.433333	4	2	7	.8254945	.9982012	.9982012	1.616156	2.428737	-.8031726	.4526599	-.0955058	1.263188	.1642108	-.5432517	.7377372																		
InsH2Bfabp_CD15_10dpf_VAST02_plate01_CDKN1A_200715_B05	200715	1	NA410	insH2Bfabp	CD15	CDKN1A	1	0	0	2	1	10	0	0	1	12.912077	.7826808	.7014744	.340296	.4915365	1	13	111																							0	4064.114	1082328	1514442	1_CDKN1A	2	4	3	5.25	4	2	7	.6744897	.4099833	.9375322	.2888094	.0569997	.5109658	-.4972006	.0408803	0	.5432517	.9388143	1.029232																		
InsH2Bfabp_CD15_10dpf_VAST02_plate01_CDKN1A_200715_D06	200715	1	NA420	insH2Bfabp	CD15	CDKN1A	1	0	0	2	1	10	0	0	1	6.2228434	1.020888	.779416	.340296	.3964004	1	23	121	333685	7584	6260	14308	2684	44	4.658e+09	1	5263391	176673	155	357	192	85									17	3985.683	1012584	1437491	1_CDKN1A	2	4	3	5.8	4	2	7	.3286447	-.1717471	.4099833	.2494273	-.2104284	.217107	-.1598289	.9601961	.2477242	.5432517	.0818291	-1.05345						.4692529	.8122178	1.479941	1.297543	1.479941	.1749599	.0348213	1.024592	1.024592	1.150349	1.479941	.1046335	0
InsH2Bfabp_CD15_10dpf_VAST02_plate01_CDKN1A_200715_H04	200715	1	NA408	insH2Bfabp	CD15	CDKN1A	1	0	0	2	1	10	.7388508	1	2	6.2228434	.8167104	.7014744	.340296	0	1	11	109																							6	3429.137	771890.6	1007874	1_CDKN1A	2	4	3	5.15	4	2	7	-1.77585	-1.77585	-2.000424	-1.616156	-.6275435	.1771698	-1.754382	.1642108	0	.5432517	-2.136868	-1.05345																		
InsH2Bfabp_CD15_10dpf_VAST02_plate01_CDKN1A_200723_C02	200723	1	NA331	insH2Bfabp	CD15	CDKN1A	1	0	0	2	1	10	0	0	1		.680592	2.5720728	.2722368	.20612821	1	32	32																											1_CDKN1A	3	5	5		5	3	7								-.3765316	2.546865	-.1092005	-1.099066																			
InsH2Bfabp_CD15_10dpf_VAST02_plate01_CDKN1A_200723_A04	200723	1	NA343	insH2Bfabp	CD15	CDKN1A	1	0	0	2	1	10	0	0	1	4.9471896	.5444736	.6235328	.2382072	.19027219	1	44	44	417324	5962	3299	5212	1541	70	2.154e+09	1	3966215	170620	139	253	196	112													1_CDKN1A	3	5	5		5	3	7								-.6744897	-.3765316	-.5275293	-1.263188	-1.639431						1.297543	1.297543	.4692529	-1.024592	.1046335	-.4692529	-.2461637	.3186394	.9132499	.5084881	-.2104284	.2104284	.6744897
InsH2Bfabp_CD15_10dpf_VAST02_plate01_CDKN1A_200723_E04	200723	1	NA347	insH2Bfabp	CD15	CDKN1A	1	0	0	2	1	10	.9419913	1	2	8.7145815	.510444	.9352992	.2722368	.23784024	1	48	48	489221	7765	6547	4718	1456	63	2.325e+09	1	5147907	198654	156	250	175	145													1_CDKN1A	3	5	5		5	3	7								-.799651	.6744897	-.1092005	-.8770955	-.3898747						1.024592	1.731664	1.731664	1.731664	.2461637	-.5485223	-.3928308	.9132499	1.479941	1.297543	-.3928308	-.4307273	1.731664
InsH2Bfabp_CD15_10dpf_VAST02_plate01_CDKN1A_200723_C01	200723	1	NA325	insH2Bfabp	CD15	CDKN1A	1	0	0	2	1	10	0	0	1	3.1626356	.510444	.389708	.2382072	.26955227	1	26	26																											1_CDKN1A	3	5	5		5	3	7								-.799651	-1.604084	-.5275293	-.799651	-2.535274																		
InsH2Bfabp_CD15_10dpf_VAST02_plate01_CDKN1A_200723_A02	200723	1	NA329	insH2Bfabp	CD15	CDKN1A	1	0	0	2	1	10	0	0	1	3.2617775	.4423848	.389708	.1361184	.44396845	1	30	30	800180	10392	7916	3899	1151	77	3.153e+09	1	7797288	265563	141	370	264	129													1_CDKN1A	3	5	5		5	3	7								-1.050522	-1.604084	-1.711675	.3765316	-2.123549						1.914506	2.200411	2.200411	2.200411	.9132499	-1.297543	-1.150349	2.200411	2.200411	.8122178	1.731664	2.200411	1.297543
InsH2Bfabp_CD15_10dpf_VAST02_plate01_CDKN1A_200723_E05	200723	1	NA354	insH2Bfabp	CD15	CDKN1A	1	0	0	2	1	10	0	0	1	7.5248788	.4083552	.5455912	.2382072	.26955227	1	6	55																											1_CDKN1A	3	5	6		5	3	7								-1.204851	-.7091025	-.5275293	-.799651	-.6309245																		
InsH2Bfabp_CD15_10dpf_VAST02_plate01_CDKN1A_200723_G02	200723	1	NA334	insH2Bfabp	CD15	CDKN1A	1	0	0	2	1	10	.6518595	1	2	5.2446153	.7146216	.5455912	.340296	.20612821	1	35	35																											1_CDKN1A	3	5	5		5	3	7								-.2337006	-.7091025	.5432517	-1.099066	-1.376912																		
InsH2Bfabp_CD15_10dpf_VAST02_plate01_CDKN1A_200723_G04	200723	1	NA349	insH2Bfabp	CD15	CDKN1A	1	0	0	2	1	10	0	0	1		.4083552	.6235328	.340296	.20612821	1	1	50																											1_CDKN1A	3	5	6		5	3	7								-1.204851	-.3765316	.5432517	-1.099066																			
InsH2Bfabp_CD15_10dpf_VAST02_plate01_CDKN1A_200723_C03	200723	1	NA338	insH2Bfabp	CD15	CDKN1A	1	0	0	2	1	10	1	1	2	5.1454734	.680592	.8573576	.3062664	.17441618	1	39	39																											1_CDKN1A	3	5	5		5	3	7								-.3765316	.4507442	.1642108	-1.470951	-1.495318																		
InsH2Bfabp_CD15_10dpf_VAST02_plate01_CDKN1A_200723_C04	200723	1	NA345	insH2Bfabp	CD15	CDKN1A	1	0	0	2	1	10	.6670754	1	2	4.8480478	.510444	.779416	.2041776	.33297634	1	46	46	340771	7408	5975	4366	1396	46	1.499e+09	1	3337683	123372	138	216	186	93													1_CDKN1A	3	5	5		5	3	7								-.799651	.2477242	-.8972881	-.3474399	-1.758563						.5894558	.9132499	1.297543	1.150349	-.3186394	-.9132499	-.6314019	-.2461637	.2461637	.3928308	-1.297543	-.1046335	.3186394
InsH2Bfabp_CD15_10dpf_VAST02_plate01_CDKN1A_200723_G03	200723	1	NA341	insH2Bfabp	CD15	CDKN1A	1	0	0	2	1	10	0	0	1	5.1454734	.7826808	.6235328	.340296	.17441618	1	42	42	321702	6308	5410	4059	1277	51	1.238e+09	1	3656335	127900	141	234	175	112													1_CDKN1A	3	5	5		5	3	7								.0408803	-.3765316	.5432517	-1.470951	-1.495318						.8616341	.7188681	.6314019	.7188681	-.3928308	-1.024592	-.9132499	.1046335	.3186394	.8122178	-.8122178	-.4307273	.6744897
InsH2Bfabp_CD15_10dpf_VAST02_plate01_CDKN1A_200723_B04	200723	1	NA344	insH2Bfabp	CD15	CDKN1A	1	0	0	2	1	10	0	0	1	8.7145815	.7146216	.7014744	.2722368	.47568048	1	45	45																											1_CDKN1A	3	6	5		6	3	7								-.2337006	0	-.1092005	.7445865	-.3898747																		
InsH2Bfabp_CD15_10dpf_VAST02_plate01_CDKN1A_200723_B05	200723	1	NA352	insH2Bfabp	CD15	CDKN1A	1	0	0	2	1	10	0	0	1	5.4428991	.7486512	.4676496	.340296	.45982446	1	4	53																											1_CDKN1A	3	6	6		6	3	7								-.0955058	-1.004335	.5432517	.5591096	-1.307593																		
InsH2Bfabp_CD15_10dpf_VAST02_plate01_CDKN1A_200723_B02	200723	1	NA330	insH2Bfabp	CD15	CDKN1A	1	0	0	2	1	10	0	0	1	10.20171	.5785032	.389708	.2722368	.33297634	1	31	31																											1_CDKN1A	3	6	5		6	3	7								-.6075616	-1.604084	-.1092005	-.3474399	.2562565																		
InsH2Bfabp_CD15_10dpf_VAST02_plate01_CDKN1A_200723_F04	200723	1	NA348	insH2Bfabp	CD15	CDKN1A	1	0	0	2	1	10	0	0	1	4.3523383	.4764144	.9352992	.340296	.22198422	1	49	49	106445	3802	3689	4483	1451	28	5.090e+08	1	1526636	65244	94	231	102	84													1_CDKN1A	3	6	5		6	3	7								-.9388143	.6744897	.5432517	-.9601961	-1.909639						-.6744897	-.8122178	-1.297543	-.7188681	-1.731664	-.8122178	-.4692529	-1.150349	-1.150349	-.8616341	-.9132499	-1.479941	-.1046335
InsH2Bfabp_CD15_10dpf_VAST02_plate01_CDKN1A_200723_D04	200723	1	NA346	insH2Bfabp	CD15	CDKN1A	1	0	0	2	1	10	1	1	2	6.5334599	.85074	1.169124	.340296	.12684813	1	47	47	487801	6335	5956	3560	752	77	1.714e+09	1	5552580	202840	179	253	216	138													1_CDKN1A	3	6	5		6	3	7								.3619474	1.124338	.5432517	-1.773856	-.8741759						1.914506	1.479941	.7188681	1.024592	-.1046335	-1.479941	-1.731664	1.479941	1.731664	2.200411	-.2104284	.7188681	1.479941
InsH2Bfabp_CD15_10dpf_VAST02_plate01_CDKN1A_200723_F02	200723	1	NA333	insH2Bfabp	CD15	CDKN1A	1	0	0	2	1	10	1	1	2	14.365669	.8167104	.6235328	.2722368	.44396845	1	34	34																											1_CDKN1A	3	6	5		6	3	7								.1642108	-.3765316	-.1092005	.3765316	1.376912																		
InsH2Bfabp_CD15_10dpf_VAST02_plate01_CDKN1A_200723_F03	200723	1	NA340	insH2Bfabp	CD15	CDKN1A	1	0	0	2	1	10	1	1	2	8.5162977	.9187992	.8573576	.2722368	.58667259	1	41	41																											1_CDKN1A	3	6	5		6	3	7								.5912576	.4507442	-.1092005	1.394908	-.4670705																		
InsH2Bfabp_CD15_10dpf_VAST02_plate01_CDKN1A_200723_D03	200723	1	NA339	insH2Bfabp	CD15	CDKN1A	1	0	0	2	1	10	.9013367	1	2	9.3094329	.7826808	.4676496	.2382072	.4915365	1	40	40																											1_CDKN1A	3	6	5		6	3	7								.0408803	-1.004335	-.5275293	.9388143	-.0845939																		
InsH2Bfabp_CD15_10dpf_VAST02_plate01_CDKN1A_200723_D01	200723	1	NA326	insH2Bfabp	CD15	CDKN1A	1	0	0	2	1	10	0	0	1	6.5334599	.680592	.6235328	.170148	.41225642	1	27	27																											1_CDKN1A	3	6	5		6	3	7								-.3765316	-.3765316	-1.233495	.1918929	-.8741759																		
InsH2Bfabp_CD15_10dpf_VAST02_plate01_CDKN1A_200723_D02	200723	1	NA332	insH2Bfabp	CD15	CDKN1A	1	0	0	2	1	10	0	0	1	6.7317437	.680592	.779416	.3062664	.19027219	1	33	33																											1_CDKN1A	3	6	5		6	3	7								-.3765316	.2477242	.1642108	-1.263188	-.7752326																		
InsH2Bfabp_CD15_10dpf_VAST02_plate01_CDKN1A_200723_H03	200723	1	NA342	insH2Bfabp	CD15	CDKN1A	1	0	0	2	1	10	0	0	1	10.102568	.8167104	.6235328	.2722368	.33297634	1	43	43																											1_CDKN1A	3	6	5		6	3	7								.1642108	-.3765316	-.1092005	-.3474399	.1984454																		
InsH2Bfabp_CD15_10dpf_VAST02_plate01_CDKN1A_200804_B02	200804	1	NA309	insH2Bfabp	CD15	CDKN1A	1	0	0	2	1	10	1	1	2	10.719955	.9187992	.389708	.2041776	.22198422	1	10	10															124	675464	11085	16048.233	15167.266	1.78e+08	513.2875	6.75e+07	8	4064.042	1025250	1332008	1_CDKN1A	4	7	7	3.316667	7	4	7	.6275435	.0569997	-.2104284	-.8801318	-.4941332	-.9165567	.9674216	.5912576	-1.604084	-.8972881	-.9601961	.3747248	-.920823	1.241867	1.241867	.920823	.920823													
InsH2Bfabp_CD15_10dpf_VAST02_plate01_CDKN1A_200804_F01	200804	1	NA305	insH2Bfabp	CD15	CDKN1A	1	0	0	2	1	10	.737646	1	2	9.4273376	1.3271544	.5455912	.2041776	.50739251	1	6	6																											1_CDKN1A	4	7	7	3.075	7	4	7								1.655485	-.7091025	-.8972881	1.150349	-.0281681																		
InsH2Bfabp_CD15_10dpf_VAST02_plate01_CDKN1A_200804_E01	200804	1	NA304	insH2Bfabp	CD15	CDKN1A	1	0	0	2	1	10	.7803074	1	2	9.2657603	1.4632728	.389708	.1020888	.44396845	1	5	5	191956	6399	6293	6066	1626	30	1.089e+09	1	3757323	106899	111	284	232	65	178	507700	12652	25512.069	22471.938	3.23e+08	568.826	2.18e+08	26	3607.915	815136.4	1097879	1_CDKN1A	4	7	7	3.016667	7	4	7	-1.290233	-1.382994	-1.382994	-1.13214	-2.428737	-1.601009	-1.179761	2.019086	-1.604084	-2.294895	.3765316	-.1412905	-1.802743	1.802743	1.802743	1.802743	1.802743	-.5485223	.0348213	.9132499	1.479941	-.7188681	-.3186394	-.1749599	.2461637	-.3186394	-.1749599	.2104284	1.085325	-1.085325
InsH2Bfabp_CD15_10dpf_VAST02_plate01_CDKN1A_200804_C02	200804	1	NA310	insH2Bfabp	CD15	CDKN1A	1	0	0	2	1	10	.692043	1	2	9.1849717	.4423848	.5455912	.3062664	.33297634	1	11	11	86496	6654	4848	6990	1306	13	6.510e+08	1	1354106	39201	71	278	156	64									15	3440.101	820310.4	1059852	1_CDKN1A	4	7	7	3.383333	7	4	7	-1.616156	-1.290233	-1.77585	-1.207414	-1.290233	-1.113194	-.2002695	-1.050522	-.7091025	.1642108	-.3474399	-.1984454						-1.731664	-1.731664	1.024592	.3928308	-1.150349	-.1046335	-.8122178	-1.297543	-1.297543	-1.297543	.1046335	-.8122178	-1.297543
InsH2Bfabp_CD15_10dpf_VAST02_plate01_CDKN1A_200804_B01	200804	1	NA301	insH2Bfabp	CD15	CDKN1A	1	0	0	2	1	10	.5706522	1	2	17.183045	1.6334208	.6235328	.170148	.50739251	1	2	2															14	832764	1487	27082.508	25659.911	4.03e+07	-1966.791	-6.17e+07	0	4410.333	1245397	1624770	1_CDKN1A	4	7	7	2.816667	7	4	7	2.428737	2.428737	2.000424	.3690087	1.062786	-.3811055	.9057289	2.546865	-.3765316	-1.233495	1.150349	2.123549	.4637077	-1.802743	-1.802743	-1.802743	-.920823													
InsH2Bfabp_CD15_10dpf_VAST02_plate01_CDKN1A_200804_E02	200804	1	NA312	insH2Bfabp	CD15	CDKN1A	1	0	0	2	1	10	.5423077	1	2	9.1849717	.8167104	.389708	.1361184	.31712032	1	13	13																							58	3820.667	948432.9	1234974	1_CDKN1A	4	7	7	3.5	7	4	7	-.3690087	-.4516583	-.6275435	-.4099833	-1.13214	-1.987428	.3661064	.1642108	-1.604084	-1.711675	-.5432517	-.1984454																		
InsH2Bfabp_CD15_10dpf_VAST02_plate01_CDKN1A_200804_A01	200804	1	NA300	insH2Bfabp	CD15	CDKN1A	1	0	0	2	1	10	.8359621	1	2	9.0233945	.7146216	.4676496	.170148	.33297634	1	1	1																							18	4146.802	1191295	1530727	1_CDKN1A	4	7	7	2.766667	7	4	7	1.062786	1.207414	1.207414	.2104284	1.77585	-1.272699		-.2337006	-1.004335	-1.233495	-.3474399	-.2854742																		
InsH2Bfabp_CD15_10dpf_VAST02_plate01_CDKN1A_200804_D01	200804	1	NA303	insH2Bfabp	CD15	CDKN1A	1	0	0	2	1	10	.5196489	1	2	11.447053	1.361184	1.0132408	.4764144	.3964004	1	4	4	221872	5839	4408	20466	3891	38	4.673e+09	1	4139000	121628	108	354	205	91	60	720194	6032	22028.103	18658.342	1.33e+08	1996.709	2.53e+07	345	3965.698	1115555	1428937	1_CDKN1A	4	7	7	2.95	7	4	7	.2494273	.8801318	.3286447	-.3690087	-.1333212	-1.76167	.8473045	1.773856	.837745	1.773856	.0818291	.5308747	-.4637077	.27188	.4637077	.6744897	.6744897	-.0348213	.2461637	.3928308	-.1749599	1.731664	1.479941	.8122178	.5485223	.1749599	-.2822162	1.297543	.3928308	.2461637
InsH2Bfabp_CD15_10dpf_VAST02_plate01_CDKN1A_200804_G02	200804	1	NA314	insH2Bfabp	CD15	CDKN1A	1	0	0	2	1	10	.9390387	1	2	11.123899	.1361184	.389708	.1361184	.3964004	1	15	15															29	687926	1984	20750.935	20439.596	4.12e+07	-1574.684	-6.50e+07		3807.751	1094575	1400092	1_CDKN1A	4	7	7	3.633333	7	4	7	-.4516583	.4941332	.2888094	-.2888094	-.1717471	-1.043158	1.033036	-1.470951	-1.604084	-1.711675	.0818291	.4670705	-.6744897	-.4637077	-1.241867	-1.241867	-1.241867													
InsH2Bfabp_CD15_10dpf_VAST02_plate01_CDKN1A_200804_D02	200804	1	NA311	insH2Bfabp	CD15	CDKN1A	1	0	0	2	1	10	.9140651	1	2	12.901248	1.1570064	.4676496	.170148	.4915365	1	12	12															28	853177	3112	19237.131	18606.204	5.99e+07	-727.1094	-4.78e+07	24	4027.984	1111726	1459084	1_CDKN1A	4	7	7	3.433333	7	4	7	.4516583	.773217	.5819415	-.0569997	.2104284	-.8584844	1.357561	1.359737	-1.004335	-1.233495	.9388143	.9599534	.6744897	-.6744897	-.4637077	-.6744897	-.6744897													
InsH2Bfabp_CD15_10dpf_VAST02_plate01_CDKN1A_200804_C01	200804	1	NA302	insH2Bfabp	CD15	CDKN1A	1	0	0	2	1	10	.048419	0	1	12.901248	1.4632728	.9352992	.3743256	.36468837	1	3	3															67	866587	6304	20252.222	18366.582	1.28e+08	596.6105	1.98e+07	104	3909.779	1078724	1384226	1_CDKN1A	4	7	7	2.883333	7	4	7	.0569997	.3690087	.0950912	.8254945	.6275435	-.6992833	.6374841	2.019086	.6744897	.9820262	-.0681677	.9599534	.920823	.4637077	.6744897	.4637077	.4637077													
InsH2Bfabp_CD15_10dpf_VAST02_plate01_CDKN1A_200804_C03	200804	1	NA318	insH2Bfabp	CD15	CDKN1A	1	0	0	2	1	10	0	0	1	13.38598	1.2250656	.4676496	.2041776	.71352072	1	19	19	98046	4902	3170	12479	3865	20	1.208e+09	1	4095933	101389	94	409	227	74	72	957488	4768	24265.956	21955.224	1.16e+08	-11.76645	1.08e+07		4155.331	1192581	1581135	1_CDKN1A	4	7	7	3.883333	7	4	7	1.13214	1.290233	1.48947	1.290233	.3286447	-.5109658	1.465234	1.51239	-1.004335	-.8972881	1.843765	1.185158	1.241867	.6744897	.0896424	.27188	.27188	-1.024592	-1.150349	-.3928308	-1.297543	-.4692529	.1046335	.7188681	.3928308	-.5485223	-.8616341	2.200411	.8122178	-.5485223
InsH2Bfabp_CD15_10dpf_VAST02_plate01_CDKN1A_200804_G03	200804	1	NA321	insH2Bfabp	CD15	CDKN1A	1	0	0	2	1	10	.6719368	1	2	12.497305	1.1570064	.4676496	.4423848	.44396845	1	22	22															54	800292	5175	17777.61	16785.94	9.20e+07	157.8398	-1.71e+07		4358.171	1226839	1672891	1_CDKN1A	4	7	7	4.083333	7	4	7	1.77585	1.77585	2.428737	1.382994	.8254945	-.1375134	.3238762	1.359737	-1.004335	1.470951	.3765316	.7752326	.0896424	.0896424	.27188	.0896424	.0896424													
InsH2Bfabp_CD15_10dpf_VAST02_plate01_CDKN1A_200804_A02	200804	1	NA308	insH2Bfabp	CD15	CDKN1A	1	0	0	2	1	10	.7061225	1	2	15.567272	.1020888	1.0911824	.4764144	.4915365	1	9	9															39	723507	3850	22060.041	21097.396	8.49e+07	-1112.815	-2.07e+07	217	4056.934	1146180	1512319	1_CDKN1A	4	7	7	3.25	7	4	7	.5819415	1.062786	.8801318	.7229722	.5375191	.2981024	1.179761	-1.843765	.9601961	1.773856	.9388143	1.539856	-.27188	-.1800124	-.27188	-.0896424	-.0896424													
InsH2Bfabp_CD15_10dpf_VAST02_plate01_CDKN1A_200804_G01	200804	1	NA306	insH2Bfabp	CD15	CDKN1A	1	0	0	2	1	10	.8833619	1	2	6.3573701	.170148	.7014744	.2382072	.50739251	1	7	7	100702	5300	3661	11379	2727	19	1.096e+09	1	385936	26719	60	139	97	37	87	1053127	8736	23422.175	19999.554	2.05e+08	1663.323	9.81e+07	40	4356.059	1216267	1606841	1_CDKN1A	4	7	7	3.133333	7	4	7	1.616156	1.616156	1.616156	.9375322	.2888094	.3811055		-1.326172	0	-.5275293	1.150349	-.9825221	1.802743	.920823	.920823	1.241867	1.241867	-1.150349	-1.024592	-.1749599	-.8122178	-.6314019	-.0348213	.2461637	-1.731664	-1.731664	-1.731664	-2.200411	-1.731664	-1.731664
InsH2Bfabp_CD15_10dpf_VAST02_plate01_CDKN1A_200804_B03	200804	1	NA317	insH2Bfabp	CD15	CDKN1A	1	0	0	2	1	10	0	0	1	12.174151	.0680592	.779416	.170148	.36468837	1	18	18															39	822280	3936	20503.534	19564.332	8.07e+07	-694.7592	-2.62e+07	23	3705.018	1202091	1366671	1_CDKN1A	4	7	7	3.816667	7	4	7	-.8254945	1.382994	-.0189907	2.000424	-1.382994	1.189164	-.4526599	-2.546865	.2477242	-1.233495	-.0681677	.6309245	.27188	-.1800124	-.0896424	-.27188	-.4637077													
InsH2Bfabp_CD15_10dpf_VAST02_plate01_CDKN1A_200804_E03	200804	1	NA320	insH2Bfabp	CD15	CDKN1A	1	0	0	2	1	10	0	0	1	9.1849717	.9187992	.7014744	.340296	0	1	21	21	56555	5656	4429	4668	819	10	2.638e+08	2	293556	22004	46	294	67	26										3725.887	1024981	1281540	1_CDKN1A	4	7	7	4	7	4	7	-.7229722	.0189907	-.4516583	-1.77585	-.773217	-2.417559	1.103428	.5912576	0	.5432517	-2.136868	-.1984454						-2.200411	-2.200411	.3186394	-.1046335	-2.200411	-.6314019	-1.297543	-2.200411	-2.200411	-2.200411	.3928308	-2.200411	-2.200411
InsH2Bfabp_CD15_10dpf_VAST02_plate01_CDKN1A_200804_F02	200804	1	NA313	insH2Bfabp	CD15	CDKN1A	1	0	0	2	1	10	.9737418	1	2	9.750492	1.0889472	.389708	.4083552	.60252861	1	14	14	87710	4873	4407	6347	1378	18	5.448e+08	1	2194043	88615	103	230	188	70	27	742046	2400	31897.41	26300.283	7.66e+07	2023.322	-2.49e+07		3615.862	988224.5	1262205	1_CDKN1A	4	7	7	3.566667	7	4	7	-1.207414	-.2494273	-.5819415	-.1333212	-.9084579	-.3393116	-.0796597	1.204851	-1.604084	1.204851	1.470951	.0563585	-.0896424	-.920823	-.920823	-.4637077	-.27188	-1.297543	-1.297543	-.4692529	-.2461637	-1.479941	-.2461637	-.7188681	-.8122178	-.8122178	-.5894558	-1.024592	.0348213	-.7188681
InsH2Bfabp_CD15_10dpf_VAST02_plate01_CDKN1A_200804_H03	200804	1	NA322	insH2Bfabp	CD15	CDKN1A	1	0	0	2	1	10	.0315866	0	1	11.770207	.1020888	.4676496	.5785032	.45982446	1	23	23															24	649004	2729	15664.631	15213.465	4.27e+07	70.18155	-6.76e+07		3917.459	1232821	1541643	1_CDKN1A	4	7	7	4.15	7	4	7	.0950912	2.000424	1.290233	1.48947	1.290233	-1.473468	2.411822	-1.843765	-1.004335	2.546865	.5591096	.5635893	-1.241867	-1.241867	-.6744897	-.920823	-1.802743													
