filename	date	plate	index	line	diet	Exp	overfeeding	cholesterol	glucose	VAST	Imaged	age	N05_nwt	N07_nwt	N08_nwt	tbc1d4_dich	qRNA	protein	ldl	gluc	tc	tg	Anders_batch	pos_bio	Löpnr	Volume	CellVolume_Av	CellVolume_Stdev	CellInt_Av	CellInt_Stdev	NrCells	CellInt_Tot	isletNr	IV	ISA	IED	IPAL1	IPAL2	IPAL3	LiverLipN	LiverArea	LiverLipArea	LiverLipInt_Av	LiverLipIntBG	LiverLipInt_Tot	LiverLipInt_Av_Res	LiverLipInt_Tot_Res	vld_area	length	dorsal_area	lateral_area	file	batch	tank	batch_bio	tod	tank_n	batch_n	nr_tanks	intlength	intdorsal_area	intlateral_area	intangle	inteye_area	intcurvature	intpig_dorsal_tail	intldl	inttg	inttc	intgluc	intprotein	intLiverArea	intLiverLipN	intLiverLipArea	intLiverLipInt_Tot	intLiverLipInt_Tot_Res	intNrCells	intVolume	intCellVolume_Av	intCellVolume_Stdev	intCellInt_Tot	intCellInt_Av	intCellInt_Stdev	intIV	intISA	intIED	intIPAL1	intIPAL2	intIPAL3
InsH2Bfabp_CD15_09dpf_VAST02_plate01_TBC1D4_200724_A05	200724	1	NB030	insH2Bfabp	CD15	TBC1D4	1	0	0	2	1	9	1	1	1	1	4	6.5051837	.2722368	.28540829	.170148	1.0911824	1	30	30																								3421.903	772847.6	1034745	2_TBC1D4	1	1	1	5.216667	1	1	4	-1.611169	-1.731664	-1.510357	-1.49795	-2.100166	-1.150349	-.1210967	-.4113021	-.6250856	.6029956	-.47008	-.9454201																		
InsH2Bfabp_CD15_10dpf_VAST02_plate02_TBC1D4_200803_E03	200803	2	NB128	insH2Bfabp	CD15	TBC1D4	1	0	0	2	1	10	0	0	.0319103	0	1	13.308113	.4423848	.50739251	.1020888	3.117664	1	30	128															5	350002	160	44148.7	37227.161	7063792	1351.094	-5.48e+08		3848.36	992979.8	1295985	2_TBC1D4	1	1	3	11.13333	1	1	4	-.4144133	-.2564297	-.3501975	.6744897	.1648683	-.1046335	.5383123	.7083573	.7786766	-.0875522	1.406504	.8616341	-1.77585	-2.000424	-2.428737	-2.428737	-1.77585													
InsH2Bfabp_CD15_10dpf_VAST02_plate01_TBC1D4_200803_E08	200803	1	NB101	insH2Bfabp	CD15	TBC1D4	1	0	0	2	1	10	.9614585	1	1	1	4	12.888311	.3743256	.3012643	.0340296	3.8191384	1	3	101															222	943824	19601	53541.182	43069.764	1.05e+09	5653.11	4.37e+08		4049.355	1071770	1405356	2_TBC1D4	1	1	3	8.9	1	1	4	.1346898	.2873955	.0746714	-.0764961	-.6193067	.4803868	.3067468	.2976668	1.275513	-.7304482	-.2286397	.6744897	.773217	.8254945	.9982012	1.382994	1.290233													
InsH2Bfabp_CD15_09dpf_VAST02_plate01_TBC1D4_200724_E06	200724	1	NB042	insH2Bfabp	CD15	TBC1D4	1	0	0	2	1	9	.5317671	.6002979	1	1	4	7.4961668	.2382072	.25369626	.0340296	.5455912	1	42	42															145	351930	10873	37316.255	30790.412	4.06e+08	126.7757	-8.72e+07		3504.186	779830.9	1036510	2_TBC1D4	1	1	1	5.9	1	1	4	-1.422911	-1.422911	-1.422911	-.9755887	-1.884304	-1.611169	1.00842	-.8530763	-1.406504	-.7304482	-.9121265	-.6744897	-1.616156	.0950912	-.0569997	-.2888094	.0189907													
InsH2Bfabp_CD15_10dpf_VAST02_plate01_TBC1D4_200803_A09	200803	1	NB105	insH2Bfabp	CD15	TBC1D4	1	0	0	2	1	10	.9603114	.9424003	1	1	4	9.3575663	.2722368	.22198422	.0340296	1.0132408	1	7	105															24	399258	1744	29962.804	25039.568	5.23e+07	-2216.156	-3.85e+08		3610.332	824437.6	1030902	2_TBC1D4	1	1	3	9.15	1	1	4	-.8982587	-1.041553	-1.611169	-.6744897	-1.731664	-2.100166	.2130021	-.4113021	-.7255982	-.7304482	-1.523396	-.3259735	-1.48947	-1.549706	-1.616156	-1.48947	-1.13214													
InsH2Bfabp_CD15_10dpf_VAST02_plate01_TBC1D4_200803_A07	200803	1	NB090	insH2Bfabp	CD15	TBC1D4	1	0	0	2	1	10	0	0	.0545521	0	1	18.772886	.510444	.65009666	.2382072	3.3514888	1	41	90	200788	4669	3416	19189	4005	43	3.543e+09	1	4204848	128202	159	259	177	104	191	848730	17453	40422.282	34790.539	7.05e+08	-252.376	1.74e+08		4375.754	1305002	1636613	2_TBC1D4	1	1	2	8.183333	1	1	4	.8544474	1.345167	1.21023	.8814972	2.100166	-.6558747	-.762464	1.245996	.872421	1.082411	1.783727	1.593219	.2888094	.4516583	.5819415	.6275435	.5375191	1.833915	1.833915	.167894	-.167894	1.833915	1.833915	1.281552	1.833915	1.833915	1.833915	.3406948	.7279133	1.281552
InsH2Bfabp_CD15_09dpf_VAST02_plate01_TBC1D4_200724_C01	200724	1	NB003	insH2Bfabp	CD15	TBC1D4	1	0	0	2	1	9	.6712918	.9923812	.8993376	1	4	9.5882423	.3743256	.38054438	.1361184	1.0911824	1	3	3																								3576.419	774223.3	1014722	2_TBC1D4	1	1	1	3.566667	1	1	4	-1.041553	-1.611169	-1.884304	-1.59929	-.9438661	-.7713894	-.8034983	.2976668	-.6250856	.2503385	.6089566	-.2389929																		
InsH2Bfabp_CD15_09dpf_VAST02_plate01_TBC1D4_200724_C07	200724	1	NB047	insH2Bfabp	CD15	TBC1D4	1	0	0	2	1	9	1	.765758	.8453537	1	4	10.909553	.3743256	.3964004	.1361184	1.6367736	1	47	47																								3745.058	870150.8	1182248	2_TBC1D4	1	1	1	6.266667	1	1	4	-.6193067	-.8122178	-.6933416	-1.026029	-1.150349	.7713894	-.3707237	.2976668	-.2286397	.2503385	.8340455	.1537869																		
InsH2Bfabp_CD15_10dpf_VAST02_plate01_TBC1D4_200803_A04	200803	1	NB070	insH2Bfabp	CD15	TBC1D4	1	0	0	2	1	10	.0169402	.0916022	.1003112	0	1	6.3498949	.4083552	.33297634	.1020888	1.7147152	1	21	70															195	1017735	19056	32914.275	26211.627	6.27e+08	-285.8616	1.79e+08		4137.982	1237980	1501747	2_TBC1D4	1	1	2	6.333333	1	1	4	.3501975	1.041553	.5141561	.563388	.6933416	-.4803868	1.416509	.5305297	-.1202876	-.0875522	.1337288	-1.060562	1.13214	.5375191	.8254945	.3690087	.6744897													
InsH2Bfabp_CD15_09dpf_VAST02_plate01_TBC1D4_200724_G01	200724	1	NB006	insH2Bfabp	CD15	TBC1D4	1	0	0	2	1	9	1	1	1	1	4	10.799444	.2722368	.23784024	.0340296	1.4808904	1	6	6																								3579.964	764234.3	1018386	2_TBC1D4	1	1	1	3.75	1	1	4	-.9915265	-2.100166	-1.731664	-.3266899	-.3186394	.3501975	-.8899477	-.4113021	-.325661	-.7304482	-1.217526	.1256613																		
InsH2Bfabp_CD15_09dpf_VAST02_plate01_TBC1D4_200724_C02	200724	1	NB010	insH2Bfabp	CD15	TBC1D4	1	0	0	2	1	9	0	.0375155	.0630486	0	1	10.579225	.3062664	.3012643	.0340296	1.0132408	1	10	10															223	664087	17019	42161.597	33954.593	7.18e+08	2215.272	1.94e+08		4019.376	927303.4	1258930	2_TBC1D4	1	1	1	3.983333	1	1	4	.014921	-.5485223	-.4803868	-1.195972	-.3501975	.014921	-1.143064	-.0667151	-.7255982	-.7304482	-.2286397	.0976349	-.5375191	.8801318	.4941332	.7229722	.773217													
InsH2Bfabp_CD15_09dpf_VAST02_plate01_TBC1D4_200724_E07	200724	1	NB049	insH2Bfabp	CD15	TBC1D4	1	0	0	2	1	9	.7909376	1	1	1	4	9.91857	.2382072	.34883235	.2041776	1.8705984	1	49	49															260	733989	18475	35382.764	29360.435	6.54e+08	-560.8236	1.75e+08		3939.585	976097.1	1287596	2_TBC1D4	1	1	1	6.383333	1	1	4	-.1648683	-.3821084	-.4144133	-.7533835	.0447762	.6933416	.4697212	-.8530763	.1068681	.8499573	.2976668	-.0976349	-.1333212	1.13214	.7229722	.4941332	.5819415													
InsH2Bfabp_CD15_10dpf_VAST02_plate02_TBC1D4_200803_A02	200803	2	NB120	insH2Bfabp	CD15	TBC1D4	1	0	0	2	1	10	.6669346	1	1	1	4	9.8839104	.3743256	.25369626	0	2.0264816	1	22	120																								3390.265	746633.9	967289.4	2_TBC1D4	1	1	3	10.53333	1	1	4	-2.100166	-2.514955	-2.514955	-1.873672	-1.510357	-1.345167	-2.51073	.2976668	.2286397	-1.679661	-.9121265	-.1256613																		
InsH2Bfabp_CD15_10dpf_VAST02_plate01_TBC1D4_200803_E07	200803	1	NB093	insH2Bfabp	CD15	TBC1D4	1	0	0	2	1	10	0	0	.0522555	0	1	16.811361	.3743256	.3964004	.170148	5.3000288	1	44	93															3	564724	192	41189.026	36319.468	7908293	-817.7369	-5.39e+08		4445.83	1297376	1683463	2_TBC1D4	1	1	2	8.4	1	1	4	1.150349	1.274797	1.345167	1.260977	.8544474	.5485223	.3707237	.2976668	2.145475	.6029956	.8340455	1.382994	-.773217	-2.428737	-2.000424	-2.000424	-1.616156													
InsH2Bfabp_CD15_09dpf_VAST02_plate01_TBC1D4_200724_A06	200724	1	NB038	insH2Bfabp	CD15	TBC1D4	1	0	0	2	1	9	0	0	.020068	0	1	6.9456207	.4423848	.26955227	.0340296	.779416	1	38	38																								3408.962	789117.1	1047516	2_TBC1D4	1	1	1	5.666667	1	1	4	-1.884304	-1.345167	-1.345167		-1.041553	-.0447762	-1.086838	.7083573	-1.041007	-.7304482	-.6913244	-.8025719																		
InsH2Bfabp_CD15_10dpf_VAST02_plate02_TBC1D4_200803_E01	200803	2	NB116	insH2Bfabp	CD15	TBC1D4	1	0	0	2	1	10	.01978	0	.0355359	0	1	10.137555	.2041776	.55496056	.0340296	1.8705984	1	18	116															207	897246	17097	20271.426	17582.341	3.47e+08	-5410.3	-1.84e+07		4445.04	1201388	1560798	2_TBC1D4	1	1	3	9.95	1	1	4	1.094332	.9438661	.7318081	.1689275	.1046335	.8122178	-.1515802	-1.19001	.1068681	-.7304482	1.5674	-.0557317	.4516583	.773217	.5375191	-.4516583	.2104284													
InsH2Bfabp_CD15_10dpf_VAST02_plate01_TBC1D4_200803_A08	200803	1	NB097	insH2Bfabp	CD15	TBC1D4	1	0	0	2	1	10	0	0	0	0	1		.2041776	.25369626	.0340296	3.7411968	1	48	97															84	770408	6912	23930.345	19684.855	1.65e+08	-3583.231	-2.20e+08		3829.471	1063935	1310325	2_TBC1D4	1	1	2	8.65	1	1	4	-.4803868	.1648683	-.2873955	-.0152849	-.4803868	.4471567	0	-1.19001	1.19001	-.7304482	-.9121265		-.0189907	-.6744897	-.6744897	-1.062786	-.4099833													
InsH2Bfabp_CD15_09dpf_VAST02_plate01_TBC1D4_200724_G04	200724	1	NB028	insH2Bfabp	CD15	TBC1D4	1	0	0	2	1	9	.9576155	1	.9825344	1	4	12.671301	.2722368	.31712032	.2722368	1.7926568	1	28	28															104	803980	8400	40811.321	30362.865	3.43e+08	3994.349	-1.46e+08		3936.524	1055935	1412593	2_TBC1D4	1	1	1	5.1	1	1	4	-.1951978	.1046335	.1346898	.4588506	.583549	-.1951978	-.1822052	-.4113021	.0266694	1.288206	-.0533578	.6061059	.1717471	-.3286447	-.3690087	-.4941332	-.2104284													
InsH2Bfabp_CD15_09dpf_VAST02_plate01_TBC1D4_200724_A01	200724	1	NB001	insH2Bfabp	CD15	TBC1D4	1	0	0	2	1	9	1	1	1	1	4	11.019662	.4083552	.52324853	0	.6235328	1	1	1																								4077.454	964298.7	1309368	2_TBC1D4	1	1	1	3.466667	1	1	4	.1951978	-.4471567	-.3186394	.2628283	.4144133	.1046335	-1.879026	.5305297	-1.217526	-1.679661	1.482159	.1820346																		
InsH2Bfabp_CD15_10dpf_VAST02_plate01_TBC1D4_200803_E06	200803	1	NB088	insH2Bfabp	CD15	TBC1D4	1	0	0	2	1	10	.8576374	.9569148	1	1	4	22.172862	.340296	.33297634	.0340296	1.94854	1	39	88	21559	2695	2111	11445	2211	8	2.585e+08	1	676479	39503	60	217	131	41										4086.951	949494.6	1290945	2_TBC1D4	1	1	2	7.5	1	1	4	.2564297	-.5141561	-.3821084	-.231311	-1.274797	-.2257079	.8034983	.0934678	.1742078	-.7304482	.1337288	1.914506						-.7279133	-.9674216	-1.281552	-1.281552	-.7279133	.3406948	.167894	-.5244005	-.3406948	-.5244005	-.3406948	-.167894	-.8416212
InsH2Bfabp_CD15_10dpf_VAST02_plate01_TBC1D4_200803_E09	200803	1	NB109	insH2Bfabp	CD15	TBC1D4	1	0	0	2	1	10	.0214243	0	.0521059	0	1	8.5729564	.2041776	.23784024	0	2.4161896	1	11	109															117	665562	9760	47070.787	38270.744	4.59e+08	3363.942	-1.06e+08					2_TBC1D4	1	1	3	9.422223	1	1	4								-1.19001	.4113021	-1.679661	-1.217526	-.5729675	-.4941332	-.1141853	-.1717471	-.0569997	-.0569997													
InsH2Bfabp_CD15_10dpf_VAST02_plate01_TBC1D4_200803_A05	200803	1	NB077	insH2Bfabp	CD15	TBC1D4	1	0	0	2	1	10	.0125469	.0907866	.1149023	0	1	6.3498949	.170148	.26955227	.0340296	1.169124	1	28	77																								4236.934	1164258	1578818	2_TBC1D4	1	1	2	6.8	1	1	4	.6558747	.7318081	.8544474	.231311	.3501975	.1346898	.6463197	-1.5674	-.5459412	-.7304482	-.6913244	-1.060562																		
InsH2Bfabp_CD15_09dpf_VAST02_plate01_TBC1D4_200724_C06	200724	1	NB040	insH2Bfabp	CD15	TBC1D4	1	0	0	2	1	9	0	.0165084	.0482266	0	1	10.138788	.2382072	.31712032	.2722368	2.9617808	1	40	40															250	946554	19792	39853.012	31337.229	7.89e+08	2187.11	2.90e+08		3957.735	1016502	1336704	2_TBC1D4	1	1	1	5.8	1	1	4	-.1346898	-.0447762	-.1346898	.045869	-.0447762	-.1648683	.5037205	-.8530763	.5771623	1.288206	-.0533578	0	.8254945	1.062786	1.062786	.8801318	.9982012													
InsH2Bfabp_CD15_09dpf_VAST02_plate01_TBC1D4_200724_A02	200724	1	NB008	insH2Bfabp	CD15	TBC1D4	1	0	0	2	1	9	1	1	1	1	4	13.772393						8	8															190	670204	13878	28153.606	25187.146	3.91e+08	-4153.934	-4.80e+07		3616.106	901508.5	1240985	2_TBC1D4	1	1	1	3.866667	1	1	4	-.8544474	-.6558747	-.583549	-1.41001	-.4471567	-.8982587	.762464					1.136959	-.4099833	.4099833	.2888094	-.3690087	.1333212													
InsH2Bfabp_CD15_09dpf_VAST02_plate01_TBC1D4_200724_A04	200724	1	NB022	insH2Bfabp	CD15	TBC1D4	1	0	0	2	1	9	0	.0390459	.0908682	0	1	10.359007	.5785032	.31712032	.170148	.6235328	1	22	22															9	1135192	1152	20171.474	16412.466	2.32e+07	-4490.978	-3.30e+08		4224.032	1063277	1432093	2_TBC1D4	1	1	1	4.75	1	1	4	.583549	.1346898	.2257079	.5995885	.8982587	-.9438661	-.8459325	1.443299	-1.217526	.6029956	-.0533578	.0417893	1.77585	-1.77585	-1.77585	-1.77585	-.9375322													
InsH2Bfabp_CD15_09dpf_VAST02_plate01_TBC1D4_200724_E04	200724	1	NB026	insH2Bfabp	CD15	TBC1D4	1	0	0	2	1	9	0	.0231225	.0497184	0	1	8.5972592	.170148	.34883235	.1020888	1.7147152	1	26	26															157	692212	13745	29063.324	25782.128	3.99e+08	-3762.604	-4.50e+07		4156.98	1070380	1433767	2_TBC1D4	1	1	1	4.983333	1	1	4	.4471567	.2257079	.2564297	.425144	.3186394	-.1346898	.0907253	-1.5674	-.1202876	-.0875522	.2976668	-.5404469	-.3286447	.2494273	.2494273	-.3286447	.1717471													
InsH2Bfabp_CD15_09dpf_VAST02_plate01_TBC1D4_200724_C05	200724	1	NB032	insH2Bfabp	CD15	TBC1D4	1	0	0	2	1	9	.8309748	1	1	1	4	7.8264945	.2722368	.28540829	0	1.4029488	1	32	32															75	481961	6432	34335.972	30882.774	2.21e+08	-2933.98	-2.73e+08		3411.79	883025.8	1139540	2_TBC1D4	1	1	1	5.333333	1	1	4	-1.731664	-.7318081	-.8982587	.1379956	.2257079	-1.731664	.1515802	-.4113021	-.3824499	-1.679661	-.47008	-.6399237	-1.062786	-.8254945	-.7229722	-.9375322	-.6275435													
InsH2Bfabp_CD15_09dpf_VAST02_plate01_TBC1D4_200724_C04	200724	1	NB024	insH2Bfabp	CD15	TBC1D4	1	0	0	2	1	9	0	.0270601	0	0	1	6.3950745	.2382072	.25369626	.1020888	1.7147152	1	24	24															73	795972	7577	31220.162	27157.58	2.37e+08	-2804.151	-2.21e+08		4479	1157350	1610938	2_TBC1D4	1	1	1	4.866667	1	1	4	1.21023	.6558747	1.150349	1.135663	.7713894	.5141561	-.338562	-.8530763	-.1202876	-.0875522	-.9121265	-.9899016	.0569997	-.8801318	-.4941332	-.8801318	-.4516583													
InsH2Bfabp_CD15_09dpf_VAST02_plate01_TBC1D4_200724_H04	200724	1	NB029	insH2Bfabp	CD15	TBC1D4	1	0	0	2	1	9	.8169231	1	1	1	4	13.331956	.4423848	.3964004	.4764144	2.727956	1	29	29															270	906826	21105	40711.302	31536.526	8.59e+08	2871.758	3.59e+08		4246.968	1148288	1509478	2_TBC1D4	1	2	1	5.15	2	1	4	.6933416	.5485223	.583549	.6365926	1.041553	.1951978	-.4362566	.7083573	.4552406	1.894644	.8340455	.9027348	.5375191	1.382994	1.207414	1.062786	1.13214													
InsH2Bfabp_CD15_10dpf_VAST02_plate01_TBC1D4_200803_F09	200803	1	NB110	insH2Bfabp	CD15	TBC1D4	1	0	0	2	1	10	.9417201	1	.9670487	1	4	7.2652732	.2382072	.3012643	0	1.3250072	1	12	110	196659	7024	5807	9699	1821	28	1.838e+09	1	2959084	111383	115	266	168	88	197	1008318	19549	29066.443	25151.795	5.68e+08	-3210.297	1.30e+08		4597.266	1410440	1686738	2_TBC1D4	1	2	3	9.483334	2	1	4	1.731664	1.884304	1.422911	2.090361	1.345167	.9438661	1.879026	-.8530763	-.4552406	-1.679661	-.2286397	-.7098812	1.062786	.5819415	.9375322	.2494273	.4516583	.6229257	1.281552	1.833915	1.833915	.7279133	-.167894	0	.7279133	.9674216	.9674216	.6229257	.3406948	.7279133
InsH2Bfabp_CD15_09dpf_VAST02_plate01_TBC1D4_200724_B02	200724	1	NB009	insH2Bfabp	CD15	TBC1D4	1	0	0	2	1	9	.9663707	1	1	1	4	12.010645	.2722368	.34883235	.1361184	3.0397224	1	9	9															114	1169284	9178	54912.387	55256.586	5.04e+08	-3593.658	-2.26e+08					2_TBC1D4	1	2	1	3.925	2	1	4								-.4113021	.6744897	.2503385	.2976668	.4154975	2.000424	-.2104284	-.2888094	.1717471	-.4941332													
InsH2Bfabp_CD15_10dpf_VAST02_plate02_TBC1D4_200803_B01	200803	2	NB114	insH2Bfabp	CD15	TBC1D4	1	0	0	2	1	10	.8608772	1	1	1	4	13.68858	.2382072	.22198422	.0340296	.8573576	1	16	114															28	610606	1865	26724.52	19680.034	4.98e+07	-784.8553	-3.35e+08		3972.084	980628.1	1332531	2_TBC1D4	1	2	3	9.8	2	1	4	-.1046335	-.3501975	-.1648683	-.6365926	-.9915265	-1.041553	1.00842	-.8530763	-.9121265	-.7304482	-1.523396	1.085325	-.6744897	-1.382994	-1.48947	-1.616156	-.9982012													
InsH2Bfabp_CD15_09dpf_VAST02_plate01_TBC1D4_200724_D07	200724	1	NB048	insH2Bfabp	CD15	TBC1D4	1	0	0	2	1	9	.9003283	.9684485	.9640781	1	4	7.1658391	.2722368	.36468837	.1361184	1.3250072	1	48	48															113	432873	7120	43280.164	35622.166	3.08e+08	1880.937	-2.32e+08		3570.775	778784.2	1083883	2_TBC1D4	1	2	1	6.333333	2	1	4	-1.094332	-1.510357	-1.21023	-.7133814	-.2564297	-.2564297	-2.095297	-.4113021	-.4552406	.2503385	.4113021	-.7461852	-1.290233	-.2494273	-.5819415	-.6275435	-.5375191													
InsH2Bfabp_CD15_09dpf_VAST02_plate01_TBC1D4_200724_B07	200724	1	NB046	insH2Bfabp	CD15	TBC1D4	1	0	0	2	1	9	.9248948	.9763774	.963029	1	4	10.138788	.4764144	.28540829	.0680592	1.4808904	1	46	46																											2_TBC1D4	1	2	1	6.188889	2	1	4								.9533248	-.325661	-.2654048	-.47008	0																		
InsH2Bfabp_CD15_10dpf_VAST02_plate01_TBC1D4_200803_B01	200803	1	NB052	insH2Bfabp	CD15	TBC1D4	1	0	0	2	1	10	1	1	1	1	4	12.496006	.2722368	.26955227	.0340296	.5455912	1	3	52																								3524.375	807106.3	1105132	2_TBC1D4	1	2	2	4.45	2	1	4	-1.21023	-1.274797	-1.041553	-.7946292	-1.21023	-2.514955	.1210967	-.4113021	-1.406504	-.7304482	-.6913244	.5404469																		
InsH2Bfabp_CD15_09dpf_VAST02_plate01_TBC1D4_200724_D03	200724	1	NB018	insH2Bfabp	CD15	TBC1D4	1	0	0	2	1	9	.9689845	1	1	1	4	6.0647468	.170148	.23784024	.0340296	.9352992	1	18	18																								3694.333	825319.8	1121925	2_TBC1D4	1	2	1	4.45	2	1	4	-.7318081	-.9915265	-.9438661	-.5995885	-.8122178	-.6193067	-.5735608	-1.5674	-.8340455	-.7304482	-1.217526	-1.250516																		
InsH2Bfabp_CD15_09dpf_VAST02_plate01_TBC1D4_200724_F02	200724	1	NB013	insH2Bfabp	CD15	TBC1D4	1	0	0	2	1	9	1	1	1	1	4	13.111738	.4083552	.28540829	.2041776	3.0397224	1	13	13															152	453730	11888	54390.356	43229.883	6.47e+08	6362.778	3.31e+07		4092.94	1137073	1422448	2_TBC1D4	1	2	1	4.15	2	1	4	.2873955	.5141561	.1951978	.7946292	1.611169	-.9915265	-.4032736	.5305297	.6744897	.8499573	-.47008	.7461852	-1.13214	.1717471	.0950912	.4516583	.3286447													
InsH2Bfabp_CD15_10dpf_VAST02_plate02_TBC1D4_200803_D04	200803	2	NB134	insH2Bfabp	CD15	TBC1D4	1	0	0	2	1	10	.9539731	.9763229	.9693515	1	4	6.3328857	.3062664	.31712032		1.4029488	1	36	134																								3291.093	772428.9	987013.3	2_TBC1D4	1	2	3	11.58333	2	1	4	-2.514955	-1.884304	-2.100166	-1.720366	-2.514955	-1.094332	-.9357584	-.0667151	-.3824499		-.0533578	-1.136959																		
InsH2Bfabp_CD15_09dpf_VAST02_plate01_TBC1D4_200724_B01	200724	1	NB002	insH2Bfabp	CD15	TBC1D4	1	0	0	2	1	9	.5938476	.9932879	.9628124	1	4	13.442066	.4423848	.47568048	.340296	2.8838392	1	2	2																								4233.773	1068451	1503272	2_TBC1D4	1	2	1	3.516667	2	1	4	.6193067	.1951978	.5485223	.0152849	-.014921	-.3186394	-.5037205	.7083573	.5000764	1.435436	1.275513	.9899016																		
InsH2Bfabp_CD15_09dpf_VAST02_plate01_TBC1D4_200724_B03	200724	1	NB017	insH2Bfabp	CD15	TBC1D4	1	0	0	2	1	9	.0384775	.0093211	.0478283	0	1	11.460099	.510444	.28540829	.0340296	.389708	1	17	17															175	920082	13440	49504.725	41041.284	6.65e+08	3384.001	7.30e+07		4011.253	1050895	1436025	2_TBC1D4	1	2	1	4.366667	2	1	4	-.014921	.0746714	.2873955	.7133814	.1951978	-.0746714	-.0907253	1.245996	-1.721797	-.7304482	-.47008	.3259735	.6275435	.3286447	.1717471	.5375191	.4099833													
InsH2Bfabp_CD15_09dpf_VAST02_plate01_TBC1D4_200724_H03	200724	1	NB021	insH2Bfabp	CD15	TBC1D4	1	0	0	2	1	9	.7671028	1	.987281	1	4	14.543158	.1361184	.33297634	.0340296	.389708	1	21	21															44	795274	3216	57224.837	59329.766	1.84e+08	-4830.034	-5.86e+08					2_TBC1D4	1	2	1	4.658333	2	1	4								-2.028069	-1.721797	-.7304482	.1337288	1.191816	.0189907	-1.13214	-1.13214	-.9982012	-2.428737													
InsH2Bfabp_CD15_09dpf_VAST02_plate01_TBC1D4_200724_B06	200724	1	NB039	insH2Bfabp	CD15	TBC1D4	1	0	0	2	1	9	0	0	0	0	1	6.9456207	.4083552	.23784024	.2382072	1.7147152	1	39	39																								4000.125	1170853	1478942	2_TBC1D4	1	2	1	5.733333	2	1	4	-.0746714	.7713894	.3821084	1.49795	.1346898	-.014921	1.143064	.5305297	-.1202876	1.082411	-1.217526	-.8025719																		
InsH2Bfabp_CD15_10dpf_VAST02_plate01_TBC1D4_200803_B08	200803	1	NB098	insH2Bfabp	CD15	TBC1D4	1	0	0	2	1	10	0	0	.070929	0	1	11.711396	.1361184	.20612821	.1361184	.779416	1	49	98															88	544758	6400	51360.096	47320.107	3.29e+08	-231.1585	-3.24e+08		3808.348	999424.8	1317294	2_TBC1D4	1	2	2	8.7	2	1	4	-.5485223	-.2257079	-.2257079	-.1071952	-.1648683	.8982587	.0302049	-2.028069	-1.041007	.2503385	-1.853367	.3554904	-.8254945	-.6275435	-.8254945	-.5819415	-.8801318													
InsH2Bfabp_CD15_09dpf_VAST02_plate01_TBC1D4_200724_F04	200724	1	NB027	insH2Bfabp	CD15	TBC1D4	1	0	0	2	1	9	.565388	.6557421	1	1	4	12.561192	.9528288	.3012643	.5444736	1.7926568	1	27	27															193	867582	16016	50816.69	48532.993	8.14e+08	-1831.312	1.49e+08		4081.847	1112863	1491773	2_TBC1D4	1	2	1	5.033333	2	1	4	.2257079	.3821084	.4471567	.200022	.8122178	-.583549	1.726056	2.554361	.0266694	2.109706	-.2286397	.5729675	.3286447	.4941332	.4516583	.9982012	.4941332													
InsH2Bfabp_CD15_09dpf_VAST02_plate01_TBC1D4_200724_D04	200724	1	NB025	insH2Bfabp	CD15	TBC1D4	1	0	0	2	1	9	.9080649	.8048819	1	1	4	13.221847	.3743256	.28540829	.1361184	2.2603064	1	25	25															362	847258	27758	47945.464	41299.597	1.33e+09	1599.68	7.36e+08		4348.271	1155017	1584784	2_TBC1D4	1	2	1	4.916667	2	1	4	.7713894	.6193067	.8982587	.3266899	.4803868	-.7318081	.1822052	.2976668	.3539128	.2503385	-.47008	.8219399	.2494273	2.000424	2.000424	2.000424	2.000424													
InsH2Bfabp_CD15_09dpf_VAST02_plate01_TBC1D4_200724_D06	200724	1	NB041	insH2Bfabp	CD15	TBC1D4	1	0	0	2	1	9	0	.0539005	.0243332	0	1		.170148	.26955227		.0779416	1	41	41															264	800412	20081	43600.322	35220.869	8.76e+08	2550.732	3.40e+08		4358.014	1071172	1455719	2_TBC1D4	1	2	1	5.85	2	1	4	.8122178	.2564297	.3186394	-.2628283	.6193067	.3821084	.4362566	-1.5674	-2.554361		-.6913244		.0950912	1.247754	1.13214	1.13214	1.062786													
InsH2Bfabp_CD15_09dpf_VAST02_plate01_TBC1D4_200724_F07	200724	1	NB050	insH2Bfabp	CD15	TBC1D4	1	0	0	2	1	9	1	1	1	1	4	11.900536	.2041776	.47568048	.3743256	1.558832	1	1	50															189	530368	13520	45437.028	41268.83	6.14e+08	-881.9493	1.98e+07		3856.213	896828	1223923	2_TBC1D4	1	2	2	6.45	2	1	4	-.3501975	-.6933416	-.6193067	-.9275163	-.5141561	-.3501975	-1.338533	-1.19001	-.2699041	1.570585	1.275513	.3853205	-.8801318	.3690087	.2104284	.2888094	.2888094													
InsH2Bfabp_CD15_09dpf_VAST02_plate01_TBC1D4_200724_B05	200724	1	NB031	insH2Bfabp	CD15	TBC1D4	1	0	0	2	1	9	0	0	.0141249	0	1	9.0376961	.3062664	.22198422	.1361184	.3117664	1	31	31															229	1098596	18832	39923.726	30311.504	7.52e+08	3151.503	2.64e+08		3883.44	1029855	1370230	2_TBC1D4	1	2	1	5.266667	2	1	4	-.2564297	-.014921	-.0447762	-.3591108	-.1346898	-.6933416	.338562	-.0667151	-2.145475	.2503385	-1.523396	-.4614937	1.616156	.9375322	.773217	.8254945	.9375322													
InsH2Bfabp_CD15_10dpf_VAST02_plate02_TBC1D4_200803_F02	200803	2	NB123	insH2Bfabp	CD15	TBC1D4	1	0	0	2	1	10	1	.7402223	1	1	4	16.225026	.6125328	.76108877	.2382072	3.3514888	1	25	123															120	445340	10432	45608.785	39300.166	4.76e+08	1005.04	-9.97e+07		4168.956	1129790	1472557	2_TBC1D4	1	2	3	10.76667	2	1	4	.4803868	.4471567	.3501975	.0764961	-.0746714	.0746714	.2440025	1.614666	.872421	1.082411	1.933363	1.313873	-1.207414	-.0569997	-.1333212	.0950912	-.0189907													
InsH2Bfabp_CD15_09dpf_VAST02_plate01_TBC1D4_200724_B04	200724	1	NB023	insH2Bfabp	CD15	TBC1D4	1	0	0	2	1	9	0	.0172355	.0482918	0	1	12.891519	.4764144	.38054438	.1361184	2.1823648	1	23	23															286	753922	21696	32171.907	26637.089	6.98e+08	-1398.92	2.45e+08		4039.492	1105805	1479555	2_TBC1D4	1	2	1	4.816667	2	1	4	.0746714	.3501975	.4144133	-.4588506	.5141561	-.8544474	.7226751	.9533248	.3116334	.2503385	.6089566	.7098812	-.0569997	1.616156	1.382994	.5819415	.8801318													
InsH2Bfabp_CD15_10dpf_VAST02_plate01_TBC1D4_200803_F07	200803	1	NB094	insH2Bfabp	CD15	TBC1D4	1	0	0	2	1	10	.8815757	1	1	1	4	14.849836	.3743256	.96721698	.2041776	3.9750216	1	45	94	195913	5295	4652	12934	2711	37	2.395e+09	1	3459919	119846	123	235	193	105										4154.407	1129925	1527706	2_TBC1D4	1	2	2	8.45	2	1	4	.4144133	.4803868	.6193067	-.1379956	.5485223	-.3821084	-.045316	.2976668	1.482159	.8499573	2.554361	1.250516						1.281552	.9674216	.5244005	.9674216	.9674216	.5244005	.5244005	1.281552	1.281552	1.281552	0	1.281552	1.833915
InsH2Bfabp_CD15_09dpf_VAST02_plate01_TBC1D4_200724_F06	200724	1	NB043	insH2Bfabp	CD15	TBC1D4	1	0	0	2	1	9	.6311666	.8398626	1	1	4	9.0376961	.2722368	.41225642	.1361184	1.558832	1	43	43															31	668636	2512	54595.438	50693.241	1.37e+08	65.28424	-5.49e+08		3549.558	813102.8	1097879	2_TBC1D4	1	2	1	5.966667	2	1	4	-1.150349	-1.21023	-1.094332	-1.331797	-.8982587	-1.510357	-1.726056	-.4113021	-.2699041	.2503385	.9533248	-.4614937	-.4516583	-1.290233	-1.290233	-1.290233	-2.000424													
InsH2Bfabp_CD15_10dpf_VAST02_plate01_TBC1D4_200803_F01	200803	1	NB056	insH2Bfabp	CD15	TBC1D4	1	0	0	2	1	10	1	1	.8085451	1	4	4.38837	.340296	.3012643		1.169124	1	7	56															159	656510	14354	30720.341	25846.969	4.41e+08	-2162.081	-4111915		4421.683	1338363	1681489	2_TBC1D4	1	2	2	4.783333	2	1	4	.9915265	1.611169	1.274797	1.720366	1.422911	.7318081	2.095297	.0934678	-.5459412		-.2286397	-1.914506	-.5819415	.2888094	.3286447	-.1717471	.2494273													
InsH2Bfabp_CD15_09dpf_VAST02_plate01_TBC1D4_200724_D02	200724	1	NB011	insH2Bfabp	CD15	TBC1D4	1	0	0	2	1	9	.9437995	1	1	1	4	12.340973	.3062664	.28540829	.1020888	1.94854	1	11	11															67	494836	6426	54123.648	47934.209	3.48e+08	1997.347	-3.11e+08		4042.285	1006812	1383598	2_TBC1D4	1	2	1	4.033333	2	1	4	.1046335	-.1346898	.014921	1.195972	.2873955	-.8122178	.8459325	-.0667151	.1742078	-.0875522	-.47008	.5084881	-.9375322	-.9982012	-.773217	-.4099833	-.773217													
InsH2Bfabp_CD15_10dpf_VAST02_plate01_TBC1D4_200803_B04	200803	1	NB071	insH2Bfabp	CD15	TBC1D4	1	0	0	2	1	10	.0192844	.0748494	.0979473	0	1		.170148	.25369626		.389708	1	22	71	52979	5298	4352	18838	4748	10	9.927e+08	1	716187	27855	56	307	105	47	146	652116	10602	39546.87	37120.984	4.19e+08	-3158.227	-1.35e+08		3850.173	983185.1	1252604	2_TBC1D4	1	2	2	6.4	2	1	4	-.3821084	-.2873955	-.5485223	-.045869	-.1046335	.1648683	.4032736	-1.5674	-1.721797		-.9121265		-.6275435	.1333212	-.0950912	-.2494273	-.1717471	-.5244005	-.3406948	.7279133	.5244005	.167894	1.281552	1.833915	-.3406948	-.7279133	-.7279133	1.833915	-.9674216	-.167894
InsH2Bfabp_CD15_10dpf_VAST02_plate02_TBC1D4_200803_A05	200803	2	NB139	insH2Bfabp	CD15	TBC1D4	1	0	0	2	1	10	0	0	.0365429	0	1	11.278956	.4764144	.19027219	.0340296	4.1309048	1	41	139															92	699816	8512	52516.13	43615.375	4.47e+08	4152.686	-1.70e+08		4067.83	1082956	1416601	2_TBC1D4	1	2	3	11.9	2	1	4	.1648683	.3186394	.1648683	.3591108	.4471567	-.4144133	.8899477	.9533248	1.665843	-.7304482	-2.145475	.2533471	-.2494273	-.5819415	-.3286447	-.1333212	-.2494273													
InsH2Bfabp_CD15_09dpf_VAST02_plate01_TBC1D4_200724_D05	200724	1	NB033	insH2Bfabp	CD15	TBC1D4	1	0	0	2	1	9	0	.0325051	.0438861	0	1	11.239881	.510444	.38054438	.2722368	3.117664	1	33	33															289	920046	21608	45599.829	36063.841	9.85e+08	3815.786	4.41e+08		3733.63	1045288	1409229	2_TBC1D4	1	2	1	5.383333	2	1	4	-.6558747	.0447762	.1046335		.7318081	-1.422911		1.245996	.7786766	1.288206	.6089566	.2104284	.5819415	1.77585	1.290233	1.207414	1.382994													
InsH2Bfabp_CD15_10dpf_VAST02_plate02_TBC1D4_200803_D05	200803	2	NB142	insH2Bfabp	CD15	TBC1D4	1	0	0	2	1	10	0	0	.0421498	0	1	10.3912	.6465624	.33297634	.2041776	4.0529632	1	44	142																								4986.111	1547221	1921450	2_TBC1D4	1	2	3	12.08333	2	1	4	2.514955	2.514955	2.514955	.9755887	2.514955	1.731664	1.504199	1.783727	1.5674	.8499573	.1337288	.0696849																		
InsH2Bfabp_CD15_10dpf_VAST02_plate01_TBC1D4_200803_F02	200803	1	NB063	insH2Bfabp	CD15	TBC1D4	1	0	0	2	1	10	1	1	1	1	4	4.6499067	.2722368	.3012643	.1361184	.9352992	1	14	63																											2_TBC1D4	1	2	2	5.677778	2	1	4								-.4113021	-.8340455	.2503385	-.2286397	-1.701288																		
InsH2Bfabp_CD15_10dpf_VAST02_plate02_TBC1D4_200803_B05	200803	2	NB140	insH2Bfabp	CD15	TBC1D4	1	0	0	2	1	10	1	1	.7979038	1	4	8.9961542	.3062664	.38054438	.1020888	2.1044232	1	42	140																								3521.008	851114.8	1150755	2_TBC1D4	1	3	3	11.96667	3	1	4	-1.274797	-.8982587	-.8122178	-1.079224	-.5485223	1.041553	-1.504199	-.0667151	.2699041	-.0875522	.6089566	-.5084881																		
InsH2Bfabp_CD15_10dpf_VAST02_plate02_TBC1D4_200803_G05	200803	2	NB145	insH2Bfabp	CD15	TBC1D4	1	0	0	2	1	10	.7062123	1	1	1	4	12.03989	.680592	.36468837	.5785032	5.1441456	1	47	145															96	801288	8279	58253.029	60685.817	4.82e+08	-4983.325	-3.00e+08		3864.526	1003672	1365609	2_TBC1D4	1	3	3	12.28333	3	1	4	-.3186394	-.1951978	-.0746714	-.8814972	-.6558747	1.094332	-.4697212	1.933363	1.933363	2.52324	.4113021	.4460577	.1333212	-.4941332	-.4099833	.1333212	-.7229722													
InsH2Bfabp_CD15_10dpf_VAST02_plate01_TBC1D4_200803_D03	200803	1	NB066	insH2Bfabp	CD15	TBC1D4	1	0	0	2	1	10	.9666074	.9801846	.9865955	1	4	4.9114433	.340296	.38054438	.1020888	1.7147152	1	17	66															401	966308	37936	39545.519	32570.8	1.50e+09	804.8463	9.90e+08		4210.421	1210779	1576485	2_TBC1D4	1	3	2	5.933333	3	1	4	.5485223	.9915265	.8122178	-.1689275	1.150349	.0447762	1.338533	.0934678	-.1202876	-.0875522	.6089566	-1.545513	.9375322	2.428737	2.428737	2.428737	2.428737													
InsH2Bfabp_CD15_10dpf_VAST02_plate02_TBC1D4_200803_H04	200803	2	NB138	insH2Bfabp	CD15	TBC1D4	1	0	0	2	1	10	0	0	.0733012	0	1	9.5034435	.7826808	.33297634	.4083552	4.286788	1	40	138															24	892948	2225	36595.315	33787.341	8.14e+07	-3205.29	-4.41e+08		4593.945	1356861	1755853	2_TBC1D4	1	3	3	11.83333	3	1	4	1.510357	1.731664	1.884304	1.41001	1.731664	1.611169	2.51073	2.145475	1.783727	1.742647	.1337288	-.2677537	.4099833	-1.549706	-1.382994	-1.382994	-1.207414													
InsH2Bfabp_CD15_10dpf_VAST02_plate02_TBC1D4_200803_G03	200803	2	NB129	insH2Bfabp	CD15	TBC1D4	1	0	0	2	1	10	.910084	.9505919	1	1	4	11.278956	.4764144	.47568048	.170148	3.6632552	1	31	129															54	939430	4224	59891.405	60321.51	2.53e+08	-3027.541	-5.26e+08		4115.166	1044316	1350057	2_TBC1D4	1	3	3	11.21667	3	1	4	.3186394	.014921	-.1046335	.2946089	-.583549	.583549	-.2752391	.9533248	1.087999	.6029956	1.275513	.2533471	.7229722	-1.062786	-1.062786	-.773217	-1.48947													
InsH2Bfabp_CD15_10dpf_VAST02_plate01_TBC1D4_200803_G09	200803	1	NB111	insH2Bfabp	CD15	TBC1D4	1	0	0	2	1	10	0	0	.0613418	0	1	18.772886	.2382072	.3012643	0	1.0132408	1	13	111	87756	4875	3872	16099	3507	18	1.357e+09	1	2385308	73632	103	236	181	67	202	1040932	17739	44704.908	39740.343	7.93e+08	-282.3497	2.13e+08		4436.816	1199130	1602788	2_TBC1D4	1	3	3	9.55	3	1	4	1.041553	.8982587	1.041553	.8372732	.0746714	-.4471567	-.045316	-.8530763	-.7255982	-1.679661	-.2286397	1.593219	1.290233	.7229722	.6275435	.9375322	.8254945	0	.167894	.3406948	0	.3406948	.9674216	.9674216	.5244005	.3406948	.6229257	.167894	.9674216	.167894
InsH2Bfabp_CD15_10dpf_VAST02_plate01_TBC1D4_200803_C01	200803	1	NB053	insH2Bfabp	CD15	TBC1D4	1	0	0	2	1	10	0	0	.0352458	0	1	4.6499067	.2041776	.28540829		.6235328	1	4	53															274	904348	24250	46128.082	40188.122	1.12e+09	750.6897	5.35e+08		4336.614	1283035	1563954	2_TBC1D4	1	3	2	4.6	3	1	4	.7318081	1.21023	.7713894	1.873672	1.510357	1.422911	.2752391	-1.19001	-1.217526		-.47008	-1.701288	.4941332	1.48947	1.616156	1.616156	1.616156													
InsH2Bfabp_CD15_10dpf_VAST02_plate01_TBC1D4_200803_G08	200803	1	NB103	insH2Bfabp	CD15	TBC1D4	1	0	0	2	1	10	0	0	.0389333	0	1	13.542153	.4764144	.41225642	.2041776	2.8838392	1	5	103																											2_TBC1D4	1	3	3	9.016666	3	1	4								.9533248	.5000764	.8499573	.9533248	1.036433																		
InsH2Bfabp_CD15_10dpf_VAST02_plate01_TBC1D4_200803_C08	200803	1	NB099	insH2Bfabp	CD15	TBC1D4	1	0	0	2	1	10	1	1	1	1	4	9.7498713	.3743256	.3964004	.1020888	3.89708	1	1	99	31667	4524	4365	8149	1512	7	2.746e+08	1	587408	24836	48	297	129	41	198	1026064	19213	55148.52	49742.366	1.06e+09	1446.832	3.83e+08		4412.927	1162643	1538697	2_TBC1D4	1	3	3	8.766666	3	1	4	.9438661	.6933416	.6558747	.4930868	.2564297	2.514955	.6839988	.2976668	1.371521	-.0875522	.8340455	-.1820346	1.207414	.6275435	.8801318	1.48947	1.207414	-.9674216	-.7279133	-.167894	.7279133	-.5244005	-.3406948	-.9674216	-.9674216	-.9674216	-.9674216	1.281552	-.3406948	-.8416212
InsH2Bfabp_CD15_10dpf_VAST02_plate01_TBC1D4_200803_C04	200803	1	NB072	insH2Bfabp	CD15	TBC1D4	1	0	0	2	1	10	.0084846	.0776029	.094347	0	1		.1020888	.31712032		.389708	1	23	72																								4141.122	1153806	1557673	2_TBC1D4	1	3	2	6.466667	3	1	4	.3821084	.583549	.6933416	.3919137	.9915265	.2873955	.9357584	-2.554361	-1.721797		-.0533578																			
InsH2Bfabp_CD15_10dpf_VAST02_plate02_TBC1D4_200803_E05	200803	2	NB143	insH2Bfabp	CD15	TBC1D4	1	0	0	2	1	10	.9245858	1	1	1	4	9.1229765	.2722368	.28540829	.0340296	.5455912	1	45	143															72	727014	4896	53382.962	59833.739	2.61e+08	-9111.004	-5.13e+08		3922.565	982287.9	1313376	2_TBC1D4	1	3	3	12.15	3	1	4	-.2257079	-.3186394	-.2564297	-.200022	-.1951978	1.345167	1.203157	-.4113021	-1.406504	-.7304482	-.47008	-.4154975	-.1717471	-.9375322	-.9982012	-.7229722	-1.382994													
InsH2Bfabp_CD15_10dpf_VAST02_plate02_TBC1D4_200803_E04	200803	2	NB135	insH2Bfabp	CD15	TBC1D4	1	0	0	2	1	10	1	1	1	1	4	4.1769064	.340296	.25369626	.1361184	2.4161896	1	37	135															103	682624	8224	56121.789	56944.064	4.62e+08	-3854.5	-2.85e+08		3841.492	956388.3	1262803	2_TBC1D4	1	3	3	11.65	3	1	4	-.4471567	-.4803868	-.4471567	-.2946089	-.2257079	1.21023	-1.203157	.0934678	.4113021	.2503385	-.9121265	-2.128045	-.3690087	-.3690087	-.4516583	-.0189907	-.6744897													
InsH2Bfabp_CD15_10dpf_VAST02_plate01_TBC1D4_200803_G03	200803	1	NB068	insH2Bfabp	CD15	TBC1D4	1	0	0	2	1	10	.6402577	.8565189	.971407	1	4	12.234469	.2382072	.34883235	0	2.9617808	1	19	68	60217	4632	4281	9906	1767	13	5.971e+08	1	671171	34407	63	172	119	44										3483.325	831151.8	1113715	2_TBC1D4	1	3	2	6.066667	3	1	4	-1.510357	-.9438661	-.9915265	-1.260977	-1.611169	-.2873955	-.6839988	-.8530763	.5771623	-1.679661	.2976668	.4770404						-.2533471	-.167894	0	.3406948	-.167894	0	-.167894	-.7279133	-.5244005	-.3406948	-1.281552	-.5244005	-.5244005
InsH2Bfabp_CD15_10dpf_VAST02_plate02_TBC1D4_200803_G04	200803	2	NB137	insH2Bfabp	CD15	TBC1D4	1	0	0	2	1	10	1	1	.8309111	1	4	13.18129	.6125328	.23784024	.3743256	6.0015032	1	39	137															247	1059726	23392	53874.981	47782.235	1.26e+09	1881.09	6.03e+08		4485.547	1242511	1593382	2_TBC1D4	1	3	3	11.76667	3	1	4	1.274797	1.094332	.9915265	1.59929	.3821084	.8544474	-.3067468	1.614666	2.554361	1.570585	-1.217526	.7835004	1.48947	.9982012	1.48947	1.77585	1.77585													
InsH2Bfabp_CD15_10dpf_VAST02_plate02_TBC1D4_200803_G01	200803	2	NB118	insH2Bfabp	CD15	TBC1D4	1	0	0	2	1	10	.0421053	0	.0256397	0	1	12.674001	.2041776	.38054438	.0340296	1.7147152	1	20	118															128	1044008	10954	43357.087	35234.507	4.75e+08	2295.615	-6.11e+07					2_TBC1D4	1	3	3	10.24167	3	1	4								-1.19001	-.1202876	-.7304482	.6089566	.6399237	1.382994	-.0189907	-.0189907	.0569997	.0950912													
InsH2Bfabp_CD15_10dpf_VAST02_plate02_TBC1D4_200803_B04	200803	2	NB132	insH2Bfabp	CD15	TBC1D4	1	0	0	2	1	10	0	.0768671	0	0	1	6.5865303	.2722368	.31712032	0	1.7926568	1	34	132																								4596.142	1326072	1746373	2_TBC1D4	1	3	3	11.46667	3	1	4	1.611169	1.510357	1.731664	1.331797	1.274797	.6193067	1.086838	-.4113021	.0266694	-1.679661	-.0533578	-.9027348																		
InsH2Bfabp_CD15_10dpf_VAST02_plate01_TBC1D4_200803_G02	200803	1	NB064	insH2Bfabp	CD15	TBC1D4	1	0	0	2	1	10	0	0	.1214349	0	1		.2722368	.33297634	.0340296	.779416	1	15	64	17011	3402	2378	5645	1549	5	88464640	1	236019	14900	45	190	53	46	156	1266910	14526	31110.687	23092.163	4.52e+08	628.4366	3.35e+07					2_TBC1D4	1	3	2	5.738889	3	1	4								-.4113021	-1.041007	-.7304482	.1337288		2.428737	.2104284	.3690087	-.0950912	.3690087	-1.281552	-1.281552	-.7279133	-.9674216	-1.281552	-.9674216	-.7279133	-1.281552	-1.281552	-1.281552	-.5244005	-1.281552	-.3406948
InsH2Bfabp_CD15_10dpf_VAST02_plate02_TBC1D4_200803_D06	200803	2	NB149	insH2Bfabp	CD15	TBC1D4	1	0	0	2	1	10	.9623395	1	.9871593	1	4	11.405778	.4423848	.28540829	.1361184	3.7411968	1	2	149															116	738497	9479	55828.163	53694.57	5.29e+08	-1316.95	-1.86e+08		3864.661	1003806	1387112	2_TBC1D4	1	3	4	12.55	3	1	4	-.2873955	-.1648683	.0447762	-.4930868	.014921	.3186394	-.9836224	.7083573	1.19001	.2503385	-.47008	.2967378	-.0950912	-.1717471	-.2104284	.2104284	-.3286447													
InsH2Bfabp_CD15_10dpf_VAST02_plate02_TBC1D4_200803_C02	200803	2	NB121	insH2Bfabp	CD15	TBC1D4	1	0	0	2	1	10	0	0	.0266932	0	1	8.3620427	.4764144	.42811243	.1361184	2.9617808	1	23	121															264	974018	25968	39087.774	30428.919	1.02e+09	2213.251	5.26e+08					2_TBC1D4	1	3	3	10.61667	3	1	4								.9533248	.5771623	.2503385	1.041007	-.6061059	.9982012	1.247754	1.77585	1.290233	1.48947													
InsH2Bfabp_CD15_10dpf_VAST02_plate02_TBC1D4_200803_C03	200803	2	NB126	insH2Bfabp	CD15	TBC1D4	1	0	0	2	1	10	.7561913	1	1	1	4	6.0792411	.3062664	.38054438		1.3250072	1	28	126																											2_TBC1D4	1	3	3	11	3	1	4								-.0667151	-.4552406		.6089566	-1.191816																		
InsH2Bfabp_CD15_10dpf_VAST02_plate01_TBC1D4_200803_G07	200803	1	NB095	insH2Bfabp	CD15	TBC1D4	1	0	0	2	1	10	1	1	1	1	4	13.411384	.340296	.58667259	.1361184	3.117664	1	46	95																								3754.042	972956.9	1258855	2_TBC1D4	1	3	2	8.516666	3	1	4	-.583549	-.4144133	-.5141561	.7533835	-.2873955	-.5141561	-.7226751	.0934678	.7786766	.2503385	1.665843	.9454201																		
InsH2Bfabp_CD15_10dpf_VAST02_plate01_TBC1D4_200803_C06	200803	1	NB086	insH2Bfabp	CD15	TBC1D4	1	0	0	2	1	10	.9598972	.8373937	.9831882	1	4	31.980486	.4083552	.25369626	.2382072	3.6632552	1	37	86															117	921710	11050	57411.426	56549.036	6.34e+08	-2220.689	-1.08e+08		4401.996	1182263	1590137	2_TBC1D4	1	3	2	7.366667	3	1	4	.8982587	.8122178	.9438661	.9275163	1.21023	.9915265	-.2440025	.5305297	1.087999	1.082411	-.9121265	2.539185	.6744897	-.1141853	.0189907	.4099833	-.0950912													
InsH2Bfabp_CD15_10dpf_VAST02_plate01_TBC1D4_200803_C09	200803	1	NB107	insH2Bfabp	CD15	TBC1D4	1	0	0	2	1	10	.656611	1	.9657341	1	4	9.3575663	.3062664	.38054438	.0680592	1.0132408	1	9	107															78	302014	5463	48095.732	46697.451	2.63e+08	-2953.023	-3.84e+08		3586.697	910450.8	1181515	2_TBC1D4	1	3	3	9.3	3	1	4	-.9438661	-.583549	-.7318081	-2.506447	-.7318081	-1.274797	.6095368	-.0667151	-.7255982	-.2654048	.6089566	-.3259735	-2.428737	-.773217	-.9375322	-.6744897	-1.062786													
InsH2Bfabp_CD15_10dpf_VAST02_plate01_TBC1D4_200803_H08	200803	1	NB104	insH2Bfabp	CD15	TBC1D4	1	0	0	2	1	10	.9895542	1	1	1	4	20.342106	.2722368	.45982446	.2041776	3.4294304	1	6	104															144	711776	11664	53302.696	55738.693	6.22e+08	-5623.393	-1.13e+08		4171.691	1009758	1328584	2_TBC1D4	1	4	3	9.083333	4	1	4	.5141561	-.0746714	-.1951978	-.5279112	-.8544474	.6558747	-.6095368	-.4113021	.9325278	.8499573	1.137524	1.763728	-.2104284	.0569997	.0569997	.3286447	-.1333212													
InsH2Bfabp_CD15_10dpf_VAST02_plate01_TBC1D4_200803_D06	200803	1	NB087	insH2Bfabp	CD15	TBC1D4	1	0	0	2	1	10	.5269161	.6822819	.6442556	1	4	22.695935	.2722368	.36468837	.1361184	1.94854	1	38	87	180742	5830	4213	15418	3245	31	2.757e+09	1	3061323	92332	96	274	231	75										3625.765	852729.8	1180005	2_TBC1D4	1	4	2	7.433333	4	1	4	-.8122178	-.8544474	-.7713894	-.563388	-.7713894	.2257079	-.2130021	-.4113021	.1742078	.2503385	.4113021	2.128045						.9674216	.7279133	.9674216	.167894	1.281552	.7279133	.7279133	.9674216	.7279133	.3406948	.9674216	1.833915	.3406948
InsH2Bfabp_CD15_10dpf_VAST02_plate02_TBC1D4_200803_H03	200803	2	NB130	insH2Bfabp	CD15	TBC1D4	1	0	0	2	1	10	.9295431	.8695825	.8915998	1	4	6.8401749	.2382072	.38054438	.0340296	.779416	1	32	130																											2_TBC1D4	1	4	3	11.30833	4	1	4								-.8530763	-1.041007	-.7304482	.6089566	-.8616341																		
InsH2Bfabp_CD15_10dpf_VAST02_plate02_TBC1D4_200803_F06	200803	2	NB151	insH2Bfabp	CD15	TBC1D4	1	0	0	2	1	10	0	0	.0382911	0	1	9.6302658	.4764144	.20612821	.170148	3.507372	1	4	151															139	964852	15920	45885.367	37282.298	7.30e+08	3039.723	1.75e+08		4672.832	1322049	1745176	2_TBC1D4	1	4	4	12.68333	4	1	4	1.884304	1.422911	1.611169	1.079224	.9438661	1.510357	1.26794	.9533248	.9745425	.6029956	-1.853367	-.2104284	.8801318	.0189907	.4099833	.773217	.6275435													
InsH2Bfabp_CD15_10dpf_VAST02_plate01_TBC1D4_200803_D02	200803	1	NB061	insH2Bfabp	CD15	TBC1D4	1	0	0	2	1	10	0	0	.085615	0	1	3.7345284	.2722368	0	.0340296	.8573576	1	12	61	4844	1211	643	5064	1717	4	24363028	1	16640	2828	22	70	25	20										4004.459	1121357	1494718	2_TBC1D4	1	4	2	5.516667	4	1	4	-.0447762	.4144133	.4803868	.1071952	-.4144133	.2564297	.5735608	-.4113021	-.9121265	-.7304482	-2.554361	-2.539185						-1.833915	-1.833915	-1.833915	-1.833915	-1.833915	-1.833915	-.3406948	-1.833915	-1.833915	-1.833915	-1.833915	-1.833915	-1.833915
InsH2Bfabp_CD15_10dpf_VAST02_plate01_TBC1D4_200803_D08	200803	1	NB100	insH2Bfabp	CD15	TBC1D4	1	0	0	2	1	10	1	1	1	1	4	9.8806396	.2722368	.33297634		2.1044232	1	2	100	79654	4192	3337	6151	851	19	4.682e+08	1	1299486	54440	81	187	114	97	111	406304	9464	49631.266	46397.083	4.70e+08	-1155.789	-1.75e+08		3718.166	880633.3	1203183	2_TBC1D4	1	4	3	8.833333	4	1	4	-.6933416	-.7713894	-.6558747	-.8372732	-1.422911	1.884304	-1.033853	-.4113021	.2699041		.1337288	-.1537869	-1.382994	-.2888094	-.2494273	.0189907	-.2888094	.167894	0	-.5244005	-.3406948	-.3406948	-.7279133	-1.833915	0	-.167894	0	-.7279133	-.7279133	.9674216
InsH2Bfabp_CD15_10dpf_VAST02_plate02_TBC1D4_200803_F04	200803	2	NB136	insH2Bfabp	CD15	TBC1D4	1	0	0	2	1	10	.071374	.0596517	.0205041	0	1	10.137555	.5785032	.22198422	.0340296	1.169124	1	38	136																								4575.749	1261023	1719172	2_TBC1D4	1	4	3	11.71667	4	1	4	1.422911	1.150349	1.510357	.5279112	.6558747	2.100166	.0604375	1.443299	-.5459412	-.7304482	-1.523396	-.0557317																		
InsH2Bfabp_CD15_10dpf_VAST02_plate01_TBC1D4_200803_D07	200803	1	NB092	insH2Bfabp	CD15	TBC1D4	1	0	0	2	1	10	.988324	1	.6958007	1	4	9.226798	.510444	.45982446	.0680592	2.2603064	1	43	92	43719	3363	2903	5528	1697	13	2.200e+08	1	1079368	56188	78	266	147	32	42	588290	3020	52150.727	43953.122	1.57e+08	3493.015	-4.63e+08		3823.867	908835.8	1147376	2_TBC1D4	1	4	2	8.333333	4	1	4	-.5141561	-.6193067	-.8544474	-.425144	-.3821084	1.150349	-1.26794	1.245996	.3539128	-.2654048	1.137524	-.3853205	-.7229722	-1.207414	-1.207414	-1.13214	-1.290233	-.2533471	-.5244005	-.9674216	-.7279133	-.9674216	-1.281552	-.5244005	-.167894	0	-.167894	.6229257	.0836517	-1.281552
InsH2Bfabp_CD15_10dpf_VAST02_plate02_TBC1D4_200803_C04	200803	2	NB133	insH2Bfabp	CD15	TBC1D4	1	0	0	2	1	10	1	.7513351	.820842	1	4	5.1914849	.3743256	.36468837	.0340296	1.7147152	1	35	133															100	303284	7104	34102.824	27248.992	2.42e+08	-1.134101	-2.16e+08		3688.151	823390.8	1097371	2_TBC1D4	1	4	3	11.51667	4	1	4	-.7713894	-1.094332	-1.150349	-2.090361	-1.345167	-1.21023	-1.416509	.2976668	-.1202876	-.7304482	.4113021	-1.459439	-2.000424	-.4516583	-.6275435	-.8254945	-.3690087													
InsH2Bfabp_CD15_10dpf_VAST02_plate01_TBC1D4_200803_H07	200803	1	NB096	insH2Bfabp	CD15	TBC1D4	1	0	0	2	1	10	.9737367	1	1	1	4	9.3575663	.2722368	.42811243	.0340296	1.7926568	1	47	96	126539	4519	3154	7063	1364	28	9.094e+08	1	1700338	68069	87	232	173	65	83	494128	6336	24553.037	21221.113	1.56e+08	-4299.03	-2.45e+08		3511.611	816048.6	1054619	2_TBC1D4	1	4	2	8.583333	4	1	4	-1.345167	-1.150349	-1.274797	-1.135663	-.6933416	-1.884304	-1.605273	-.4113021	.0266694	-.7304482	1.041007	-.3259735	-.9982012	-.7229722	-.8801318	-1.207414	-.5819415	.6229257	.3406948	-.3406948	-.5244005	0	-.5244005	-1.281552	.167894	.167894	.167894	-.167894	.5244005	0
InsH2Bfabp_CD15_10dpf_VAST02_plate02_TBC1D4_200803_C05	200803	2	NB141	insH2Bfabp	CD15	TBC1D4	1	0	0	2	1	10	1	1	1	1	4	5.9524188	.4764144	.33297634	.170148	3.0397224	1	43	141															199	845318	18090	39099.65	34467.416	7.07e+08	-1293.482	1.79e+08		4560.337	1196783	1602818	2_TBC1D4	1	4	3	12.01667	4	1	4	1.345167	.8544474	1.094332	1.026029	1.094332	.4144133	-.5383123	.9533248	.6744897	.6029956	.1337288	-1.313873	.2104284	.6744897	.6744897	.6744897	.7229722													
InsH2Bfabp_CD15_10dpf_VAST02_plate01_TBC1D4_200803_H09	200803	1	NB112	insH2Bfabp	CD15	TBC1D4	1	0	0	2	1	10	.5131214	1	.9689109	1	4	17.726739	.3743256	.84036885	.170148	3.5853136	1	14	112	150278	6534	5379	9981	2514	23	1.498e+09	1	1701653	77786	103	177	147	81	95	696975	7450	59025.644	58213.884	4.40e+08	-2056.998	-3.19e+08		4032.567	1008427	1374177	2_TBC1D4	1	4	3	9.6	4	1	4	.0447762	-.1046335	-.014921	-.3919137	-1.094332	1.274797	-.6463197	.2976668	1.018352	.6029956	2.145475	1.459439	-.2888094	-.5375191	-.5375191	-.2104284	-.8254945	.3406948	.5244005	1.281552	1.281552	.5244005	.167894	.3406948	.3406948	.5244005	.6229257	-.9674216	.0836517	.5244005
InsH2Bfabp_CD15_10dpf_VAST02_plate02_TBC1D4_200803_C06	200803	2	NB148	insH2Bfabp	CD15	TBC1D4	1	0	0	2	1	10	0	0	0	0	1	5.8255964	.4083552	.25369626	.0680592	3.89708	1	1	148															101	883584	12320	26964.776	22363.374	3.32e+08	-2882.506	-7.91e+07		4699.291	1483354	1794867	2_TBC1D4	1	4	4	12.48333	4	1	4	2.100166	2.100166	2.100166	2.506447	1.884304	-.5485223	1.605273	.5305297	1.371521	-.2654048	-.9121265	-1.382994	.3690087	-.4099833	.1333212	-.5375191	.0569997													
