filename	date	plate	index	line	diet	Exp	overfeeding	cholesterol	glucose	VAST	Imaged	age	lmna_nwt	lmna_dich	qRNA	protein	ldl	gluc	tc	tg	Anders_batch	pos_bio	Löpnr	Volume	CellVolume_Av	CellVolume_Stdev	CellInt_Av	CellInt_Stdev	NrCells	CellInt_Tot	isletNr	IV	ISA	IED	IPAL1	IPAL2	IPAL3	LiverLipN	LiverArea	LiverLipArea	LiverLipInt_Av	LiverLipIntBG	LiverLipInt_Tot	LiverLipInt_Av_Res	LiverLipInt_Tot_Res	vld_area	length	dorsal_area	lateral_area	file	batch	tank	batch_bio	tod	tank_n	batch_n	nr_tanks	intlength	intdorsal_area	intlateral_area	intangle	inteye_area	intcurvature	intpig_dorsal_tail	intldl	inttg	inttc	intgluc	intprotein	intLiverArea	intLiverLipN	intLiverLipArea	intLiverLipInt_Tot	intLiverLipInt_Tot_Res	intNrCells	intVolume	intCellVolume_Av	intCellVolume_Stdev	intCellInt_Tot	intCellInt_Av	intCellInt_Stdev	intIV	intISA	intIED	intIPAL1	intIPAL2	intIPAL3
InsH2Bfabp_CD15_09dpf_VAST02_plate01_LMNA_200808_C09	200808	1	NB258	insH2Bfabp	CD15	LMNA	1	0	0	2	1	9	1	1	2	5.3596811	.340296	.33297634	.1361184	1.0132408	1	10	59																							1	3554.259	719657.6	1005496	3_LMNA	1	1	2	8.466666	1	1	7	-1.23942	-2.075128	-1.478625	-1.857141	-1.310954	-.8462095	-.5316958	-.1536793	-.0574353	-.9032142	.3110992	-.7764218																		
InsH2Bfabp_CD15_09dpf_VAST02_plate01_LMNA_200808_A03	200808	1	NB215	insH2Bfabp	CD15	LMNA	1	0	0	2	1	9	1	1	2	7.1209402	.4083552	.34883235	.170148	.7014744	1	16	16																							1	3396.341	720644.5	957285.4	3_LMNA	1	1	1	5.1	1	1	7	-2.075128	-1.857141	-2.075128	-.2895613	-.3564294	-.3101982	-.6063177	1.10959	-.4447664	-.5531617	.5869282	-.291285																		
InsH2Bfabp_CD15_09dpf_VAST02_plate02_LMNA_200808_C03	200808	2	NB276	insH2Bfabp	CD15	LMNA	1	0	0	2	1	9	1	1	2		.340296	.26955227	.2382072	.8573576	1	28	77															136	392352	11033	27942.377	25228.189	3.08e+08	-897.8547	2.31e+07	0	3487.892	788264.8	1031889	3_LMNA	1	1	2	9.983334	1	1	7	-1.478625	-.9506695	-1.173722	.4954916	-1.389907	.4484255	-1.580799	-.1536793	-.1730713	.2811101	-.8334692		-1.062786	.6065981	.6065981	.2487277	.4389272													
InsH2Bfabp_CD15_09dpf_VAST02_plate02_LMNA_200808_A01	200808	2	NB264	insH2Bfabp	CD15	LMNA	1	0	0	2	1	9	1	1	2	10.117856	.340296	.3012643	.2722368	1.4029488	1	16	65	233514	3384	3223	7443	2504	69	1.700e+09	1	3122424	128440	129	248	141	110	74	1019085	6144	37053.233	31555.512	2.28e+08	1551.065	-1.45e+08	157	3923.135	893672.8	1186674	3_LMNA	1	1	2	9.183333	1	1	7	.1915416	.0953326	0	-.2566249	.0953326	.5207167	-.3228149	-.1536793	.3312469	.5756001	-.1633676	.6420614	1.207414	.0922863	.0553215	-.1121376	-.1121376	.7677715	-1.245046	-2.400036	-2.400036	-1.439531	-.9345893	-.4537622	-.3786901	-.2491061	0	.2917317	-1.245046	-.7404675
InsH2Bfabp_CD15_09dpf_VAST02_plate01_LMNA_200808_C01	200808	1	NB201	insH2Bfabp	CD15	LMNA	1	0	0	2	1	9	1	1	2	18.459045	.340296	.3012643	.2382072	.5455912	1	2	2	438419	10439	9628	7411	2003	42	3.191e+09	1	3491983	128131	104	238	184	153	93	723223	8112	44795.803	34580.819	3.63e+08	6108.338	-5.11e+07	21	3926.844	917374.3	1261038	3_LMNA	1	1	1	4.183333	1	1	7	.2566249	.2566249	.3904518	2.493243	-.4249322	1.047494	-1.055626	-.1536793	-.6330246	.2811101	-.1633676	2.310991	.3690087	.3576728	.2800857	.4389272	.2028072	-.7677715	.423225	1.739384	2.400036	-.1891184	-1.001331	-1.150349	-.0822773	-.2917317	-1.290949	.0616775	.3786901	1.339746
InsH2Bfabp_CD15_09dpf_VAST02_plate01_LMNA_200808_G02	200808	1	NB213	insH2Bfabp	CD15	LMNA	1	0	0	2	1	9	0	0	1	4.2588942	.3062664	.34883235	0	0	1	14	14	441852	9205	8114	7903	2053	48	3.444e+09	1	3777577	137412	146	213	158	127	0	1498457	0		19875.387				0	3446.944	791838.7	1110919	3_LMNA	1	1	1	4.966667	1	1	7	-1.702789	-.9019402	-.6844819	-.6449072	-.4599256	-1.303783	-.8552639	-.9472499	-2.425978	-2.667861	.5869282	-1.202508	1.616156	-1.351702	-1.351702			-.2491061	.4686158	1.245046	1.57718	.0627068	-.7009514	-1.001331	.0822773	-.0822773	.6874435	-.6113263	-.5867419	.2491061
InsH2Bfabp_CD15_09dpf_VAST02_plate01_LMNA_200808_C05	200808	1	NB231	insH2Bfabp	CD15	LMNA	1	0	0	2	1	9	0	0	1	8.5519632	.3062664	.60252861	.2041776	1.8705984	1	32	32	490299	11959	5883	11861	3606	41	5.932e+09	1	3661030	149436	128	244	173	118	33	812128	3195	39944.08	43588.822	1.28e+08	-8227.767	-4.11e+08	17	3946.888	927946.5	1337421	3_LMNA	1	1	1	6.25	1	1	7	.3564294	.2895613	.5316958	.0953326	.6063177	.4842547	.9506695	-.9472499	.6330246	-.1246971	1.648566	.3462343	.8254945	-.3576728	-.3186394	-.7028602	-1.699178	-1.012131	.8241822	2.400036	0	1.23544	.6484922	.9345893	.0411038	.3348942	-.0411038	.1651163	-.0616775	-.3786901
InsH2Bfabp_CD15_09dpf_VAST02_plate01_LMNA_200808_E04	200808	1	NB225	insH2Bfabp	CD15	LMNA	1	0	0	2	1	9	1	1	2	9.5426714	.340296	.52324853	.2382072	1.2470656	1	26	26	260773	6686	5401	12070	3563	39	3.144e+09	1	2678986	105175	121	210	160	102	139	653390	11694	35944.829	30597.598	4.20e+08	1451.233	6.09e+07	27	4067.923	914129.3	1332008	3_LMNA	1	1	1	5.866667	1	1	7	.7670732	.2239646	.4954916	-.1915416	.4954916	-.2434042	-.3564294	-.1536793	.2316706	.2811101	1.457283	.5791321	-.0569997	.6515277	.697813	.5398714	.4887764	-1.160362	-.8241822	-.2491061	-.3786901	-.2749777	.8122178	.8122178	-.8241822	-1.012131	-.2279667	-.6616482	-.4008581	-1.047038
InsH2Bfabp_CD15_09dpf_VAST02_plate01_LMNA_200808_E03	200808	1	NB218	insH2Bfabp	CD15	LMNA	1	0	0	2	1	9	1	1	2	4.5891303	.3743256	.33297634	.0680592	.3117664	1	19	19																							0	3775.434	760451.1	1016547	3_LMNA	1	1	1	5.316667	1	1	7	-.4954916	-1.23942	-1.310954	-1.112734	-1.580799	.5958401	-1.857141	.5420468	-1.330948	-1.820373	.3110992	-1.00999																		
InsH2Bfabp_CD15_09dpf_VAST02_plate01_LMNA_200808_C02	200808	1	NB209	insH2Bfabp	CD15	LMNA	1	0	0	2	1	9	1	1	2	5.9100746	.3743256	.23784024	.1020888	.0779416	1	10	10	355099	9597	8547	8155	2690	37	2.693e+09	1	3298834	126874	131	226	162	120	0	1897641	0		25215.988				9				3_LMNA	1	1	1	4.7	1	1	7								.5420468	-1.931388	-1.330948	-1.243346	-.6102946	2.000424	-1.351702	-1.351702			-1.290949	-.0411038	1.448272	1.739384	-.755415	-.5977601	-.2749777	-.2491061	-.3348942	.0411038	-.2703575	-.3348942	-.2917317
InsH2Bfabp_CD15_09dpf_VAST02_plate01_LMNA_200808_E01	200808	1	NB203	insH2Bfabp	CD15	LMNA	1	0	0	2	1	9	.9763081	1	2	7.4511763	.3062664	.28540829	.2041776	.9352992	1	4	4															224	758220	17884	31796.187	28152.887	5.69e+08	-123.4129	2.43e+08	21	3950.94	1036435	1408182	3_LMNA	1	1	1	4.3	1	1	7	.3904518	.9019402	.8103805	1.173722	.6449072	.6744897	-.7670732	-.9472499	-.0862122	-.1246971	-.4766831	-.1838047	.6275435	1.399161	1.504888	.8871465	1.028805													
InsH2Bfabp_CD15_09dpf_VAST02_plate01_LMNA_200808_C08	200808	1	NB250	insH2Bfabp	CD15	LMNA	1	0	0	2	1	9	.9554611	1	2	6.7907041	.3743256	.33297634	.2382072	.4676496	1	2	51	232150	5527	4334	10243	3547	42	2.237e+09	1	2465831	95380	109	171	160	122	3	615844	160	16352.475	24445.796	2616396	-11663.99	-2.72e+08	13	3835.078	832273.3	1156154	3_LMNA	1	1	2	7.95	1	1	7	-.2566249	-.5686108	-.2895613	-1.580799	-1.112734	-1.166061	-.1915416	.5420468	-.8334692	.2811101	.3110992	-.4022501	-.2494273	-.7215223	-.7952457	-1.930286	-.8871465	-.7677715	-1.339746	-1.012131	-1.245046	-1.001331	.0627068	.755415	-.9457771	-1.245046	-1.012131	-1.652854	-.4008581	-.2279667
InsH2Bfabp_CD15_09dpf_VAST02_plate02_LMNA_200808_A02	200808	2	NB269	insH2Bfabp	CD15	LMNA	1	0	0	2	1	9	.9541143	1	2	7.7247501	.3062664	.26955227	.3062664	1.169124	1	21	70	525119	7096	7997	8643	2774	74	4.495e+09	1	4093708	159908	146	226	178	126	26	827954	2305	21999.148	21272.955	5.07e+07	-2676.681	-1.80e+08	180	4042.365	956836.9	1204798	3_LMNA	1	1	2	9.516666	1	1	7	.6449072	.4954916	.0953326	-.0953326	.9019402	-.5207167	.2895613	-.9472499	.134345	.8748062	-.8334692	-.1309267	.8801318	-.397259	-.397259	-.9555776	-.3422765	1.120983	1.012131	-.0411038	1.448272	.7009514	-.5005801	-.1891184	.3348942	.5625072	.6874435	-.2703575	.1443224	.1443224
InsH2Bfabp_CD15_09dpf_VAST02_plate01_LMNA_200808_G09	200808	1	NB262	insH2Bfabp	CD15	LMNA	1	0	0	2	1	9	0	0	1	12.734954	.340296	.74523275	.1361184	.389708	1	14	63	516799	8910	7133	9025	2253	58	4.651e+09	1	3812142	179285	120	234	213	146	0		0		17647.012				35	4022.37	970609.1	1347724	3_LMNA	1	1	2	8.733334	1	1	7	.5686108	.5686108	.5686108	.6063177	.4249322	.1776799	.1593188	-.1536793	-1.092054	-.9032142	2.667861	1.202508		-1.351702	-1.351702			.423225	.9457771	.9457771	.8241822	.755415	-.3186394	-.871771	.1235907	.9457771	-.31324	-.0411038	1.047038	.9784155
InsH2Bfabp_CD15_09dpf_VAST02_plate01_LMNA_200808_G01	200808	1	NB205	insH2Bfabp	CD15	LMNA	1	0	0	2	1	9	.9637242	1	2	12.294639	.3062664	.3012643	.2041776	1.2470656	1	6	6	353310	8412	6631	8850	1848	42	3.126e+09	1	2491364	124301	103	224	164	125	36	422692	2824	20622.371	23555.61	5.82e+07	-6456.83	-2.04e+08	4	3775.065	836250.9	1123181	3_LMNA	1	1	1	4.416667	1	1	7	-.5686108	-.4954916	-.5686108	-1.001768	-1.001768	-1.104836	-1.310954	-.9472499	.2316706	-.1246971	-.1633676	1.00999	-.8254945	-.3186394	-.3576728	-.8226373	-.4887764	-.7677715	-.0822773	.5625072	.4686158	-.3186394	-.3629173	-1.56892	-.8833463	-.3786901	-1.509592	-.3348942	-.2491061	.0205476
InsH2Bfabp_CD15_09dpf_VAST02_plate01_LMNA_200808_G08	200808	1	NB254	insH2Bfabp	CD15	LMNA	1	0	0	2	1	9	0	0	1	7.1209402	.3743256	.20612821	.170148	4.4426712	1	6	55	316023	5181	5007	16403	4305	61	4.963e+09	1	2897897	133715	114	217	159	129	0	573927	0		24598.432				0	3858.389	852954.1	1122717	3_LMNA	1	1	2	8.2	1	1	7	-.1915416	-.2895613	-.6063177	.1915416	-.2566249	-.2104284	-.2566249	.5420468	2.425978	-.5531617	-1.687002	-.291285	-.3690087	-1.351702	-1.351702			.5385985	-.5625072	-1.57718	-.8241822	.9345893	2.39398	1.56892	-.5625072	-.1651163	-.6362858	-.5625072	-.4916726	.3348942
InsH2Bfabp_CD15_09dpf_VAST02_plate01_LMNA_200808_A02	200808	1	NB207	insH2Bfabp	CD15	LMNA	1	0	0	2	1	9	.7115362	1	2	17.468337	.3743256	.34883235	.2041776	.779416	1	8	8	348636	8108	7346	7370	2022	43	2.442e+09	1	3164551	123253	111	252	196	96	64	357286	4991	43923.949	37307.766	2.19e+08	2365.324	-2.33e+08	0	3775.27	881964.1	1159713	3_LMNA	1	1	1	4.583333	1	1	7	-.5316958	-.0317348	-.1915416	-.5686108	-.3228149	1.574445	-.7251591	.5420468	-.3312469	-.1246971	.5869282	1.454408	-1.616156	-.0184321	-.1293777	-.2028072	-.7028602	-.5385985	-.1235907	.4686158	1.012131	-.871771	-1.072861	-1.072861	-.3348942	-.423225	-.8533908	.3786901	.8241822	-1.448272
InsH2Bfabp_CD15_09dpf_VAST02_plate01_LMNA_200808_E07	200808	1	NB244	insH2Bfabp	CD15	LMNA	1	0	0	2	1	9	1	1	2		.340296	.31712032	.1020888	.6235328	1	45	45	339463	6528	5025	12880	3233	52	4.300e+09	1	2878701	106553	141	176	153	125	70	416646	5608	33041.886	33066.121	1.85e+08	-4050.778	-2.08e+08	12	3892.017	865604.9	1164453	3_LMNA	1	1	1	7.55	1	1	7	.0953326	-.1915416	-.1272606	-.9019402	-.3904518	-.6346741	-.3904518	-.1536793	-.509093	-1.330948	.0574353		-.9982012	.0184321	-.0184321	-.3422765	-.5398714	.2069287	-.2917317	-.3348942	-.7404675	.5977601	1.23544	.3186394	-.6113263	-.9457771	.2703575	-1.339746	-.8241822	.0205476
InsH2Bfabp_CD15_09dpf_VAST02_plate01_LMNA_200808_A06	200808	1	NB235	insH2Bfabp	CD15	LMNA	1	0	0	2	1	9	1	1	2	13.83574	.2382072	.28540829	.3062664	.9352992	1	36	36	249913	4900	4021	10550	3045	51	2.676e+09	1	3114186	122504	119	264	181	89	51	626176	4475	34170.498	41522.556	1.53e+08	-11825.81	-3.58e+08	0	3874.811	851623.3	1159668	3_LMNA	1	1	1	6.6	1	1	7	-.0635016	-.3564294	-.2239646	-.7251591	-.1915416	.5578848	-.9019402	-2.073047	-.0862122	.8748062	-.4766831	1.318011	-.2104284	-.241944	-.166648	-.4389272	-1.291794	.1235907	-1.012131	-1.739384	-1.739384	-.8122178	.2318344	-.0627068	-.423225	-.5149938	-.3786901	.6362858	.2917317	-1.739384
InsH2Bfabp_CD15_09dpf_VAST02_plate01_LMNA_200808_E09	200808	1	NB260	insH2Bfabp	CD15	LMNA	1	0	0	2	1	9	0	0	1	8.3318058	.3743256	.68180869	.2041776	2.338248	1	12	61	327843	9367	6658	12089	3719	35	3.865e+09	1	3565276	149138	133	218	163	123	1		304	14893.911	16116.63	4527749	-4352.907	-1.55e+08	0	4130.613	1015649	1395725	3_LMNA	1	1	2	8.616667	1	1	7	.9506695	.7670732	.7251591	.4599256	1.001768	-.1776799	.4599256	.5420468	.962342	-.1246971	1.820373	.2104284		-.8468857	-.697813	-1.534121	-.2028072	-1.448272	-.4686158	1.339746	.5149938	.4079188	.871771	1.072861	-.0411038	.2917317	.1235907	-.5149938	-.2917317	-.1235907
InsH2Bfabp_CD15_09dpf_VAST02_plate01_LMNA_200808_E06	200808	1	NB239	insH2Bfabp	CD15	LMNA	1	0	0	2	1	9	1	1	2	5.9100746	.340296	.34883235	.2382072	.779416	1	40	40																							37	3515.596	731650.4	1054559	3_LMNA	1	1	1	6.866667	1	1	7	-1.389907	-1.580799	-.9506695	-.3904518	-1.702789	1.696752	-.4954916	-.1536793	-.3312469	.2811101	.5869282	-.6102946																		
InsH2Bfabp_CD15_09dpf_VAST02_plate01_LMNA_200808_C03	200808	1	NB216	insH2Bfabp	CD15	LMNA	1	0	0	2	1	9	1	1	2	6.6806254	.4083552	.26955227	.1020888	.6235328	1	17	17	154150	5505	5025	6570	2336	28	1.007e+09	1	1573718	77600	101	157	125	109	0	1454268	0		15685.73				0	3920.249	898218.7	1200267	3_LMNA	1	1	1	5.183333	1	1	7	.1593188	.1593188	.0635016	.2566249	-.1915416	.0160688	-1.001768	1.10959	-.509093	-1.330948	-.8334692	-.4595582	1.48947	-1.351702	-1.351702			-1.967025	-2.400036	-1.08327	-.7404675	-2.39398	-1.56892	-.8122178	-1.967025	-1.739384	-1.739384	-2.400036	-1.448272	-.8241822
InsH2Bfabp_CD15_09dpf_VAST02_plate01_LMNA_200808_G07	200808	1	NB246	insH2Bfabp	CD15	LMNA	1	0	0	2	1	9	.8994812	1	2	3.0480286	.2722368	.3964004	.1020888	.779416	1	47	47	329229	6719	7047	10710	3166	49	3.219e+09	1	3375419	139578	127	257	146	133	21	373116	1312	45859.079	40775.111	6.02e+07	649.7435	-4.40e+08	18	3871.823	883623.9	1176087	3_LMNA	1	1	1	7.683333	1	1	7	-.1272606	0	-.0953326	1.478625	-.1915416	1.851466	-1.389907	-1.648566	-.3312469	-1.330948	1.057954	-2.310991	-1.207414	-.437478	-.4991879	-.7613826	-2.368567	-.1651163	-.3786901	-.2069287	.7677715	-.1046335	.2749777	.2533471	-.2069287	0	-.102912	.423225	-1.08327	.4916726
InsH2Bfabp_CD15_09dpf_VAST02_plate01_LMNA_200808_E02	200808	1	NB211	insH2Bfabp	CD15	LMNA	1	0	0	2	1	9	1	1	2	5.4697598	.3062664	.31712032	.170148	.779416	1	12	12																							0	3875.214	869821.8	1242346	3_LMNA	1	1	1	4.833333	1	1	7	-.0317348	-.1593188	.2895613	-.8103805	-.8552639	.0482231	-.8103805	-.9472499	-.3312469	-.5531617	.0574353	-.7076435																		
InsH2Bfabp_CD15_09dpf_VAST02_plate01_LMNA_200808_G04	200808	1	NB227	insH2Bfabp	CD15	LMNA	1	0	0	2	1	9	.7805722	1	2	8.1116484	.3062664	.28540829	.0340296	0	1	28	28	282322	4785	4365	11062	3101	59	3.001e+09	2	2956768	121786	138	194	154	133	14	521908	1440	40199.918	38233.952	5.79e+07	-2333.872	-4.07e+08	3	3586.696	794321	1088563	3_LMNA	1	1	1	5.983333	1	1	7	-1.173722	-.8103805	-.7251591	-1.23942	-.5686108	-1.047494	.3228149	-.9472499	-2.425978	-2.163089	-.4766831	.1309267	-.5375191	-.5201756	-.437478	-.8871465	-1.534121	.4686158	-.7137046	-1.967025	-1.160362	-.5005801	.3629173	.146745	-.4686158	-.5625072	.1651163	-.9141163	-.7404675	.4916726
InsH2Bfabp_CD15_09dpf_VAST02_plate01_LMNA_200808_C04	200808	1	NB223	insH2Bfabp	CD15	LMNA	1	0	0	2	1	9	1	1	2	8.5519632	.340296	.52324853	.2041776	.2338248	1	24	24															0	1640734	0		12659.705				0	3929.316	933643.8	1224716	3_LMNA	1	1	1	5.733333	1	1	7	.2895613	.3564294	.1593188	.6844819	.9506695	2.069902	-.4599256	-.1536793	-1.515006	-.1246971	1.457283	.3462343	1.77585	-1.351702	-1.351702															
InsH2Bfabp_CD15_09dpf_VAST02_plate01_LMNA_200808_A05	200808	1	NB229	insH2Bfabp	CD15	LMNA	1	0	0	2	1	9	0	0	1	12.404717	.3062664	.41225642	.170148	.779416	1	30	30	374350	8706	5815	14110	3946	43	5.277e+09	1	2902124	131426	118	196	156	127	118	705826	9159	32647.024	31816.922	2.99e+08	-3130.378	-7.73e+07	0	3879.62	893478.4	1243602	3_LMNA	1	1	1	6.116667	1	1	7	.0317348	.0635016	.3228149	-.0317348	.8103805	-.4484255	-.1593188	-.9472499	-.3312469	-.5531617	1.145726	1.101146	.2104284	.4784177	.437478	.2028072	.0223825	-.5385985	.1235907	.8241822	-.0822773	1.150349	1.959964	1.330562	-.5149938	-.2069287	-.4458055	-.8241822	-.6616482	.2491061
InsH2Bfabp_CD15_09dpf_VAST02_plate01_LMNA_200808_A08	200808	1	NB248	insH2Bfabp	CD15	LMNA	1	0	0	2	1	9	1	1	2		.3062664	.28540829	.1020888	.0779416	1	49	49															0	384400	0		18109.214				28	3829.616	759912.8	1025653	3_LMNA	1	1	1	7.816667	1	1	7	-.2895613	-1.310954	-1.23942	-.2239646	-.7670732	1.232001	-.6449072	-.9472499	-1.931388	-1.330948	-.4766831		-1.13214	-1.351702	-1.351702															
InsH2Bfabp_CD15_09dpf_VAST02_plate02_LMNA_200808_C01	200808	2	NB266	insH2Bfabp	CD15	LMNA	1	0	0	2	1	9	.8790839	1	2	18.015107	.340296	.28540829	.1020888	2.9617808	1	18	67	821044	7533	6531			109		1	8324769	309123	166	289	260	177									0	4537.832	1201269	1653272	3_LMNA	1	1	2	9.316667	1	1	7	2.075128	2.075128	2.075128	1.857141	2.075128	.3101982	1.389907	-.1536793	1.308099	-1.330948	-.4766831	1.624981						1.967025	1.967025	.2069287	.3348942				2.400036	2.400036	1.739384	1.245046	2.400036	2.400036
InsH2Bfabp_CD15_09dpf_VAST02_plate01_LMNA_200808_A09	200808	1	NB256	insH2Bfabp	CD15	LMNA	1	0	0	2	1	9	0	0	1	18.348967	.2382072	.3012643	.3743256	2.4941312	1	8	57	368620	7228	7539	12411	3166	51	4.380e+09	1	4398434	156096	105	280	221	158	1	1045446	32	32496.281	21111.981	1039881	7989.939	-2.27e+08	2	4177.542	1030244	1413087	3_LMNA	1	1	2	8.333333	1	1	7	1.173722	.8552639	.8552639	1.112734	1.055626	-.0804273	-.0317348	-2.073047	1.008995	1.612422	-.1633676	1.862732	1.290233	-.8468857	-.9008895	-2.368567	-.5924169	.1235907	.0411038	.0822773	1.120983	.6484922	1.001331	.2533471	.4686158	.5149938	-1.120983	.9784155	1.57718	1.739384
InsH2Bfabp_CD15_09dpf_VAST02_plate02_LMNA_200808_A03	200808	2	NB274	insH2Bfabp	CD15	LMNA	1	0	0	2	1	9	0	0	1		.340296	.34883235	.2041776	2.0264816	1	26	75	451103	9022	8706	7825	2542	50	3.492e+09	2	4436292	176153	132	260	191	126	159	526124	14396	37672.029	33458.44	5.42e+08	166.2991	1.43e+08	45	3876.518	911721.8	1267005	3_LMNA	1	1	2	9.85	1	1	7	0	.1915416	.4249322	-.4599256	-.9506695	.8010945	.7670732	-.1536793	.7547789	-.1246971	.5869282		-.4941332	.7702081	.7952457	.7613826	.6466521	-.0205476	.5625072	1.08327	1.967025	.1046335	-.755415	-.4079188	.5149938	.8833463	.0822773	.4916726	.6616482	.1443224
InsH2Bfabp_CD15_09dpf_VAST02_plate01_LMNA_200808_E05	200808	1	NB233	insH2Bfabp	CD15	LMNA	1	0	0	2	1	9	1	1	2	11.414009	.3062664	.3012643	.170148	.2338248	1	34	34	340645	5976	5348	8619	3060	57	2.974e+09	2	4559379	143857	161	278	178	114	60	713528	5117	29750.161	28661.702	1.52e+08	-2705.161	-1.80e+08	24	4104.453	1007395	1437491	3_LMNA	1	1	1	6.383333	1	1	7	.8103805	.6844819	.9506695	.6449072	.7670732	.8462095	.4249322	-.9472499	-1.515006	-.5531617	-.1633676	.9265376	.2888094	-.0553215	-.0553215	-.4887764	-.390146	.3567066	-.2491061	-.6113263	-.423225	-.5485223	-.5485223	.0208901	.5625072	.0411038	1.448272	.8833463	.1443224	-.5867419
InsH2Bfabp_CD15_09dpf_VAST02_plate01_LMNA_200808_G03	200808	1	NB220	insH2Bfabp	CD15	LMNA	1	0	0	2	1	9	.8109621	1	2		.340296	.19027219	.0340296	.1558832	1	21	21																							0	3886.395	792496.6	1062679	3_LMNA	1	1	1	5.45	1	1	7	.0635016	-.8552639	-.9019402	.7251591	-2.493243	.7575541	-2.075128	-.1536793	-1.687002	-2.163089	-1.872998																			
InsH2Bfabp_CD15_09dpf_VAST02_plate01_LMNA_200808_C07	200808	1	NB242	insH2Bfabp	CD15	LMNA	1	0	0	2	1	9	1	1	2		.3062664	.31712032	.1361184	.5455912	1	43	43	209990	5675	6024	11674	2956	37	2.171e+09	1	1917542	82294	114	171	124	114	135	471928	10535	33207.521	29917.44	3.50e+08	-569.9474	-156107.2	0	3763.475	846882.9	1082851	3_LMNA	1	1	1	7.416667	1	1	7	-.6449072	-.4599256	-.7670732	.3904518	.3395742	-2.069902	-2.493243	-.9472499	-.6330246	-.9032142	.0574353		-.6744897	.5628612	.5201756	.3422765	.3422765	-1.290949	-1.739384	-.8833463	.0411038	-1.150349	.5485223	-.146745	-1.448272	-1.57718	-.6362858	-1.652854	-1.57718	-.5867419
InsH2Bfabp_CD15_09dpf_VAST02_plate01_LMNA_200808_F03	200808	1	NB219	insH2Bfabp	CD15	LMNA	1	0	0	2	1	9	.9859803	1	2	4.3689729	.3062664	.36468837	.0680592	.6235328	1	20	20	401083	8913	7603	9745	2569	45	3.800e+09	1	3380674	122625	143	179	168	134									0	3924.355	817902.8	1151025	3_LMNA	1	2	1	5.383333	2	1	7	.2239646	-.7251591	-.3564294	-2.075128	.0317348	-.3784071	1.580799	-.9472499	-.509093	-1.820373	.8470871	-1.101146						-.3348942	.2491061	1.012131	1.245046	.3186394	-.146745	-.3629173	-.1651163	-.4686158	.4686158	-1.245046	-.1651163	.6113263
InsH2Bfabp_CD15_09dpf_VAST02_plate02_LMNA_200808_E02	200808	2	NB273	insH2Bfabp	CD15	LMNA	1	0	0	2	1	9	1	1	2	10.237512	.4083552	.34883235	.2382072	1.2470656	1	25	74															75	422278	6551	33862.781	32274.023	2.22e+08	-2395.896	-1.61e+08	0	3957.136	939400.9	1220215	3_LMNA	1	2	2	9.783334	2	1	7	.4249322	.4249322	.1272606	.3564294	.1272606	-.9420758	-.2239646	1.10959	.2316706	.2811101	.5869282	.7764218	-.8801318	.1293777	.0922863	-.1573107	-.2487277													
InsH2Bfabp_CD15_09dpf_VAST02_plate02_LMNA_200808_B03	200808	2	NB275	insH2Bfabp	CD15	LMNA	1	0	0	2	1	9	1	1	2		.5785032	.36468837	.340296	1.3250072	1	27	76	371259	5229	4212	11767	4616	71	3.945e+09	1	4663865	144560	156	281	180	101	73	371838	5907	29509.985	30675.581	1.74e+08	-5065.718	-1.86e+08	22	3727.123	831734.9	1072473	3_LMNA	1	2	2	9.916667	2	1	7	-.7670732	-.6063177	-.8103805	-.8552639	-.0317348	-.5958401	.5316958	2.425978	.3110992	1.222883	.8470871		-1.290233	.0553215	.0184321	-.390146	-.4389272	.9457771	.0822773	-1.448272	-1.448272	.4537622	.5977601	1.731664	.8241822	.0822773	1.120983	1.120983	.2279667	-1.201627
InsH2Bfabp_CD15_09dpf_VAST02_plate01_LMNA_200808_H09	200808	1	NB263	insH2Bfabp	CD15	LMNA	1	0	0	2	1	9	1	1	2	11.193852	.340296	.6976647	.1361184	2.727956	1	15	64	483561	9869	7219	13390	3267	49	6.557e+09	1	3932891	168664	121	262	217	137									0	3796.293	858427.1	1188035	3_LMNA	1	2	2	8.8	2	1	7	-.4249322	-.2566249	.0317348	-.1272606	-.6063177	.9934046	.0635016	-.1536793	1.145726	-.9032142	1.997218	.8490862						-.1651163	.7137046	1.57718	.9457771	1.330562	1.56892	.3629173	.1651163	.6616482	-.2279667	.5625072	1.245046	.7137046
InsH2Bfabp_CD15_09dpf_VAST02_plate01_LMNA_200808_F09	200808	1	NB261	insH2Bfabp	CD15	LMNA	1	0	0	2	1	9	0	0	1	7.1209402	.3743256	.34883235	.2041776	1.558832	1	13	62	308613	6051	4647	12866	3721	51	3.755e+09	1	2762286	112247	117	245	131	114									3	3824.449	878315.4	1228574	3_LMNA	1	2	2	8.683333	2	1	7	-.3228149	-.0953326	.2239646	-.6844819	0	1.104836	.0317348	.5420468	.3719586	-.1246971	.5869282	-.291285						.1235907	-.6113263	-.4686158	-.9457771	.2318344	1.072861	1.150349	-.7677715	-.7677715	-.5149938	.2069287	-1.339746	-.5867419
InsH2Bfabp_CD15_09dpf_VAST02_plate01_LMNA_200808_B08	200808	1	NB249	insH2Bfabp	CD15	LMNA	1	0	0	2	1	9	1	1	2	10.203144	.340296	.36468837	.170148	.3117664	1	1	50	412612	8421	7160	10389	3339	49	4.181e+09	1	4210282	147312	152	233	176	123	0	721594	0		23325.733				0	3976.103	852759.7	1182741	3_LMNA	1	2	2	7.883333	2	1	7	.4954916	-.3228149	-.0317348	-.6063177	-.7251591	-.413163	.3564294	-.1536793	-1.330948	-.5531617	.8470871	.7076435	.3286447	-1.351702	-1.351702			-.1651163	.3786901	.6113263	.8833463	.5485223	.1891184	.4537622	.423225	.2069287	.8241822	-.102912	.0822773	-.1235907
InsH2Bfabp_CD15_09dpf_VAST02_plate01_LMNA_200808_D09	200808	1	NB259	insH2Bfabp	CD15	LMNA	1	0	0	2	1	9	0	0	1	8.5519632	.340296	.63424064	.2041776	1.7147152	1	11	60	344996	7667	5787	11186	3065	45	3.761e+09	1	2825615	116833	104	238	185	125									18	3914.351	850755.9	1154853	3_LMNA	1	2	2	8.533334	2	1	7	.1272606	-.3904518	-.3228149	-.9506695	-.8103805	.1451209	-1.173722	-.1536793	.4874292	-.1246971	1.728105	.3462343						-.3348942	-.2069287	.3786901	-.1651163	.2749777	.4079188	.0627068	-.7137046	-.7137046	-1.290949	.0616775	.423225	.0205476
InsH2Bfabp_CD15_09dpf_VAST02_plate01_LMNA_200808_F08	200808	1	NB253	insH2Bfabp	CD15	LMNA	1	0	0	2	1	9	1	1	2	9.2124354	.3743256	.34883235	.2382072	2.2603064	1	5	54	407941	7157	6528	11934	3603	57	4.855e+09	1	3635372	146804	118	281	170	110	3	627452	192	41928.083	30432.643	8050192	7608.166	-3.49e+08	77	3782.119	848587.6	1147466	3_LMNA	1	2	2	8.15	2	1	7	-.4599256	-.4249322	-.3904518	.7670732	.2239646	-.0160688	.6063177	.5420468	.9032142	.2811101	.5869282	.518418	-.1717471	-.7215223	-.7456442	-1.402673	-1.194857	.3567066	.3348942	0	.2917317	.871771	.755415	.871771	0	.1235907	-.4458055	1.120983	-.1235907	-.7404675
InsH2Bfabp_CD15_09dpf_VAST02_plate01_LMNA_200808_B09	200808	1	NB257	insH2Bfabp	CD15	LMNA	1	0	0	2	1	9	1	1	2	8.3318058	.3062664	.31712032	.1361184	.389708	1	9	58															0	1304191	0		18905.678				29	3660.579	836176.1	1181889	3_LMNA	1	2	2	8.4	2	1	7	-.9019402	-.5316958	-.0635016	-1.055626	-.9019402	-.8010945	-.0953326	-.9472499	-1.092054	-.9032142	.0574353	.2104284	1.382994	-1.351702	-1.351702															
InsH2Bfabp_CD15_09dpf_VAST02_plate01_LMNA_200808_D02	200808	1	NB210	insH2Bfabp	CD15	LMNA	1	0	0	2	1	9	1	1	2	3.268186	.340296	.31712032	.1361184	4.4426712	1	11	11															0	860802	0		16495.969				0	3702.738	826979.7	1111368	3_LMNA	1	2	1	4.766667	2	1	7	-.8552639	-.6449072	-.6449072	.2895613	.3904518	-.6744897	-1.478625	-.1536793	2.425978	-.9032142	.0574353	-1.862732	.9982012	-1.351702	-1.351702															
InsH2Bfabp_CD15_09dpf_VAST02_plate02_LMNA_200808_E01	200808	2	NB268	insH2Bfabp	CD15	LMNA	1	0	0	2	1	9	1	1	2	7.8444054	.340296	.28540829	.2041776	.7014744	1	20	69	251109	5580	6223	13151	4169	45	3.027e+09	1	2828167	110925	111	194	165	139	53	451736	3953	37390.017	36266.38	1.48e+08	-3072.148	-2.90e+08	0	3731.919	776257	1071740	3_LMNA	1	2	2	9.45	2	1	7	-.7251591	-1.001768	-.8552639	-1.389907	-.6449072	-.7575541	-1.112734	-.1536793	-.4447664	-.1246971	-.4766831	.0261137	-.7229722	-.166648	-.241944	-.6466521	-.9555776	-.3348942	-.9457771	-.9457771	.1651163	-.4079188	1.330562	1.439531	-.6616482	-.8833463	-.8533908	-.9141163	-.2069287	.7677715
InsH2Bfabp_CD15_09dpf_VAST02_plate01_LMNA_200808_H08	200808	1	NB255	insH2Bfabp	CD15	LMNA	1	0	0	2	1	9	.9764979	1	2	7.7814124	.3743256	.28540829	.170148	1.0911824	1	7	56																							0	3631.535	735702.8	995731.2	3_LMNA	1	2	2	8.266666	2	1	7	-1.001768	-1.478625	-1.702789	-1.310954	-1.857141	-1.382994	.2239646	.5420468	.0287058	-.5531617	-.4766831	-.0522452																		
InsH2Bfabp_CD15_09dpf_VAST02_plate01_LMNA_200808_B07	200808	1	NB241	insH2Bfabp	CD15	LMNA	1	0	0	2	1	9	1	1	2		.2722368	.26955227	.0680592	.1558832	1	42	42															80	495830	6592	35287.743	32248.992	2.33e+08	-944.5784	-1.50e+08	0	3481.436	795158.4	1037826	3_LMNA	1	2	1	7.35	2	1	7	-1.580799	-.7670732	-1.112734	-1.173722	-.0953326	-.3441025	-1.702789	-1.648566	-1.687002	-1.820373	-.8334692		-.6275435	.166648	.166648	-.0671924	-.1573107													
InsH2Bfabp_CD15_09dpf_VAST02_plate01_LMNA_200808_D03	200808	1	NB217	insH2Bfabp	CD15	LMNA	1	0	0	2	1	9	1	1	2	6.5705468	.340296	.28540829	.170148	.4676496	1	18	18	228353	5437	5043	6448	1780	42	1.549e+09	1	2348420	97272	113	203	150	98									0	3642.175	764922.2	1003492	3_LMNA	1	2	1	5.25	2	1	7	-.9506695	-1.112734	-1.580799	-.3564294	-1.23942	-1.232001	-1.23942	-.1536793	-.8334692	-.5531617	-.4766831	-.518418						-.7677715	-1.448272	-1.245046	-.6616482	-1.731664	-1.731664	-1.731664	-1.245046	-1.160362	-.7404675	-.7677715	-.8833463	-1.339746
InsH2Bfabp_CD15_09dpf_VAST02_plate02_LMNA_200808_D03	200808	2	NB277	insH2Bfabp	CD15	LMNA	1	0	0	2	1	9	1	1	2		.3743256	.31712032	.2382072	1.0911824	1	29	78	276756	6290	5108	13996	4683	44	3.613e+09	1	3481671	111494	142	193	180	117	7	530344	514	21717.541	15214.961	1.12e+07	3420.076	-1.36e+08		3865.452	871018.1	1124616	3_LMNA	1	2	2	10.05	2	1	7	-.1593188	-.1272606	-.5316958	-1.478625	-.2895613	.0804273	-.5686108	.5420468	.0287058	.2811101	.0574353		-.4516583	-.6515277	-.6515277	-1.291794	-.0671924	-.4458055	-.7677715	-.3786901	-.5625072	.146745	1.731664	1.959964	-.1235907	-.8241822	.3786901	-1.012131	.2279667	-.4686158
InsH2Bfabp_CD15_09dpf_VAST02_plate01_LMNA_200808_F02	200808	1	NB212	insH2Bfabp	CD15	LMNA	1	0	0	2	1	9	1	1	2	4.8092877	.340296	.36468837	.2041776	1.169124	1	13	13	467978	7548	6811	6872	2390	62	3.019e+09	1	4624096	151987	164	220	187	140	0	2465081	0		12352.933				0				3_LMNA	1	2	1	4.9	2	1	7								-.1536793	.134345	-.1246971	.8470871	-.8490862	2.428737	-1.351702	-1.351702			.6362858	.6616482	.2491061	.5625072	-.4537622	-1.23544	-.7009514	.7677715	.423225	1.57718	-.423225	.4686158	.8241822
InsH2Bfabp_CD15_09dpf_VAST02_plate01_LMNA_200808_F07	200808	1	NB245	insH2Bfabp	CD15	LMNA	1	0	0	2	1	9	1	1	2	3.7085008	.340296	.34883235	.1020888	.4676496	1	46	46	525480	8614	7539	9164	2763	61	4.771e+09	1	4581747	175914	154	233	195	146	118	702538	11879	33762.32	27875.279	4.01e+08	2135.01	7.93e+07	43	4151.789	993652.6	1373789	3_LMNA	1	2	1	7.616667	2	1	7	1.055626	.6449072	.6844819	1.389907	1.478625	1.166061	-.0635016	-.1536793	-.8334692	-1.330948	.5869282	-1.624981	.0950912	.4784177	.7456442	.4887764	.5924169	.5385985	1.08327	.7677715	1.120983	.8122178	-.2749777	-.2318344	.6113263	.8241822	.9784155	-.102912	.7677715	.9784155
InsH2Bfabp_CD15_09dpf_VAST02_plate01_LMNA_200808_D06	200808	1	NB238	insH2Bfabp	CD15	LMNA	1	0	0	2	1	9	1	1	2	4.699209	.340296	.25369626	.170148	.3117664	1	39	39	248493	6212	5124	13304	4818	40	3.210e+09	1	2242124	118163	105	236	142	106	1	157910	96	32353.76	35394.902	3105961	-7190.84	-4.23e+08	0	3358.479	703627.3	931699.8	3_LMNA	1	2	1	6.8	2	1	7	-2.493243	-2.493243	-2.493243	-.3228149	-2.075128	-.1451209	-.2895613	-.1536793	-1.330948	-.5531617	-1.041357	-.9265376	-2.428737	-.8468857	-.8468857	-1.699178	-1.930286	-1.08327	-1.08327	-.423225	-.4686158	-.146745	1.439531	2.39398	-1.339746	-.6616482	-1.120983	0	-1.160362	-.9457771
InsH2Bfabp_CD15_09dpf_VAST02_plate01_LMNA_200808_D08	200808	1	NB251	insH2Bfabp	CD15	LMNA	1	0	0	2	1	9	1	1	2	7.7814124	.4423848	.17441618	.2382072	.389708	1	3	52	327936	5856	4421	9832	3046	56	3.315e+09	1	4076830	135393	159	280	148	123	0	595292	0		22054.298				5	3933.324	880633.3	1145731	3_LMNA	1	2	2	8	2	1	7	.3228149	-.0635016	-.4249322	.1272606	.3395742	.413163	.0953326	1.578269	-1.092054	.2811101	-2.275086	-.0522452	-.2888094	-1.351702	-1.351702			.2703575	-.423225	-.7137046	-1.08327	.0208901	-.0627068	-.0208901	.2491061	-.1235907	1.290949	.9784155	-.9457771	-.1235907
InsH2Bfabp_CD15_09dpf_VAST02_plate01_LMNA_200808_B01	200808	1	NB200	insH2Bfabp	CD15	LMNA	1	0	0	2	1	9	1	1	2	8.992278	.4764144	.22198422	.2041776	.4676496	1	1	1	319944	7618	5492	8848	3088	42	2.850e+09	1	2400992	120681	110	205	159	101									2	3606.233	775718.7	1051254	3_LMNA	1	2	1	4.116667	2	1	7	-1.112734	-1.055626	-1.001768	1.001768	.1593188	1.303783	-.9506695	1.872998	-.8334692	-.1246971	-1.485526	.4595582						-.7677715	-.5149938	.2917317	-.2491061	-.7009514	-.4079188	.1046335	-1.08327	-.6113263	-.9457771	-.7137046	-.4916726	-1.201627
InsH2Bfabp_CD15_09dpf_VAST02_plate01_LMNA_200808_B06	200808	1	NB236	insH2Bfabp	CD15	LMNA	1	0	0	2	1	9	1	1	2	8.0015697	.3062664	.33297634	.2041776	.779416	1	37	37	222673	5302	5580	9911	2367	42	2.132e+09	1	1756642	67188	87	312	118	86	10	334212	640	44475.539	36007.103	2.85e+07	4286.362	-4.06e+08	3	3764.654	824886.2	1129117	3_LMNA	1	2	1	6.666667	2	1	7	-.6063177	-.6844819	-.4954916	.0635016	-1.173722	.2766469	.4954916	-.9472499	-.3312469	-.1246971	.3110992	.0784124	-2.000424	-.6065981	-.6065981	-1.108011	-1.402673	-.7677715	-1.57718	-1.339746	-.2069287	-1.330562	-.0208901	-.755415	-1.739384	-2.400036	-2.400036	1.448272	-2.400036	-1.967025
InsH2Bfabp_CD15_09dpf_VAST02_plate01_LMNA_200808_D07	200808	1	NB243	insH2Bfabp	CD15	LMNA	1	0	0	2	1	9	1	1	2	3.8185795	.340296	.28540829	.1020888	.389708	1	44	44	294499	11327	6236	11918	3515	26	3.297e+09	1	2357905	95132	120	173	147	114	54	440851	4314	34855.82	32144.948	1.50e+08	-1266.956	-2.30e+08	2	3709.663	761497.8	1050267	3_LMNA	1	2	1	7.483333	2	1	7	-.8103805	-1.173722	-1.055626	-1.702789	-1.055626	-.8931164	-.4249322	-.1536793	-1.092054	-1.330948	-.4766831	-1.454408	-.773217	-.1293777	-.2041513	-.5398714	-.6466521	-2.400036	-.6616482	1.967025	.2069287	-.0627068	.7009514	.7009514	-1.160362	-1.339746	-.31324	-1.448272	-1.012131	-.5867419
InsH2Bfabp_CD15_09dpf_VAST02_plate01_LMNA_200808_B02	200808	1	NB208	insH2Bfabp	CD15	LMNA	1	0	0	2	1	9	1	1	2		.3062664	.26955227	.1361184	.5455912	1	9	9	236569	7886	6535	6611	1876	30	1.507e+09	1	1886704	90820	91	181	173	131	16	725624	992	18844.056	18463.752	1.87e+07	-2874.009	-1.73e+08	23	4233.246	1040069	1437954	3_LMNA	1	2	1	4.633333	2	1	7	1.389907	.9506695	1.001768	2.075128	.2895613	2.488717	1.857141	-.9472499	-.6330246	-.9032142	-.8334692		.4099833	-.4784177	-.5628612	-1.194857	-.295179	-1.739384	-1.160362	.423225	.3786901	-1.959964	-1.330562	-1.439531	-1.57718	-1.448272	-1.967025	-1.08327	-.0616775	.3786901
InsH2Bfabp_CD15_09dpf_VAST02_plate01_LMNA_200808_D05	200808	1	NB232	insH2Bfabp	CD15	LMNA	1	0	0	2	1	9	1	1	2	4.1488155	.340296	.33297634	.2041776	.5455912	1	33	33	182114	5691	3847	11587	3492	32	2.229e+09	1	1455037	70441	103	169	123	85									26	3425.104	725399.8	992665.7	3_LMNA	1	2	1	6.316667	2	1	7	-1.857141	-1.702789	-1.857141	-.4249322	-1.478625	-.5578848	.9019402	-.1536793	-.6330246	-.1246971	.3110992	-1.318011						-1.57718	-1.967025	-.8241822	-1.967025	-1.072861	.4537622	.5977601	-2.400036	-1.967025	-1.509592	-1.967025	-1.739384	-2.400036
InsH2Bfabp_CD15_10dpf_VAST02_plate01_LMNA_200809_C01	200809	1	NB279	insH2Bfabp	CD15	LMNA	1	0	0	2	1	10	.0288025	0	1		.3062664	.22198422	.2041776	1.2470656	1	31	80																											3_LMNA	1	3	2		3	1	7								-.9472499	.2316706	-.1246971	-1.485526																			
InsH2Bfabp_CD15_10dpf_VAST02_plate01_LMNA_200809_A03	200809	1	NB292	insH2Bfabp	CD15	LMNA	1	0	0	2	1	10	.0061704	0	1		.340296	.53910454	.2041776	1.169124	1	44	93																											3_LMNA	1	3	2		3	1	7								-.1536793	.134345	-.1246971	1.578269																			
InsH2Bfabp_CD15_10dpf_VAST02_plate02_LMNA_200809_E01	200809	2	NB338	insH2Bfabp	CD15	LMNA	1	0	0	2	1	10	1	1	2		.340296	.38054438	.2382072	.5455912	1	25	123																											3_LMNA	1	3	3		3	1	7								-.1536793	-.6330246	.2811101	.9932037																			
InsH2Bfabp_CD15_10dpf_VAST02_plate01_LMNA_200809_E03	200809	1	NB296	insH2Bfabp	CD15	LMNA	1	0	0	2	1	10	1	1	2		.2722368	.33297634	.1020888	3.9750216	1	47	96																											3_LMNA	1	3	2		3	1	7								-1.648566	1.931388	-1.330948	.3110992																			
InsH2Bfabp_CD15_10dpf_VAST02_plate02_LMNA_200809_F02	200809	2	NB346	insH2Bfabp	CD15	LMNA	1	0	0	2	1	10	1	1	2		.340296	.33297634	.2722368	1.0911824	1	33	131																											3_LMNA	1	3	3		3	1	7								-.1536793	.0287058	.5756001	.3110992																			
InsH2Bfabp_CD15_10dpf_VAST02_plate02_LMNA_200809_A02	200809	2	NB342	insH2Bfabp	CD15	LMNA	1	0	0	2	1	10	.9954023	1	2		.3062664	.25369626	.2041776	1.0911824	1	29	127																											3_LMNA	1	3	3		3	1	7								-.9472499	.0287058	-.1246971	-1.041357																			
InsH2Bfabp_CD15_10dpf_VAST02_plate01_LMNA_200809_C02	200809	1	NB286	insH2Bfabp	CD15	LMNA	1	0	0	2	1	10	.7037944	1	2		.340296	.33297634	.1020888	.0779416	1	38	87																											3_LMNA	1	3	2		3	1	7								-.1536793	-1.931388	-1.330948	.3110992																			
InsH2Bfabp_CD15_10dpf_VAST02_plate02_LMNA_200809_B02	200809	2	NB343	insH2Bfabp	CD15	LMNA	1	0	0	2	1	10	.9907072	1	2		.3743256	.28540829	.170148	.8573576	1	30	128																											3_LMNA	1	3	3		3	1	7								.5420468	-.1730713	-.5531617	-.4766831																			
InsH2Bfabp_CD15_10dpf_VAST02_plate01_LMNA_200809_E09	200809	1	NB332	insH2Bfabp	CD15	LMNA	1	0	0	2	1	10	1	1	2		.5444736	.23784024	.1020888	.389708	1	20	118																											3_LMNA	1	3	3		3	1	7								2.073047	-1.092054	-1.330948	-1.243346																			
InsH2Bfabp_CD15_10dpf_VAST02_plate01_LMNA_200809_E05	200809	1	NB305	insH2Bfabp	CD15	LMNA	1	0	0	2	1	10	.9873998	1	2		.3062664	.3012643	.1361184	.8573576	1	7	105																											3_LMNA	1	3	3		3	1	7								-.9472499	-.1730713	-.9032142	-.1633676																			
InsH2Bfabp_CD15_10dpf_VAST02_plate01_LMNA_200809_C03	200809	1	NB294	insH2Bfabp	CD15	LMNA	1	0	0	2	1	10	.9718591	1	2		.3062664	.26955227	.2041776	.389708	1	46	95																											3_LMNA	1	3	2		3	1	7								-.9472499	-1.092054	-.1246971	-.8334692																			
InsH2Bfabp_CD15_10dpf_VAST02_plate02_LMNA_200809_D01	200809	2	NB337	insH2Bfabp	CD15	LMNA	1	0	0	2	1	10	1	1	2		.3062664	.28540829	.2041776	1.0911824	1	24	122																											3_LMNA	1	3	3		3	1	7								-.9472499	.0287058	-.1246971	-.4766831																			
InsH2Bfabp_CD15_10dpf_VAST02_plate01_LMNA_200809_C04	200809	1	NB298	insH2Bfabp	CD15	LMNA	1	0	0	2	1	10	.0604144	0	1		.340296	.19027219	.2722368	1.7147152	1	49	98																											3_LMNA	1	3	2		3	1	7								-.1536793	.4874292	.5756001	-1.872998																			
InsH2Bfabp_CD15_10dpf_VAST02_plate02_LMNA_200809_B01	200809	2	NB335	insH2Bfabp	CD15	LMNA	1	0	0	2	1	10	1	1	2		.3743256	.31712032	.2722368	1.558832	1	22	120																											3_LMNA	1	3	3		3	1	7								.5420468	.3719586	.5756001	.0574353																			
InsH2Bfabp_CD15_10dpf_VAST02_plate01_LMNA_200809_C05	200809	1	NB304	insH2Bfabp	CD15	LMNA	1	0	0	2	1	10	1	1	2		.340296	.3964004	.2722368	1.8705984	1	6	104																											3_LMNA	1	3	3		3	1	7								-.1536793	.6330246	.5756001	1.057954																			
InsH2Bfabp_CD15_10dpf_VAST02_plate01_LMNA_200809_A05	200809	1	NB302	insH2Bfabp	CD15	LMNA	1	0	0	2	1	10	.9815178	1	2		.3743256	.38054438	.3062664	1.2470656	1	4	102																											3_LMNA	1	3	3		3	1	7								.5420468	.2316706	.8748062	.9932037																			
InsH2Bfabp_CD15_10dpf_VAST02_plate01_LMNA_200809_G01	200809	1	NB283	insH2Bfabp	CD15	LMNA	1	0	0	2	1	10	1	1	2		.3743256	.34883235	.2722368	2.1044232	1	35	84																											3_LMNA	1	3	2		3	1	7								.5420468	.8200042	.5756001	.5869282																			
InsH2Bfabp_CD15_10dpf_VAST02_plate02_LMNA_200809_C01	200809	2	NB336	insH2Bfabp	CD15	LMNA	1	0	0	2	1	10	1	1	2		.3743256	.34883235	.2382072	.4676496	1	23	121																											3_LMNA	1	3	3		3	1	7								.5420468	-.8334692	.2811101	.5869282																			
InsH2Bfabp_CD15_10dpf_VAST02_plate02_LMNA_200809_F01	200809	2	NB339	insH2Bfabp	CD15	LMNA	1	0	0	2	1	10	.0346827	0	1		.340296	.23784024	.2722368	2.0264816	1	26	124																											3_LMNA	1	3	3		3	1	7								-.1536793	.7547789	.5756001	-1.243346																			
InsH2Bfabp_CD15_10dpf_VAST02_plate01_LMNA_200809_E06	200809	1	NB311	insH2Bfabp	CD15	LMNA	1	0	0	2	1	10	1	1	2		.2722368	.28540829	.2382072	.8573576	1	13	111																											3_LMNA	1	3	3		3	1	7								-1.648566	-.1730713	.2811101	-.4766831																			
InsH2Bfabp_CD15_10dpf_VAST02_plate02_LMNA_200809_D02	200809	2	NB344	insH2Bfabp	CD15	LMNA	1	0	0	2	1	10	.9908398	1	2		.340296	.28540829	.3062664	.389708	1	31	129																											3_LMNA	1	3	3		3	1	7								-.1536793	-1.092054	.8748062	-.4766831																			
InsH2Bfabp_CD15_10dpf_VAST02_plate01_LMNA_200809_C09	200809	1	NB330	insH2Bfabp	CD15	LMNA	1	0	0	2	1	10	.8326041	1	2		.3062664	.23784024	.2041776	1.0911824	1	18	116																											3_LMNA	1	3	3		3	1	7								-.9472499	.0287058	-.1246971	-1.243346																			
InsH2Bfabp_CD15_10dpf_VAST02_plate01_LMNA_200809_G02	200809	1	NB290	insH2Bfabp	CD15	LMNA	1	0	0	2	1	10	1	1	2		.340296	.3012643	.2041776	1.2470656	1	42	91																											3_LMNA	1	3	2		3	1	7								-.1536793	.2316706	-.1246971	-.1633676																			
InsH2Bfabp_CD15_10dpf_VAST02_plate01_LMNA_200809_A09	200809	1	NB328	insH2Bfabp	CD15	LMNA	1	0	0	2	1	10	.9321225	1	2		.3743256	.36468837	.2041776	1.6367736	1	16	114																											3_LMNA	1	3	3		3	1	7								.5420468	.4237396	-.1246971	.8470871																			
InsH2Bfabp_CD15_10dpf_VAST02_plate01_LMNA_200809_C06	200809	1	NB309	insH2Bfabp	CD15	LMNA	1	0	0	2	1	10	.0323281	0	1		.4083552	.33297634	.2722368	1.7147152	1	11	109																											3_LMNA	1	3	3		3	1	7								1.10959	.4874292	.5756001	.3110992																			
InsH2Bfabp_CD15_10dpf_VAST02_plate01_LMNA_200809_A04	200809	1	NB297	insH2Bfabp	CD15	LMNA	1	0	0	2	1	10	1	1	2		.2041776	.28540829	.2382072	.779416	1	48	97																											3_LMNA	1	3	2		3	1	7								-2.667861	-.3312469	.2811101	-.4766831																			
InsH2Bfabp_CD15_10dpf_VAST02_plate02_LMNA_200809_H01	200809	2	NB341	insH2Bfabp	CD15	LMNA	1	0	0	2	1	10	.0312029	0	1		.4083552	.25369626	.340296	.4676496	1	28	126																											3_LMNA	1	3	3		3	1	7								1.10959	-.8334692	1.222883	-1.041357																			
InsH2Bfabp_CD15_10dpf_VAST02_plate02_LMNA_200809_G01	200809	2	NB340	insH2Bfabp	CD15	LMNA	1	0	0	2	1	10	1	1	2		.3743256	.23784024	.3062664	2.1044232	1	27	125																											3_LMNA	1	3	3		3	1	7								.5420468	.8200042	.8748062	-1.243346																			
InsH2Bfabp_CD15_10dpf_VAST02_plate02_LMNA_200809_A01	200809	2	NB334	insH2Bfabp	CD15	LMNA	1	0	0	2	1	10	1	1	2		.3062664	.31712032	.3062664	.779416	1	21	119																											3_LMNA	1	3	3		3	1	7								-.9472499	-.3312469	.8748062	.0574353																			
InsH2Bfabp_CD15_10dpf_VAST02_plate01_LMNA_200809_E02	200809	1	NB288	insH2Bfabp	CD15	LMNA	1	0	0	2	1	10	.9946786	1	2		.3743256	.31712032	.3062664	2.8838392	1	40	89																											3_LMNA	1	3	2		3	1	7								.5420468	1.222883	.8748062	.0574353																			
InsH2Bfabp_CD15_10dpf_VAST02_plate01_LMNA_200809_F01	200809	1	NB282	insH2Bfabp	CD15	LMNA	1	0	0	2	1	10	1	1	2		.340296	.25369626	.2382072	.389708	1	34	83																											3_LMNA	1	4	2		4	1	7								-.1536793	-1.092054	.2811101	-1.041357																			
InsH2Bfabp_CD15_10dpf_VAST02_plate01_LMNA_200809_B02	200809	1	NB285	insH2Bfabp	CD15	LMNA	1	0	0	2	1	10	.0331711	0	1		.340296	.28540829	.1361184	.8573576	1	37	86																											3_LMNA	1	4	2		4	1	7								-.1536793	-.1730713	-.9032142	-.4766831																			
InsH2Bfabp_CD15_10dpf_VAST02_plate01_LMNA_200809_B06	200809	1	NB308	insH2Bfabp	CD15	LMNA	1	0	0	2	1	10	.0431464	0	1		.340296	.33297634	.2041776	1.7926568	1	10	108																											3_LMNA	1	4	3		4	1	7								-.1536793	.5531617	-.1246971	.3110992																			
InsH2Bfabp_CD15_10dpf_VAST02_plate01_LMNA_200809_D02	200809	1	NB287	insH2Bfabp	CD15	LMNA	1	0	0	2	1	10	1	1	2		.3743256	.17441618	.2041776	1.6367736	1	39	88																											3_LMNA	1	4	2		4	1	7								.5420468	.4237396	-.1246971	-2.275086																			
InsH2Bfabp_CD15_10dpf_VAST02_plate01_LMNA_200809_D09	200809	1	NB331	insH2Bfabp	CD15	LMNA	1	0	0	2	1	10	.0288423	0	1		.3743256	.3012643	.170148	.6235328	1	19	117																											3_LMNA	1	4	3		4	1	7								.5420468	-.509093	-.5531617	-.1633676																			
InsH2Bfabp_CD15_10dpf_VAST02_plate01_LMNA_200809_H04	200809	1	NB301	insH2Bfabp	CD15	LMNA	1	0	0	2	1	10	0	0	1		.3062664	.28540829	.340296	.5455912	1	3	101																											3_LMNA	1	4	3		4	1	7								-.9472499	-.6330246	1.222883	-.4766831																			
InsH2Bfabp_CD15_10dpf_VAST02_plate01_LMNA_200809_D03	200809	1	NB295	insH2Bfabp	CD15	LMNA	1	0	0	2	1	10	1	1	2																																			3_LMNA	1	4			4	1	7																														
InsH2Bfabp_CD15_10dpf_VAST02_plate01_LMNA_200809_B05	200809	1	NB303	insH2Bfabp	CD15	LMNA	1	0	0	2	1	10	1	1	2		.340296	.31712032	.2041776	.8573576	1	5	103																											3_LMNA	1	4	3		4	1	7								-.1536793	-.1730713	-.1246971	.0574353																			
InsH2Bfabp_CD15_10dpf_VAST02_plate01_LMNA_200809_F05	200809	1	NB306	insH2Bfabp	CD15	LMNA	1	0	0	2	1	10	.0592159	0	1		.3743256	.23784024	.3062664	2.6500144	1	8	106																											3_LMNA	1	4	3		4	1	7								.5420468	1.074848	.8748062	-1.243346																			
InsH2Bfabp_CD15_10dpf_VAST02_plate01_LMNA_200809_D06	200809	1	NB310	insH2Bfabp	CD15	LMNA	1	0	0	2	1	10	1	1	2		.340296	.33297634	.170148	1.0911824	1	12	110																											3_LMNA	1	4	3		4	1	7								-.1536793	.0287058	-.5531617	.3110992																			
InsH2Bfabp_CD15_10dpf_VAST02_plate01_LMNA_200809_F09	200809	1	NB333	insH2Bfabp	CD15	LMNA	1	0	0	2	1	10	1	1	2																																			3_LMNA	1	4			4	1	7																														
InsH2Bfabp_CD15_10dpf_VAST02_plate01_LMNA_200809_H05	200809	1	NB307	insH2Bfabp	CD15	LMNA	1	0	0	2	1	10	.9910514	1	2		.4083552	.28540829	.340296	2.1823648	1	9	107																											3_LMNA	1	4	3		4	1	7								1.10959	.8608639	1.222883	-.4766831																			
InsH2Bfabp_CD15_10dpf_VAST02_plate01_LMNA_200809_D04	200809	1	NB299	insH2Bfabp	CD15	LMNA	1	0	0	2	1	10	1	1	2		.3062664	.20612821	.2041776	.8573576	1	1	99																											3_LMNA	1	4	3		4	1	7								-.9472499	-.1730713	-.1246971	-1.687002																			
InsH2Bfabp_CD15_10dpf_VAST02_plate01_LMNA_200809_B09	200809	1	NB329	insH2Bfabp	CD15	LMNA	1	0	0	2	1	10	1	1	2		.2382072	.31712032	.170148	1.0911824	1	17	115																											3_LMNA	1	4	3		4	1	7								-2.073047	.0287058	-.5531617	.0574353																			
InsH2Bfabp_CD15_10dpf_VAST02_plate01_LMNA_200809_H02	200809	1	NB291	insH2Bfabp	CD15	LMNA	1	0	0	2	1	10	1	1	2		.340296	.3012643	.1020888	.5455912	1	43	92																											3_LMNA	1	4	2		4	1	7								-.1536793	-.6330246	-1.330948	-.1633676																			
InsH2Bfabp_CD15_10dpf_VAST02_plate01_LMNA_200809_F06	200809	1	NB312	insH2Bfabp	CD15	LMNA	1	0	0	2	1	10	.0592937	0	1		.340296	.36468837	.1361184	.4676496	1	14	112																											3_LMNA	1	4	3		4	1	7								-.1536793	-.8334692	-.9032142	.8470871																			
InsH2Bfabp_CD15_10dpf_VAST02_plate01_LMNA_200809_B03	200809	1	NB293	insH2Bfabp	CD15	LMNA	1	0	0	2	1	10	.0491214	0	1		.4083552	.34883235	.3062664	1.7147152	1	45	94																											3_LMNA	1	4	2		4	1	7								1.10959	.4874292	.8748062	.5869282																			
InsH2Bfabp_CD15_10dpf_VAST02_plate01_LMNA_200809_H01	200809	1	NB284	insH2Bfabp	CD15	LMNA	1	0	0	2	1	10	1	1	2		.3743256	.28540829	.2722368	1.8705984	1	36	85																											3_LMNA	1	4	2		4	1	7								.5420468	.6330246	.5756001	-.4766831																			
InsH2Bfabp_CD15_10dpf_VAST02_plate01_LMNA_200809_F02	200809	1	NB289	insH2Bfabp	CD15	LMNA	1	0	0	2	1	10	1	1	2		.340296	.33297634	.2382072	1.7926568	1	41	90																											3_LMNA	1	4	2		4	1	7								-.1536793	.5531617	.2811101	.3110992																			
InsH2Bfabp_CD15_10dpf_VAST02_plate01_LMNA_200809_D01	200809	1	NB280	insH2Bfabp	CD15	LMNA	1	0	0	2	1	10	.7081545	1	2		.2722368	.26955227	.170148	.4676496	1	32	81																											3_LMNA	1	4	2		4	1	7								-1.648566	-.8334692	-.5531617	-.8334692																			
InsH2Bfabp_CD15_10dpf_VAST02_plate01_LMNA_200810_A09	200810	1	NB384	insH2Bfabp	CD15	LMNA	1	0	0	2	1	10	.9901346	1	2		.3062664	.52324853	.4083552	3.117664	1	20	167															44	668938	5087	45862.305	39362.646	2.33e+08	2140.131	-2.47e+08	14	4027.344	1083359	1457499	3_LMNA	3	5	5	7.533333	5	2	7	.6063177	1.112734	1.23942	.3228149	.5686108	.6346741	.6449072	-.9472499	1.378857	2.073047	1.457283		-.0189907	-.2800857	-.0922863	-.0223825	-.7613826													
InsH2Bfabp_CD15_10dpf_VAST02_plate02_LMNA_200810_A02	200810	2	NB398	insH2Bfabp	CD15	LMNA	1	0	0	2	1	10	1	1	2		.5785032	.28540829	.340296	2.6500144	1	33	180	338704	6048	5419	9955	3281	56	3.308e+09	1	3261958	151066	127	219	158	125	86	703056	8208	32988.93	29036.249	2.71e+08	139.253	-6.70e+07	33	3821.313	992949.8	1355470	3_LMNA	3	5	5	8.533334	5	2	7	-.3564294	.6063177	.6063177	-.0635016	.2566249	-.9934046	1.055626	2.425978	1.074848	1.222883	-.4766831		.1333212	.2800857	.3186394	.1573107	.0671924	.2703575	-.3348942	-.5149938	-.2917317	-.0208901	.0208901	.4079188	-.2917317	.3786901	-.102912	-.4686158	-.5867419	.0205476
InsH2Bfabp_CD15_10dpf_VAST02_plate01_LMNA_200810_D08	200810	1	NB379	insH2Bfabp	CD15	LMNA	1	0	0	2	1	10	0	0	1		.3062664	.22198422	.3743256	1.558832	1	15	162	714138	8709	6142	12389	3387	82	8.955e+09	1	7766090	272114	151	395	223	145	118	845774	10396	33282.753	30023.538	3.46e+08	-606.4243	-5457144	0	4767.229	1272074	1724391	3_LMNA	3	5	5	7.2	5	2	7	2.493243	2.493243	2.493243	1.702789	1.857141	.7154047	2.493243	-.9472499	.3719586	1.612422	-1.485526		.9375322	.4784177	.4784177	.295179	.295179	1.448272	1.739384	.8833463	.0822773	2.39398	.9345893	.5485223	1.739384	1.739384	.7677715	2.400036	1.739384	.8833463
InsH2Bfabp_CD15_10dpf_VAST02_plate01_LMNA_200810_A04	200810	1	NB347	insH2Bfabp	CD15	LMNA	1	0	0	2	1	10	1	1	2		.3743256	.41225642	.2382072	2.8838392	1	34	132	512370	6742	6203	10329	3497	76	5.183e+09	1	4911173	211805	144	264	215	118	271	653325	20160	32699.804	28018.985	6.59e+08	921.1891	3.35e+08	0	4162.359	1041773	1451069	3_LMNA	3	5	4	4.933333	5	2	7	1.112734	1.001768	1.173722	1.23942	.6844819	.8931164	.8103805	.5420468	1.222883	.2811101	1.145726		-.0950912	2.012971	1.630759	.9555776	1.534121	1.245046	.8833463	-.1651163	.1235907	1.072861	.146745	.6484922	1.08327	1.160362	.5625072	.6362858	1.160362	-.3786901
InsH2Bfabp_CD15_10dpf_VAST02_plate01_LMNA_200810_A08	200810	1	NB376	insH2Bfabp	CD15	LMNA	1	0	0	2	1	10	.0161914	0	1		.340296	.45982446	.2722368	3.8191384	1	13	160	406881	5897	4286	7605	2395	69	3.190e+09	1	4712934	186008	153	231	175	152	208	733754	16624	43859.22	33726.1	7.29e+08	6071.674	3.26e+08	3	4045.643	1028091	1426081	3_LMNA	3	5	5	7	5	2	7	.7251591	.8103805	.9019402	0	.7251591	.9420758	1.310954	-.1536793	1.772354	.5756001	1.308099		.4516583	1.081642	1.081642	1.194857	1.402673	.7677715	.2917317	-.6616482	-1.339746	-.2318344	-.8122178	-.6484922	.8833463	1.012131	.8833463	-.1651163	.0411038	1.245046
InsH2Bfabp_CD15_10dpf_VAST02_plate02_LMNA_200810_A01	200810	2	NB392	insH2Bfabp	CD15	LMNA	1	0	0	2	1	10	1	1	2		.4083552	.26955227	.170148	3.4294304	1	27	174															55	757570	7608	25343.861	23099.645	1.93e+08	-1255.262	-6.29e+07	0	4286.026	1151952	1501403	3_LMNA	3	5	5	8.1	5	2	7	1.580799	1.702789	1.478625	1.580799	1.702789	-.1127151	1.23942	1.10959	1.578269	-.5531617	-.8334692		.5819415	-.0922863	.241944	-.295179	.1121376													
InsH2Bfabp_CD15_10dpf_VAST02_plate01_LMNA_200810_A07	200810	1	NB368	insH2Bfabp	CD15	LMNA	1	0	0	2	1	10	1	1	2		.4423848	.26955227	.4083552	1.8705984	1	6	153	251711	5721	4706	8690	3034	44	2.141e+09	1	2447941	104578	123	180	154	107	144	369006	10631	25196.017	22342.421	2.68e+08	-605.8356	2.26e+07	294	3872.287	861328.1	1140796	3_LMNA	3	5	5	6.483333	5	2	7	-.0953326	-.2239646	-.4599256	-.7670732	-.0635016	-1.696752	-.1272606	1.578269	.6330246	2.073047	-.8334692		-1.382994	.697813	.5628612	.1121376	.390146	-.4458055	-.8833463	-.7677715	-.8833463	-1.23544	-.4537622	-.1046335	-1.012131	-1.08327	-.1651163	-1.160362	-.7404675	-.8833463
InsH2Bfabp_CD15_10dpf_VAST02_plate01_LMNA_200810_D07	200810	1	NB371	insH2Bfabp	CD15	LMNA	1	0	0	2	1	10	0	0	1		.4764144	.25369626	.340296	.4676496	1	9	156															84	361358	8256	26286.772	22718.657	2.17e+08	88.78596	-3.34e+07	26	3974.781	928753.9	1225942	3_LMNA	3	5	5	6.666667	5	2	7	.4599256	.3228149	.1915416	.5686108	-.1272606	.1127151	.3904518	1.872998	-.8334692	1.222883	-1.041357		-1.48947	.2041513	.3576728	-.2487277	.2487277													
InsH2Bfabp_CD15_10dpf_VAST02_plate01_LMNA_200810_D04	200810	1	NB349	insH2Bfabp	CD15	LMNA	1	0	0	2	1	10	0	0	1		.3743256	.72937674	.3062664	4.286788	1	36	134	345058	8216	6982	11652	3739	42	4.025e+09	1	4598945	148545	113	351	220	102	211	794095	16633	34026.958	30475.978	5.66e+08	-338.5868	2.08e+08	0	4271.485	1123136	1563969	3_LMNA	3	5	4	5.05	5	2	7	1.478625	1.389907	1.702789	.9506695	1.310954	-.4842547	.6844819	.5420468	2.073047	.8748062	2.275086		.773217	1.150349	1.150349	.8226373	.8871465	-.7677715	-.1651163	.5149938	.7137046	.5005801	.5005801	1.23544	.6616482	.2491061	-.7404675	1.739384	1.448272	-1.047038
InsH2Bfabp_CD15_10dpf_VAST02_plate01_LMNA_200810_B08	200810	1	NB377	insH2Bfabp	CD15	LMNA	1	0	0	2	1	10	0	0	1		.4083552	.33297634	.3062664	2.0264816	1	14	161	663739	6843	5414	10294	2454	97	6.733e+09	1	6716902	252556	159	276	190	171	173	764764	15579	34070.555	31530.151	5.31e+08	-1404.911	1.58e+08	0	4418.463	1143234	1508027	3_LMNA	3	6	5	7.066667	6	2	7	1.857141	1.580799	1.580799	1.055626	1.580799	-.7154047	1.001768	1.10959	.7547789	.8748062	.3110992		.6744897	.8468857	.9008895	.7028602	.7028602	1.739384	1.57718	-.1235907	-.3348942	1.56892	.1046335	-.5485223	1.448272	1.57718	1.290949	.8241822	.6113263	1.967025
InsH2Bfabp_CD15_10dpf_VAST02_plate02_LMNA_200810_B02	200810	2	NB399	insH2Bfabp	CD15	LMNA	1	0	0	2	1	10	0	0	1		.4083552	.28540829	.170148	2.2603064	1	34	181	384844	5498	4193	4070	1104	70	1.623e+09	1	4868224	153387	171	249	183	132	159	578678	11408	40509.403	32866.906	4.62e+08	3626.489	7.13e+07	55	3744.699	954115.3	1257509	3_LMNA	3	6	5	8.6	6	2	7	-.6844819	.4599256	.3564294	-.4954916	.1915416	-2.488717	1.702789	1.10959	.9032142	-.5531617	-.4766831		-.3286447	.7702081	.6515277	.5924169	.5398714	.8833463	.2069287	-1.160362	-1.57718	-1.56892	-2.39398	-2.39398	1.012131	.4686158	1.967025	.3348942	.3348942	.423225
InsH2Bfabp_CD15_10dpf_VAST02_plate01_LMNA_200810_B09	200810	1	NB385	insH2Bfabp	CD15	LMNA	1	0	0	2	1	10	1	1	2		.4083552	.28540829	.1361184	1.2470656	1	21	168															52	418038	3455	43099.009	36884.819	1.49e+08	1985.699	-2.97e+08	2	3796.423	890652.2	1157006	3_LMNA	3	6	5	7.6	6	2	7	-.3904518	.0317348	-.2566249	-.5316958	-.5316958		.2566249	1.10959	.2316706	-.9032142	-.4766831		-.9375322	-.2041513	-.2800857	-.5924169	-1.028805													
InsH2Bfabp_CD15_10dpf_VAST02_plate01_LMNA_200810_B06	200810	1	NB361	insH2Bfabp	CD15	LMNA	1	0	0	2	1	10	.0074589	0	1		.4083552	.6976647	.340296	.2338248	1	48	146	635161	8583	7878	10799	3152	74	6.702e+09	1	6294724	229495	156	273	213	156	324	890237	26553	54376.811	47048.548	1.44e+09	2562.276	8.57e+08	48	4230.125	1153731	1580761	3_LMNA	3	6	4	5.866667	6	2	7	1.310954	1.857141	1.857141	.9019402	1.112734	.2434042	1.173722	1.10959	-1.515006	1.222883	1.997218		1.062786	2.439542	2.439542	2.368567	2.368567	1.120983	1.448272	.7137046	1.339746	1.439531	.3186394	.1891184	1.339746	1.339746	1.120983	.7677715	1.047038	1.57718
InsH2Bfabp_CD15_10dpf_VAST02_plate01_LMNA_200810_B07	200810	1	NB369	insH2Bfabp	CD15	LMNA	1	0	0	2	1	10	0	0	1		.4423848	.45982446	.4083552	3.8191384	1	7	154															193	742190	17321	28040.337	23725.007	4.86e+08	782.7807	2.21e+08	32	4106.719	1142725	1470658	3_LMNA	3	6	5	6.55	6	2	7	.8552639	1.478625	1.310954	.5316958	2.493243	1.382994	1.112734	1.578269	1.772354	2.073047	1.308099		.4941332	.9576579	1.399161	.6466521	.9555776													
InsH2Bfabp_CD15_10dpf_VAST02_plate01_LMNA_200810_H04	200810	1	NB353	insH2Bfabp	CD15	LMNA	1	0	0	2	1	10	1	1	2		.3743256	.34883235	.340296	2.8838392	1	40	138	362576	7252	5800	8076	2411	50	2.946e+09	1	4051835	147229	141	222	189	118	85	533970	7456	32446.899	30077.931	2.42e+08	-1499.549	-1.10e+08	0	4044.742	961876.3	1311043	3_LMNA	3	6	4	5.316667	6	2	7	.6844819	.5316958	.4599256	.1593188	.4599256	.3441025	.5686108	.5420468	1.222883	1.222883	.5869282		-.4099833	.241944	.2041513	.0223825	-.0223825	-.0205476	0	.1235907	-.1235907	-.5977601	-.6484922	-.5977601	.2069287	.1651163	.2703575	-.3786901	.5625072	-.3786901
InsH2Bfabp_CD15_10dpf_VAST02_plate01_LMNA_200810_E08	200810	1	NB380	insH2Bfabp	CD15	LMNA	1	0	0	2	1	10	1	1	2		.4083552	.44396845	.4764144	3.7411968	1	16	163	374834	7497	6508	9770	3374	50	3.746e+09	1	4077984	138414	142	386	119	92	264	752200	22604	53099.383	43447.93	1.20e+09	5075.88	6.63e+08	30	4134.65	1101648	1439420	3_LMNA	3	6	5	7.266667	6	2	7	1.001768	1.23942	1.055626	.8103805	.5316958	-.0482231	0	1.10959	1.648566	2.667861	1.222883		.5375191	1.789531	2.012971	1.930286	1.930286	-.0205476	.1651163	.1651163	.2491061	.1891184	-.1046335	.5005801	.2917317	-.0411038	.3786901	1.967025	-1.967025	-1.57718
InsH2Bfabp_CD15_10dpf_VAST02_plate01_LMNA_200810_B05	200810	1	NB355	insH2Bfabp	CD15	LMNA	1	0	0	2	1	10	0	0	1		.340296	.36468837	.3743256	3.117664	1	42	140															112	699028	8827	30297.237	28374.011	2.67e+08	-1855.18	-6.12e+07	0	4215.588	1066671	1440616	3_LMNA	3	6	4	5.45	6	2	7	1.23942	1.055626	1.112734	1.310954	1.389907	-.2766469	.7251591	-.1536793	1.378857	1.612422	.8470871		.0569997	.397259	.397259	.0671924	.1573107													
InsH2Bfabp_CD15_10dpf_VAST02_plate01_LMNA_200810_C04	200810	1	NB348	insH2Bfabp	CD15	LMNA	1	0	0	2	1	10	0	0	1		.4423848	.36468837	.3743256	1.94854	1	35	133	610726	8482	6585	12869	3633	72	7.301e+09	1	4915603	193261	140	247	188	151	215	903080	17111	38551.684	29757.506	6.60e+08	4942.608	3.12e+08	31	4011.657	1105117	1499803	3_LMNA	3	7	4	4.983333	7	2	7	.5316958	1.310954	1.389907	.2239646	1.173722	1.471982	1.478625	1.578269	.70483	1.612422	.8470871		1.13214	1.307107	1.307107	1.028805	1.291794	1.012131	1.339746	.6616482	.423225	1.731664	1.150349	1.001331	1.160362	1.08327	.2069287	.2491061	.5149938	1.160362
InsH2Bfabp_CD15_10dpf_VAST02_plate01_LMNA_200810_C06	200810	1	NB362	insH2Bfabp	CD15	LMNA	1	0	0	2	1	10	.0078392	0	1		.4083552	.45982446	.340296	3.2735472	1	49	147	445431	7184	4492	6603	1983	62	2.872e+09	1	4859828	168961	144	242	194	127	213	640898	16565	50221.975	50410.226	8.32e+08	-5132.019	1.99e+08	32				3_LMNA	3	7	4	5.933333	7	2	7								1.10959	1.515006	1.222883	1.308099		-.1333212	1.224965	1.017694	1.699178	.8226373	.6362858	.5149938	.0411038	-1.012131	-.6484922	-1.439531	-1.23544	.9457771	.7137046	.5625072	.1235907	.7137046	.2491061
InsH2Bfabp_CD15_10dpf_VAST02_plate01_LMNA_200810_F09	200810	1	NB389	insH2Bfabp	CD15	LMNA	1	0	0	2	1	10	1	1	2		.3743256	.31712032	.3743256	1.8705984	1	25	172															92	342318	6578	53511.063	48656.53	3.52e+08	3.50919	-2.57e+08	5	3524.585	758821.1	1015246	3_LMNA	3	7	5	7.866667	7	2	7	-1.310954	-1.389907	-1.389907	-2.493243	-.6844819	-1.851466	.1272606	.5420468	.6330246	1.612422	.0574353		-1.77585	.3186394	.1293777	.390146	-.8226373													
InsH2Bfabp_CD15_10dpf_VAST02_plate01_LMNA_200810_C05	200810	1	NB356	insH2Bfabp	CD15	LMNA	1	0	0	2	1	10	.9196705	1	2		.3743256	.41225642	.3743256	3.1956056	1	43	141	452925	9059	6828	6948	2224	50	3.092e+09	1	4111723	161178	116	266	211	148	190	712834	15201	50631.629	42396.083	7.70e+08	3715.597	2.47e+08	25	4119.925	1009145	1358626	3_LMNA	3	7	4	5.5	7	2	7	.9019402	.7251591	.6449072	.8552639	1.23942	.3784071	.8552639	.5420468	1.457283	1.612422	1.145726		.2494273	.9008895	.8468857	1.291794	1.108011	-.0205476	.6113263	1.160362	.6113263	-.3629173	-1.150349	-.9345893	.3786901	.6113263	-.5625072	.7137046	.9457771	1.08327
InsH2Bfabp_CD15_10dpf_VAST02_plate01_LMNA_200810_C07	200810	1	NB370	insH2Bfabp	CD15	LMNA	1	0	0	2	1	10	0	0	1		.4083552	.17441618	.2722368	2.338248	1	8	155	854617	7631	6885	9457	2644	112	8.109e+09	1	8219871	292990	172	308	205	155	12	703582	1312	31777.118	29254.423	4.17e+07	-1302.27	-2.99e+08	58				3_LMNA	3	7	5	6.608334	7	2	7								1.10959	.962342	.5756001	-2.275086		.1717471	-.5628612	-.4991879	-1.028805	-1.108011	2.400036	2.400036	.3348942	.6616482	1.959964	-.1891184	-.3186394	1.967025	1.967025	2.400036	1.339746	.8833463	1.448272
InsH2Bfabp_CD15_10dpf_VAST02_plate01_LMNA_200810_C09	200810	1	NB386	insH2Bfabp	CD15	LMNA	1	0	0	2	1	10	1	1	2		.3062664	.31712032	.2722368	.779416	1	22	169	527705	6596	5090	7481	1968	80	3.853e+09	1	4611688	214219	144	230	218	134	226	498535	17040	46959.726	41156.592	8.00e+08	1348.736	2.95e+08	11	3839.088	895033.6	1162883	3_LMNA	3	7	5	7.666667	7	2	7	-.2239646	.1272606	-.1593188	.0317348	.0635016	-1.471982	-.6844819	-.9472499	-.3312469	.5756001	.0574353		-.5819415	1.504888	1.224965	1.534121	1.194857	1.339746	1.160362	-.2917317	-.6113263	.3629173	-.871771	-1.330562	.7137046	1.245046	.5625072	-.2069287	1.339746	.6113263
InsH2Bfabp_CD15_10dpf_VAST02_plate01_LMNA_200810_F07	200810	1	NB373	insH2Bfabp	CD15	LMNA	1	0	0	2	1	10	.6897526	1	2		.340296	.3012643	.1361184	.3117664	1	11	158	539717	5997	5111	9195	2498	90	5.137e+09	1	6813085	245467	142	317	253	122	247	790230	20255	35019.33	30921.545	7.09e+08	184.6557	3.45e+08	42	4315.949	1094590	1406432	3_LMNA	3	7	5	6.8	7	2	7	1.702789	1.173722	.7670732	.4249322	.8552639	.2104284	2.075128	-.1536793	-1.330948	-.9032142	-.1633676		.7229722	1.630759	1.789531	1.108011	1.699178	1.57718	1.245046	-.5625072	-.5149938	1.001331	-.2318344	-.5005801	1.57718	1.448272	.3786901	1.57718	1.967025	-.2279667
InsH2Bfabp_CD15_10dpf_VAST02_plate01_LMNA_200810_H06	200810	1	NB367	insH2Bfabp	CD15	LMNA	1	0	0	2	1	10	1	1	2		.4423848	.22198422	.3062664	2.6500144	1	5	152	484245	7018	5870	4515	1223	69	2.268e+09	2	5656786	175862	154	260	174	134	197	690186	16096	49096.05	47738.217	7.90e+08	-3444.627	1.94e+08	138	3615.829	934137.3	1238443	3_LMNA	3	7	5	6.25	7	2	7	-1.055626	.3904518	.2566249	-.1593188	-.4954916	-1.574445	.1915416	1.578269	1.074848	.8748062	-1.485526		.0189907	1.017694	.9576579	1.402673	.7613826	.7677715	.7677715	-.0822773	-.0411038	-.9345893	-1.959964	-1.959964	1.245046	.7677715	.9784155	.4916726	0	.6113263
