filename	date	plate	index	line	diet	Exp	overfeeding	cholesterol	glucose	VAST	Imaged	age	atp2a3_nwt	atp2a3_dich	qRNA	protein	ldl	gluc	tc	tg	Anders_batch	pos_bio	Löpnr	Volume	CellVolume_Av	CellVolume_Stdev	CellInt_Av	CellInt_Stdev	NrCells	CellInt_Tot	isletNr	IV	ISA	IED	IPAL1	IPAL2	IPAL3	LiverLipN	LiverArea	LiverLipArea	LiverLipInt_Av	LiverLipIntBG	LiverLipInt_Tot	LiverLipInt_Av_Res	LiverLipInt_Tot_Res	vld_area	length	dorsal_area	lateral_area	file	batch	tank	batch_bio	tod	tank_n	batch_n	nr_tanks	intlength	intdorsal_area	intlateral_area	intangle	inteye_area	intcurvature	intpig_dorsal_tail	intldl	inttg	inttc	intgluc	intprotein	intLiverArea	intLiverLipN	intLiverLipArea	intLiverLipInt_Tot	intLiverLipInt_Tot_Res	intNrCells	intVolume	intCellVolume_Av	intCellVolume_Stdev	intCellInt_Tot	intCellInt_Av	intCellInt_Stdev	intIV	intISA	intIED	intIPAL1	intIPAL2	intIPAL3
InsH2Bfabp_CD15_09dpf_VAST02_plate01_ATP2A3_201210_A04	201210	1	NH330	insH2Bfabp	CD15	ATP2A3	1	0	0	2	1	9	1	1	2	9.9918637	16.810622	10.433259	8.4733704	35.151662	1	22	22	263463	6127	4718	2945	1236	43	7.287e+08	1	3791398	147820	135	352	177	83	120	516918	9104	7968.5997	6668.045	7.25e+07	126.325	-2613773	62	3988.451	922413.6	1305361	40_ATP2A3	1	1	1	8.4	1	1	5	-.1153556	-.2985202	-.1670294	.0383762	-.3253741	-.9178534	-1.493078	-.0238749	2.592656	1.538979	-.3155015	-.2410404	-.1885222	.0820846	0	.0354786	-.04687	-.4591118	-.6624353	-.1159498	-.3543496	-1.993984	-1.993984	-1.19838	-.1548709	.1940281	.0772036	1.993984	-.019283	-1.541986
InsH2Bfabp_CD15_09dpf_VAST02_plate01_ATP2A3_201210_G01	201210	1	NH314	insH2Bfabp	CD15	ATP2A3	1	0	0	2	1	9	1	1	2	9.0675994	19.60105	14.175278	8.0650152	20.264816	1	6	6	269964	7713	5640	4553	1426	35	1.225e+09	1	3205730	111955	141	208	152	112	182	443352	13412	5472.0589	4931.8166	7.34e+07	-244.6708	3.46e+07	56	3678.062	780758.1	1086769	40_ATP2A3	1	1	1	7.216667	1	1	5	-1.090461	-1.588183	-1.36114	-1.802743	-.7742626	-1.326172	-1.577923	.6084982	1.00627	1.179761	.6374841	-.4046779	-.9427782	.7734564	.7117243	.0828608	.9068503	-1.37468	-.5691847	1.053073	.4377901	-.9271548	-.8144545	-.8694237	-.5244005	-.6624353	.3749572	-1.053073	-.8144545	-.2933812
InsH2Bfabp_CD15_09dpf_VAST02_plate01_ATP2A3_201210_C04	201210	1	NH332	insH2Bfabp	CD15	ATP2A3	1	0	0	2	1	9	1	1	2	10.710736	20.247612	11.892012	8.6435184	16.367736	1	24	24	437526	5402	5611	4166	1538	81	1.703e+09	1	5397	1518	21	29	20	16	84	587598	7631	6779.0523	5767.17	5.17e+07	39.65683	-4575959	96	4045.661	948059.1	1332935	40_ATP2A3	1	1	1	8.516666	1	1	5	.0383762	-.1411454	-.0383762	-.0127893	-.0127893		-.7588928	.7279133	.0477635	1.718451	.0477635	-.0956362	.2124247	-.3094104	-.2364492	-.3248653	-.1174013	1.993984	.8694237	-.8694237	.3957253	-.4377901	-.9271548	-.8144545	-2.423196	-2.423196	-2.423196	-2.423196	-2.423196	-2.423196
InsH2Bfabp_CD15_09dpf_VAST02_plate01_ATP2A3_201210_G02	201210	1	NH321	insH2Bfabp	CD15	ATP2A3	1	0	0	2	1	9	.0419719	0	1	13.997009	16.334208	14.444831	9.2220216	19.797166	1	13	13															114	599838	9880	6163.7939	5113.4212	6.09e+07	224.7382	1.83e+07	26	4443.126	1084630	1547654	40_ATP2A3	1	1	1	7.766667	1	1	5	1.36114	.8452716	1.299194	.920823	1.090461	.0681677	-.0130557	-.167894	.948535	1.902217	.6971414	.4176672	.260611	.0117135	.1410246	-.1543186	.4350152													
InsH2Bfabp_CD15_09dpf_VAST02_plate01_ATP2A3_201210_E01	201210	1	NH312	insH2Bfabp	CD15	ATP2A3	1	0	0	2	1	9	.0391309	0	1	14.407793	14.938994	10.338122	4.2877296	18.861867	1	4	4															80	708974	6655	5370.7274	4551.1552	3.57e+07	120.0154	4883347	36	4268.054	1064772	1480049	40_ATP2A3	1	1	1	7.1	1	1	5	.7401917	.7069592	.6744897	.809257	.611579	-.1504181	-1.031976	-.4438613	.7593904	-.2656923	-.3661064	.5244005	.8720565	-.3589585	-.3840592	-.6162404	.1885222													
InsH2Bfabp_CD15_09dpf_VAST02_plate01_ATP2A3_201210_C03	201210	1	NH324	insH2Bfabp	CD15	ATP2A3	1	0	0	2	1	9	1	1	2	7.5271589	19.022546	8.0865682	6.635772	20.888349	1	16	16															201	502769	14812	6870.567	6161.0417	1.02e+08	-351.0185	3.72e+07	114	3834.955	897755.1	1158113	40_ATP2A3	1	1	1	7.983333	1	1	5	-.5810237	-.4074555	-.809257	-.0896424	-.1153556	1.470951	-1.28751	.5519941	1.229064	.6084982	-1.281552	-.7593904	-.3840592	1.122424	1.018561	.426407	.9799662													
InsH2Bfabp_CD15_09dpf_VAST02_plate01_ATP2A3_201210_E03	201210	1	NH326	insH2Bfabp	CD15	ATP2A3	1	0	0	2	1	9	.0337475	0	1	8.8622073	12.216626	8.8635129	11.02559	18.238334	1	18	18															68	436183	4688	5036.9034	4354.5952	2.36e+07	26.82618	-3132348	0	3923.63	874517.2	1237486	40_ATP2A3	1	1	1	8.1	1	1	5	-.3524647	-.5510015	-.4074555	-.920823	-.2985202	.5912576	1.493078	-1.00627	.4570723	2.18935	-.8587541	-.4972006	-1.018561	-.6238741	-.8054488	-1.094844	-.0703373													
InsH2Bfabp_CD15_09dpf_VAST02_plate01_ATP2A3_201210_E02	201210	1	NH319	insH2Bfabp	CD15	ATP2A3	1	0	0	2	1	9	.0290006	0	1	9.6837756	13.237514	11.717596	7.0781568	18.783926	1	11	11	328112	6191	5112	3313	1138	53	1.178e+09	2	4106205	139894	130	327	194	89	74	477988	6254	5061.4763	4397.1312	3.17e+07	-.6747627	4018952	0	3970.297	880573.4	1289929	40_ATP2A3	1	1	1	7.583333	1	1	5	-.1670294	-.4637077	-.2454314	.3798165	-.3524647	.3765316	1.417797	-.6971414	.667016	.8247319	-.0119366	-.2905068	-.5405975	-.5405975	-.4609147	-.7664708	.1410246	.0578776	-.0772036	-.0385731	-.1159498	-1.053073	-1.608653	-1.37468	.313572	-.0385731	-.0772036	1.768825	.7363159	-1.238894
InsH2Bfabp_CD15_09dpf_VAST02_plate01_ATP2A3_201210_G04	201210	1	NH336	insH2Bfabp	CD15	ATP2A3	1	0	0	2	1	9	1	1	2	4.4462779	12.829159	10.242986	5.2065288	16.835386	1	28	28	300025	4839	3684	3461	1237	62	1.001e+09	1	4136459	157582	124	253	192	123	200	498232	14184	8088.7055	6899.8004	1.15e+08	-37.29153	3.47e+07	36	3821.123	875279.9	1208805	40_ATP2A3	1	1	1	8.766666	1	1	5	-.6427163	-.521468	-.5810237	.7742626	-.27188	2.136868	.1705427	-.7916386	.167894	0	-.4176672	-1.718451	-.4094043	1.058737	.9427782	.7985898	.9427782	.5691847	-.2334853	-1.608653	-2.423196	-1.281552	-1.19838	-1.122762	.3957253	.4377901	-.313572	-.0772036	.6151411	.4166655
InsH2Bfabp_CD15_09dpf_VAST02_plate01_ATP2A3_201210_A01	201210	1	NH309	insH2Bfabp	CD15	ATP2A3	1	0	0	2	1	9	1	1	2	9.2729915	22.221329	2.2198422	7.9288968	.0779416	1	1	1															53	399080	3990	7409.2441	5812.1657	2.96e+07	614.7636	-2.77e+07	14	4141.289	1113611	1379187	40_ATP2A3	1	1	1	6.866667	1	1	5	.3524647	1.188354	.1930258	1.503722	1.951308	.5275293	-1.125407	1.00627	-2.592656	1.088917	-2.592656	-.3533721	-1.348275	-.8550502	-.8720565	-.9003679	-.4609147													
InsH2Bfabp_CD15_09dpf_VAST02_plate01_ATP2A3_201210_E04	201210	1	NH334	insH2Bfabp	CD15	ATP2A3	1	0	0	2	1	9	1	1	2	11.943088	5.1724992	12.732381	5.9211504	16.679502	1	26	26	346148	6073	5225	2423	776	57	8.314e+08	1	4065370	156599	130	223	179	123	47	546132	3968	7560.2671	6779.4583	3.00e+07	-418.4032	-4.75e+07	26	4381.218	1117095	1526345	40_ATP2A3	1	1	1	8.633333	1	1	5	1.138044	1.299194	1.188354	-.0639882	1.299194	-1.655485	-1.942444	-1.980752	.1196481	.2656923	.4176672	-.0238749	0	-.9427782	-.9068503	-.8654489	-.8720565	.3338914	.1159498	-.1940281	0	-1.608653	-2.423196	-2.423196	.2334853	.3957253	-.0772036	-.6624353	.0965586	.4166655
InsH2Bfabp_CD15_09dpf_VAST02_plate01_ATP2A3_201210_A02	201210	1	NH316	insH2Bfabp	CD15	ATP2A3	1	0	0	2	1	9	0	0	1	12.559264	20.41776	15.063215	6.465624	20.810407	1	8	8															95	562848	7823	5771.294	4612.6999	4.51e+07	445.237	1.30e+07	18	4229.675	990961	1438762	40_ATP2A3	1	1	1	7.333333	1	1	5	.7069592	.1670294	.4923825	-1.299194	-.1411454	.4964666	1.077516	.7593904	1.179761	.4438613	.9299809	.167894	.0938433	-.2124247	-.2124247	-.4788077	.3340819													
InsH2Bfabp_CD15_09dpf_VAST02_plate01_ATP2A3_201210_A03	201210	1	NH322	insH2Bfabp	CD15	ATP2A3	1	0	0	2	1	9	1	1	2	4.1381898	23.956838	11.844444	6.80592	21.122174	1	14	14															111	401806	8985	6892.9465	6243.2724	6.19e+07	-429.3084	-4337380	64	3937.596	868984.4	1147690	40_ATP2A3	1	1	1	7.85	1	1	5	-.2985202	-.611579	-.8824176	-1.428802	-.5810237	.2337006	-.9467818	1.179761	1.281552	.7435598	.0238749	-1.980752	-1.292276	-.0585996	-.04687	-.1304298	-.0938433													
InsH2Bfabp_CD15_09dpf_VAST02_plate01_ATP2A3_201210_H01	201210	1	NH315	insH2Bfabp	CD15	ATP2A3	1	0	0	2	1	9	1	1	2	14.715881	31.681558	13.636174	4.9683216	18.783926	1	7	7	417925	6430	5512	3755	1392	65	1.408e+09	1	4965398	198425	153	270	188	132	130	544904	11290	8804.0665	7611.706	9.94e+07	-193.4676	4489615	13	4797.624	1178479	1639170	40_ATP2A3	1	2	1	7.283333	2	1	5	2.162077	1.588183	1.951308	1.685788	1.241867	-.6240287	-.2506518	2.18935	.667016	-.0956362	.5800146	.6084982	-.0234286	.2727483	.4094043	.4006481	.164727	.8416212	.6624353	.1548709	.313572	-.7618428	-1.122762	-.9271548	.6624353	1.122762	.8694237	.4377901	.4377901	1.087257
InsH2Bfabp_CD15_09dpf_VAST02_plate01_ATP2A3_201210_H04	201210	1	NH337	insH2Bfabp	CD15	ATP2A3	1	0	0	2	1	9	1	1	2	3.7274057	20.724026	12.09814	6.7378608	15.900086	1	29	29	329941	5788	4073	4095	1105	57	1.333e+09	1	3880563	137422	150	250	157	117	176	458322	13968	8623.6641	7522.7336	1.20e+08	-264.9472	2.74e+07	49	3918.882	838658.4	1203631	40_ATP2A3	1	2	1	8.816667	2	1	5	-.4074555	-.920823	-.611579	-.6427163	-.7069592	.0136234	-.9884819	.8247319	-.1437292	.667016	.1921572	-2.592656	-.7734564	.7117243	.8720565	.8654489	.7734564	.3338914	0	-.4806444	-1.481544	-.8694237	-.9881546	-1.481544	-.0385731	-.2334853	.5691847	-.1940281	-.7363159	.0578776
InsH2Bfabp_CD15_09dpf_VAST02_plate01_ATP2A3_201210_B02	201210	1	NH317	insH2Bfabp	CD15	ATP2A3	1	0	0	2	1	9	.0133333	0	1	6.0894145	19.873286	13.588606	6.4996536	20.498641	1	9	9	334420	6310	5508	5485	1989	53	1.807e+09	1	4580246	145715	155	293	186	93	202	437974	15339	6901.1298	6169.9812	1.06e+08	-331.3997	4.11e+07		3805.733	756428.5	1132467	40_ATP2A3	1	2	1	7.4	2	1	5	-.809257	-1.871871	-1.045226	-1.188354	-1.299194	.8770955	-2.561682	.6820014	1.13317	.4703636	.5519941	-1.337828	-.9799662	1.215176	1.144693	.5878935	1.100698	.0578776	.0385731	.0772036	.2733094	-.3543496	-.7618428	-.5691847	.5244005	.1548709	.9572095	.7112601	.313572	-1.020076
InsH2Bfabp_CD15_09dpf_VAST02_plate01_ATP2A3_201210_F01	201210	1	NH313	insH2Bfabp	CD15	ATP2A3	1	0	0	2	1	9	1	1	2	9.2729915	11.195738	14.508255	6.6698016	16.211853	1	5	5															204	417368	14239	10540.826	9099.5686	1.50e+08	-278.1961	2.40e+07	59	3815.796	851877.4	1187033	40_ATP2A3	1	2	1	7.166667	2	1	5	-.6744897	-.809257	-.6744897	-.4074555	-.2454314	1.150349	-.5334097	-1.088917	-.0597171	.6374841	.7593904	-.3533721	-1.24006	1.292276	.9799662	1.052756	.6238741													
InsH2Bfabp_CD15_09dpf_VAST02_plate01_ATP2A3_201210_B01	201210	1	NH310	insH2Bfabp	CD15	ATP2A3	1	0	0	2	1	9	1	1	2	11.224216	18.852398	12.716525	4.5599664	19.251575	1	2	2	335251	6574	5513	4542	1391	51	1.482e+09	1	3946347	129749	155	227	177	115										3880.979	862778.6	1169896	40_ATP2A3	1	2	1	6.933333	2	1	5	-.4923825	-.7069592	-.7401917	-1.138044	-.6427163	.1229156	-1.077516	.4972006	.8247319	-.2165341	.3789003	-.0597171						-.1548709	.0772036	.313572	.3543496	-.6624353	-.8694237	-.9881546	.0385731	-.2733094	.9572095	-.5244005	-.019283	-.1548709
InsH2Bfabp_CD15_09dpf_VAST02_plate01_ATP2A3_201210_H03	201210	1	NH329	insH2Bfabp	CD15	ATP2A3	1	0	0	2	1	9	1	1	2	11.224216	15.34735	12.510397	8.3032224	21.200115	1	21	21															201	492352	13775	6993.0038	6392.0756	9.63e+07	-511.4206	2.69e+07	49	4062.881	845626.8	1227841	40_ATP2A3	1	2	1	8.283334	2	1	5	.0639882	-.8452716	-.4637077	-1.36114	-1.588183	1.326172	.0915151	-.3533721	1.337828	1.398694	.3155015	-.0597171	-.4609147	1.122424	.8382877	.3751523	.7422367													
InsH2Bfabp_CD15_09dpf_VAST02_plate01_ATP2A3_201210_D04	201210	1	NH333	insH2Bfabp	CD15	ATP2A3	1	0	0	2	1	9	0	0	1	9.0675994	16.640474	12.446973	8.4053112	13.63978	1	25	25															129	477346	9575	6345.9365	5916.7685	6.08e+07	-576.6021	1324727	15	4065.772	904215.1	1312778	40_ATP2A3	1	2	1	8.583333	2	1	5	.0896424	-.3798165	-.1411454	-1.090461	-.1930258	-1.263188	1.34979	-.0716793	-.8247319	1.465234	.2656923	-.4046779	-.5679139	.2364492	.0703373	-.1782959	0													
InsH2Bfabp_CD15_09dpf_VAST02_plate01_ATP2A3_201210_F02	201210	1	NH320	insH2Bfabp	CD15	ATP2A3	1	0	0	2	1	9	1	1	2	12.14848	34.88034	14.857087	4.6280256	29.072217	1	12	12															70	607343	6385	7026.1231	5789.3435	4.49e+07	259.5822	-1.19e+07	92	3905.075	959109.8	1298318	40_ATP2A3	1	2	1	7.633333	2	1	5	-.4354094	-.0127893	-.2191533	-.2191533	.5510015	.3474399	-.9066662	2.592656	1.718451	-.167894	.8247319	.0716793	.3340819	-.5679139	-.4094043	-.5055002	-.260611													
InsH2Bfabp_CD15_09dpf_VAST02_plate01_ATP2A3_201210_B04	201210	1	NH331	insH2Bfabp	CD15	ATP2A3	1	0	0	2	1	9	.0288989	0	1	4.2408859	16.810622	10.005146	5.8530912	13.250072	1	23	23															192	693626	15335	9717.9205	7735.5677	1.49e+08	568.751	5.15e+07	14	4098.412	944978.6	1348442	40_ATP2A3	1	2	1	8.466666	2	1	5	.2191533	-.1930258	.0639882	-.7742626	.4923825	-1.004335	-.6581891	-.0238749	-.9299809	.167894	-.4703636	-1.833915	.7422367	.9799662	1.100698	1.012455	1.24006													
InsH2Bfabp_CD15_09dpf_VAST02_plate01_ATP2A3_201210_D03	201210	1	NH325	insH2Bfabp	CD15	ATP2A3	1	0	0	2	1	9	.0128439	0	1	8.1433351	20.962234	12.01886	7.3844232	15.432437	1	17	17	145806	3739	4232	3062	1225	39	4.451e+08	1	2910222	104663	121	201	177	83	196	507064	16660	5582.2185	5098.4489	9.30e+07	-338.5076	5.07e+07	48	3854.087	829147.9	1154404	40_ATP2A3	1	2	1	8.033334	2	1	5	-.521468	-1.090461	-.8452716	-.611579	-.8824176		-1.67594	.8587541	-.2410404	.8938006	.1196481	-.6374841	-.3340819	1.018561	1.348275	.3498982	1.191022	-.8694237	-1.993984	-2.423196	-1.122762	-2.423196	-1.768825	-1.281552	-.7618428	-1.053073	-.4166655	-1.281552	-.019283	-1.541986
InsH2Bfabp_CD15_09dpf_VAST02_plate01_ATP2A3_201210_B03	201210	1	NH323	insH2Bfabp	CD15	ATP2A3	1	0	0	2	1	9	0	0	1	8.9649034	14.530639	7.5316076	7.7247192	17.380977	1	15	15															107	428486	7584	9856.1417	8252.3097	7.47e+07	74.3606	-3.36e+07	11	3619.302	825185.3	1147331	40_ATP2A3	1	2	1	7.916667	2	1	5	-1.299194	-1.138044	-.920823	.8452716	-.960637	.6240287	.626099	-.5244005	.2410404	.948535	-1.465234	-.4703636	-1.144693	-.1174013	-.260611	.1304298	-.6238741													
InsH2Bfabp_CD15_10dpf_VAST02_plate02_ATP2A3_201211_D08	201211	2	NH406	insH2Bfabp	CD15	ATP2A3	1	0	0	2	1	10	1	1	2	9.0213583	12.454834	8.5939607	5.3426472	16.211853	1	49	98	294819	6273	4502	10136	3271	47	3.036e+09	1	2847793	119809	107	251	151	121	78	361590	6009	5943.2907	5027.1453	3.57e+07	109.8567	-5106861	56	3420.048	780249.6	1036360	40_ATP2A3	1	3	2	7.033333	3	1	5	-1.951308	-1.685788	-1.685788	.1411454	-1.802743	-.799651	.7588928	-.9299809	-.0597171	.0477635	-.9674216	-.4438613	-1.727309	-.4094043	-.5405975	-.6450915	-.164727	-.3543496	-.313572	.0385731	-.8144545	.6151411	1.281552	1.122762	-.8144545	-.4806444	-1.159742	-.1353847	-.9271548	.2533471
InsH2Bfabp_CD15_10dpf_VAST02_plate02_ATP2A3_201211_G04	201211	2	NH379	insH2Bfabp	CD15	ATP2A3	1	0	0	2	1	10	0	0	1	7.0508667	16.470326	12.034716	6.5336832	19.4854	1	22	71	230815	5496	4181	7507	2941	42	1.693e+09	1	2505048	111277	101	261	151	102	144	379128	11024	6776.8751	5574.68	7.47e+07	273.1319	2.24e+07	97	4571.358	967872.6	1238339	40_ATP2A3	1	3	2	4.5	3	1	5	1.685788	.0127893	-.3798165	-2.568836	-.7401917	-1.394908	-.2776904	-.1196481	.8761429	.5244005	.1558003	-.8416212	-1.475095	.4094043	.3589585	.1066151	.5679139	-.5466556	-1.122762	-.7618428	-1.281552	-.4806444	.0772036	.8694237	-1.19838	-.7618428	-1.37468	.1548709	-.9271548	-.4806444
InsH2Bfabp_CD15_10dpf_VAST02_plate02_ATP2A3_201211_D09	201211	2	NH413	insH2Bfabp	CD15	ATP2A3	1	0	0	2	1	10	1	1	2	9.8834484	17.355096	11.035787	2.4841608	11.925065	1	7	105	261091	6072	4724	8097	2505	43	2.260e+09	1	3458511	108522	149	224	134	126	186	486598	15428	5660.92	4244.2597	8.73e+07	785.919	6.29e+07	35	4585.146	996329.4	1231101	40_ATP2A3	1	3	3	7.866667	3	1	5	1.802743	.1930258	-.4354094	.3253741	-1.503722	.7267301		.1921572	-1.254876	-1.13317	-.167894	-.2656923	-.4871272	.8720565	1.191022	.2753871	1.475095	-.4591118	-.7618428	-.2334853	-.313572	-.0772036	.6151411	.3957253	-.4377901	-.9881546	.4806444	-.6151411	-1.481544	.7112601
InsH2Bfabp_CD15_10dpf_VAST02_plate02_ATP2A3_201211_A05	201211	2	NH380	insH2Bfabp	CD15	ATP2A3	1	0	0	2	1	10	1	1	2	3.9719735	24.943697	7.7694478	7.0441272	13.717722	1	23	72															289	693270	21962	17133.893	14839.963	3.76e+08	-712.6989	1.30e+08	37	4092.247	1028166	1410305	40_ATP2A3	1	3	2	4.633333	3	1	5	.1670294	.4074555	.2985202	-.1670294	.4354094	.6916925	-.6909717	1.465234	-.7593904	.7916386	-1.398694	-2.18935	.7117243	2.196763	1.988748	2.595914	1.988748													
InsH2Bfabp_CD15_10dpf_VAST02_plate02_ATP2A3_201211_A04	201211	2	NH374	insH2Bfabp	CD15	ATP2A3	1	0	0	2	1	10	1	1	2	10.499227	22.731773	22.404551	5.8871208	13.405955	1	17	66	238132	4860	3789	9821	3805	49	2.115e+09	1	4017703	114742	144	244	151	112	146	506032	12158	6540.1923	5276.9679	7.95e+07	400.9176	3.35e+07	0	3947.131	862988	1211946	40_ATP2A3	1	3	2	4.1	3	1	5	-.27188	-.6427163	-.5510015	-.8824176	-.5510015	-2.546865	-1.417797	1.067571	-.8938006	.2287701	1.980752	-.167894	-.3589585	.4479274	.5679139	.2023762	.8720565	-.2334853	-.9881546	-1.481544	-1.993984	-.1548709	1.19838	1.608653	.1548709	-.5691847	.4377901	-.313572	-.9271548	-.2933812
InsH2Bfabp_CD15_10dpf_VAST02_plate02_ATP2A3_201211_A06	201211	2	NH388	insH2Bfabp	CD15	ATP2A3	1	0	0	2	1	10	.0158704	0	1	15.055989	24.63743	20.026148	3.9474336	14.029488	1	31	80															17	737675	1664	12603.393	9875.1383	2.10e+07	834.8943	-1.21e+08		4199.066	1108182	1512050	40_ATP2A3	1	3	2	5.233333	3	1	5	.5510015	1.045226	.920823	.6427163	-.0383762	.6574843	.5035419	1.398694	-.7124431	-.4307273	1.538979	.6971414	1.058737	-1.63141	-1.408853	-1.185426	-2.196763													
InsH2Bfabp_CD15_10dpf_VAST02_plate02_ATP2A3_201211_D03	201211	2	NH370	insH2Bfabp	CD15	ATP2A3	1	0	0	2	1	10	1	1	2	12.223407	23.140128	11.479756	6.5336832	22.213356	1	13	62	491856	6388	5198	5946	1814	77	3.019e+09	1	7339731	181696	192	275	223	129	214	631600	17127	14590.78	11450.697	2.50e+08	893.4332	7.46e+07	8	4160.78	1069198	1481604	40_ATP2A3	1	3	2	3.733333	3	1	5	.3798165	.7401917	.7069592	-.4637077	1.002035	-.7626835	.5946412	1.13317	1.431172	.5244005	-.0716793	.1076344	.4871272	1.408853	1.475095	1.984772	1.63141	1.608653	1.19838	.1159498	-.0772036	.5691847	-.6151411	-.7112601	2.423196	.7112601	2.423196	.5466556	1.481544	.9271548
InsH2Bfabp_CD15_10dpf_VAST02_plate03_ATP2A3_201211_A04	201211	3	NH441	insH2Bfabp	CD15	ATP2A3	1	0	0	2	1	10	1	1	2	18.006773	15.755705	14.936367	2.6202792	10.054466	1	35	133	329702	9420	8092	3344	1090	35	1.180e+09	1	2959270	113866	134	220	179	89	225	833818	17196	9695.1017	8379.748	1.67e+08	-242.6935	5.57e+07		4000.834	1051628	1436235	40_ATP2A3	1	3	3	10.36667	3	1	5	-.0896424	.5810237	.4637077	.1153556	.3253741	.205788	.1441061	-.2287701	-1.980752	-1.00627	.8761429	1.281552	1.408853	1.475095	1.548528	1.234595	1.292276	-1.37468	-.0385731	1.768825	1.608653	-.9881546	-1.37468	-1.608653	-.7112601	-.6151411	.0385731	-.7618428	.0965586	-1.238894
InsH2Bfabp_CD15_10dpf_VAST02_plate02_ATP2A3_201211_D04	201211	2	NH377	insH2Bfabp	CD15	ATP2A3	1	0	0	2	1	10	1	1	2	5.8193094	17.0148	9.0696412	6.6017424	13.63978	1	20	69	287180	5221	4538	7743	2823	55	2.372e+09	1	3254149	129341	137	247	143	124	93	368600	7040	4496.3337	3622.2136	3.17e+07	382.861	2.02e+07	47				40_ATP2A3	1	3	2	4.322222	3	1	5								.0836517	-.8247319	.5800146	-.7593904	-1.398694	-1.63141	-.2727483	-.3340819	-.7985898	.5136787	.2137151	-.3957253	-1.281552	-.7618428	-.0385731	.2334853	.7112601	-.4806444	-.313572	.1940281	-.2533471	-1.19838	.5244005
InsH2Bfabp_CD15_10dpf_VAST02_plate02_ATP2A3_201211_D06	201211	2	NH391	insH2Bfabp	CD15	ATP2A3	1	0	0	2	1	10	.9811828	1	2	6.435088	13.986166	8.5305366	2.1778944	14.497138	1	34	83	212880	7341	6904	7938	3043	29	1.660e+09	1	3150279	98074	137	203	142	115	93	459364	7824	6952.0097	5157.7903	5.44e+07	958.636	1.08e+07	183	4043.42	985099.2	1342745	40_ATP2A3	1	3	2	5.383333	3	1	5	.0127893	.1411454	.0383762	.0896424	-.4074555	-.837745	.0130557	-.5800146	-.5519941	-1.179761	-1.00627	-1.179761	-.7422367	-.2727483	-.1885222	-.2753871	.260611	-1.993984	-1.37468	.8144545	1.19838	-.5691847	.3957253	.9271548	-.5691847	-1.281552	.1940281	-1.122762	-1.281552	-.1548709
InsH2Bfabp_CD15_10dpf_VAST02_plate03_ATP2A3_201211_A03	201211	3	NH434	insH2Bfabp	CD15	ATP2A3	1	0	0	2	1	10	.0077857	0	1	18.126541	18.886428	11.368763	6.80592	18.783926	1	28	126															75	576884	5734	7131.8901	6740.7324	4.09e+07	-799.3708	-3.58e+07	1	4304.932	1022812	1493268	40_ATP2A3	1	3	3	9.866667	3	1	5	.920823	.3524647	.7742626	.7069592	.1153556	.5591096	1.942444	.5244005	.667016	.7435598	-.1196481	1.367628	.1410246	-.5003588	-.6238741	-.5600113	-.652593													
InsH2Bfabp_CD15_10dpf_VAST02_plate02_ATP2A3_201211_A02	201211	2	NH361	insH2Bfabp	CD15	ATP2A3	1	0	0	2	1	10	.0420438	0	1	19.120128	17.04883	8.3561204	5.8530912	22.213356	1	4	53	526751	6931	5999	7610	2099	76	4.105e+09	1	5979013	248802	157	273	210	151	14	1005105	880	6930.2886	6602.2962	6098654	-831.4944	-6.77e+07	80	4563.135	1267842	1775532	40_ATP2A3	1	3	2	2.9	3	1	5	1.588183	2.162077	2.568836	1.588183	2.162077	-.2337006	1.031976	.1196481	1.431172	.167894	-1.088917	1.538979	1.988748	-1.781895	-1.842373	-1.722905	-1.191022	1.326678	1.993984	.5244005	.7112601	1.37468	.1548709	-.3543496	1.281552	2.423196	1.122762	.4806444	1.238894	2.423196
InsH2Bfabp_CD15_10dpf_VAST02_plate02_ATP2A3_201211_G08	201211	2	NH408	insH2Bfabp	CD15	ATP2A3	1	0	0	2	1	10	1	1	2	6.8045552	15.143172	12.716525	2.5862496	18.628042	1	2	100															120	292968	7899	9020.83	7888.5202	7.13e+07	-315.5887	-2.94e+07	39	4036.51	862853.4	1139450	40_ATP2A3	1	3	3	7.266667	3	1	5	-.0127893	-.6744897	-.960637	-.960637	-2.162077	-1.099066	-1.229859	-.3917566	.6084982	-1.0467	.3789003	-.9674216	-2.196763	.0820846	-.1410246	.011824	-.4871272													
InsH2Bfabp_CD15_10dpf_VAST02_plate02_ATP2A3_201211_G07	201211	2	NH401	insH2Bfabp	CD15	ATP2A3	1	0	0	2	1	10	.0321382	0	1	5.2035308	12.624982	12.478685	5.8871208	14.575079	1	44	93															14	272546	896	3076.5279	2386.9748	2756569	475.2733	1.72e+07	8	3283.869	740787.1	948791.8	40_ATP2A3	1	3	2	6.633333	3	1	5	-2.568836	-2.568836	-2.162077	-1.503722	-1.138044	-1.470951	-.8679592	-.8938006	-.5244005	.2287701	.2905068	-1.538979	-2.599139	-1.781895	-1.727309	-2.193076	.4094043													
InsH2Bfabp_CD15_10dpf_VAST02_plate03_ATP2A3_201211_G02	201211	3	NH432	insH2Bfabp	CD15	ATP2A3	1	0	0	2	1	10	.0860444	0	1	14.054447	15.721675	19.455332	4.2196704	14.730962	1	26	124															121	434668	9328	12076.182	10261.572	1.13e+08	-165.4011	-3.77e+07	5	3964.15	927961.4	1341907	40_ATP2A3	1	3	3	9.733334	3	1	5	-.1930258	-.27188	.0127893	-.2985202	.0639882	1.050522	1.67594	-.2656923	-.4570723	-.3029805	1.281552	.4438613	-1.058737	.1410246	.0234286	.7351237	-.6818606													
InsH2Bfabp_CD15_10dpf_VAST02_plate02_ATP2A3_201211_A08	201211	2	NH403	insH2Bfabp	CD15	ATP2A3	1	0	0	2	1	10	1	1	2	18.504349	18.784339	10.671099	8.1330744	15.510378	1	46	95															205	765206	16628	10048.339	9151.6817	1.67e+08	-834.4816	3.99e+07	22				40_ATP2A3	1	3	2	6.805555	3	1	5								.4703636	-.2043305	1.229064	-.2410404	1.465234	1.24006	1.348275	1.292276	1.286946	1.058737													
InsH2Bfabp_CD15_10dpf_VAST02_plate03_ATP2A3_201211_D03	201211	3	NH437	insH2Bfabp	CD15	ATP2A3	1	0	0	2	1	10	0	0	1	5.3114236	13.747958	9.5294656	3.1647528	8.8853424	1	31	129	286555	5511	4877	5992	2080	52	1.856e+09	1	3063449	125290	118	215	167	118	20	680792	1321	8612.701	7359.7314	1.14e+07	-76.35786	-7.83e+07	7	4455.479	1012300	1419247	40_ATP2A3	1	3	3	10.1	3	1	5	1.428802	.2454314	.3524647	.4354094	-.6744897	.7626835	.9884819	-.6374841	-2.18935	-.7279133	-.667016	-1.465234	.6818606	-1.475095	-1.548528	-1.403804	-1.408853	-.0772036	-.4377901	-.7112601	-.1548709	-.313572	-.5024022	-.3957253	-.6624353	-.3543496	-.5244005	-.8144545	-.3957253	.1159498
InsH2Bfabp_CD15_10dpf_VAST02_plate03_ATP2A3_201211_A02	201211	3	NH426	insH2Bfabp	CD15	ATP2A3	1	0	0	2	1	10	1	1	2	15.611424	14.632728	11.907868	2.7904272	12.782422	1	20	118	404995	6639	4852	12187	4137	61	4.789e+09	1	4444595	157687	150	265	190	104	117	658490	8486	5552.9074	5178.8245	4.71e+07	-466.2171	3127623	23	3947.155	1059553	1387710	40_ATP2A3	1	3	3	9.266666	3	1	5	-.2454314	.611579	.2191533	2.162077	.0383762	-.9601961	.4164465	-.4972006	-1.088917	-.8247319	.0716793	.7593904	.5956607	.04687	-.0938433	-.452452	.0703373	.4377901	.5691847	.3957253	-.1940281	2.423196	2.423196	1.993984	.4806444	.4806444	.5691847	.2733094	.5691847	-.3957253
InsH2Bfabp_CD15_10dpf_VAST02_plate02_ATP2A3_201211_D02	201211	2	NH364	insH2Bfabp	CD15	ATP2A3	1	0	0	2	1	10	.0284005	0	1	19.735907	18.580162	8.2926964	7.7247192	20.342758	1	7	56	498045	6553	5939	6370	2028	76	3.239e+09	1	6942505	212448	163	303	210	117	12	921777	848	5689.6757	5294.8648	4824845	-471.5089	-4.16e+07	0	4738.444	1274556	1758410	40_ATP2A3	1	3	2	3.2	3	1	5	1.951308	2.568836	2.162077	1.299194	1.36114	.1780348	1.28751	.3789003	1.0467	.948535	-1.179761	1.718451	1.842373	-1.988748	-1.988748	-1.838167	-.7734564	1.326678	1.37468	.2733094	.6151411	.7112601	-.4377901	-.4806444	1.993984	1.37468	1.19838	.9572095	1.238894	.0578776
InsH2Bfabp_CD15_10dpf_VAST02_plate02_ATP2A3_201211_A07	201211	2	NH396	insH2Bfabp	CD15	ATP2A3	1	0	0	2	1	10	.9922815	1	2	13.085497	24.024898	8.7525208	6.1593576	14.730962	1	39	88	278298	5352	4586	5992	2233	52	1.739e+09	1	4057767	139251	129	263	198	93	69	548382	5814	5354.9427	4002.7035	3.11e+07	775.6625	1.18e+07	453	5073.477	1213261	1508207	40_ATP2A3	1	3	2	6.133333	3	1	5	2.568836	1.802743	.8824176	.611579	-.1670294	-1.050522	-.5637612	1.229064	-.4570723	.3406948	-.8938006	.2905068	.0234286	-.5956607	-.5956607	-.8315547	.3094104	-.0772036	-.5244005	-.9881546	-.5691847	-.3957253	-.5024022	-.0385731	.1940281	-.0772036	-.1744161	.2334853	.8694237	-1.020076
InsH2Bfabp_CD15_10dpf_VAST02_plate03_ATP2A3_201211_G01	201211	3	NH424	insH2Bfabp	CD15	ATP2A3	1	0	0	2	1	10	1	1	2	16.809099	10.821413	6.7388068	1.3952136	11.535357	1	18	116	292756	9759	9502	7198	2322	30	2.203e+09	1	3540853	121778	114	238	200	94	60	519627	4705	8433.4244	7603.4477	3.97e+07	-553.9995	-5.51e+07	17	3923.257	980972	1368166	40_ATP2A3	1	3	3	9.116667	3	1	5	-.3798165	.0639882	.1153556	-.0383762	.1670294	.9601961	.3049337	-1.13317	-1.367628	-1.718451	-1.833915	.9674216	-.1410246	-.6967148	-.7734564	-.5878935	-.9427782	-1.768825	-.3543496	1.993984	2.423196	-.1159498	-.0385731	.0772036	-.2733094	-.3957253	-.7618428	-.3543496	.9271548	-.8694237
InsH2Bfabp_CD15_10dpf_VAST02_plate02_ATP2A3_201211_A01	201211	2	NH354	insH2Bfabp	CD15	ATP2A3	1	0	0	2	1	10	1	1	2							46	46	400557	6461	5382	9017	2771	62	3.606e+09	1	5554306	190139	130	305	196	148	40	1029606	3815	6490.2202	4889.6839	2.48e+07	825.0707	-1.32e+07		4390.179	1100496	1611401	40_ATP2A3	1	3	1	2.35	3	1	5	1.188354	1.002035	1.802743	.4637077	1.428802	-.3474399	.2372021						2.599139	-1.100698	-.9427782	-1.052756	-.2849259	.5691847	.5244005	.1940281	.0772036	.9271548	.9881546	.6151411	.9881546	.9271548	-.0772036	1.053073	.8144545	1.768825
InsH2Bfabp_CD15_10dpf_VAST02_plate02_ATP2A3_201211_D07	201211	2	NH398	insH2Bfabp	CD15	ATP2A3	1	0	0	2	1	10	.9551266	1	2	16.780169	24.092957	7.7853039	8.2011336	18.861867	1	41	90															230	747146	17001	10759.376	9457.7749	1.83e+08	-498.173	4.94e+07	20	4401.969	1137387	1558570	40_ATP2A3	1	3	2	6.35	3	1	5	1.241867	1.428802	1.36114	.8824176	1.503722	1.655485	.6909717	1.281552	.7593904	1.337828	-1.337828	.9299809	1.100698	1.548528	1.408853	1.626828	1.144693													
InsH2Bfabp_CD15_10dpf_VAST02_plate02_ATP2A3_201211_D01	201211	2	NH357	insH2Bfabp	CD15	ATP2A3	1	0	0	2	1	10	1	1	2	15.794923	8.9157552	14.682671	3.743256	30.70899	1	49	49	263011	4782	4471	6488	2154	55	1.690e+09	1	4942681	145232	156	259	157	128	78	464709	6715	9805.1246	8088.4585	6.58e+07	223.9353	-3.90e+07	31	4406.94	1113117	1578907	40_ATP2A3	1	3	1	2.583333	3	1	5	1.299194	1.138044	1.685788	1.241867	1.138044	1.394908	.6581891	-1.622194	1.833915	-.5800146	.7916386	.7916386	-.7117243	-.4094043	-.3589585	-.0828608	-.7117243	.2137151	-.7112601	-1.768825	-.9271548	-.5244005	-.3957253	-.1940281	.6151411	.1159498	1.053073	.0772036	-.7363159	.8416212
InsH2Bfabp_CD15_10dpf_VAST02_plate02_ATP2A3_201211_A09	201211	2	NH410	insH2Bfabp	CD15	ATP2A3	1	0	0	2	1	10	.8442678	1	2	10.12976	8.7456072	8.895225	6.7718904	11.535357	1	4	102	151606	4594	4558	5732	1810	33	9.255e+08	2	997942	50007	77	183	130	72	33	394652	2814	3086.935	2519.6232	8686635	323.288	2.03e+07	90	3825.63	871107.8	1167474	40_ATP2A3	1	3	3	7.433333	3	1	5	-.611579	-.5810237	-.7742626	1.002035	-1.002035	.0408803		-1.833915	-1.367628	.6971414	-.8247319	-.1921572	-1.408853	-1.191022	-1.144693	-1.626828	.5405975	-1.608653	-1.768825	-1.993984	-.6151411	-1.481544	-.7112601	-.7618428	-1.768825	-1.768825	-1.768825	-1.481544	-1.608653	-1.768825
InsH2Bfabp_CD15_10dpf_VAST02_plate02_ATP2A3_201211_G01	201211	2	NH359	insH2Bfabp	CD15	ATP2A3	1	0	0	2	1	10	.0210313	0	1	14.070743	9.2220216	8.2451283	5.0704104	14.653021	1	2	51	479834	8886	6141	7949	2176	54	3.803e+09	2	4748024	194278	151	257	214	123	272	784102	20551	8553.039	7271.0484	1.76e+08	-27.45139	8.80e+07	19	4283.502	1044630	1517134	40_ATP2A3	1	3	2	2.766667	3	1	5	.8452716	.4923825	.960637	.2191533	.2985202	.3186394	2.153875	-1.398694	-.4972006	-.0477635	-1.229064	.4703636	1.292276	1.988748	1.842373	1.470193	1.727309	.1548709	1.122762	1.481544	.8144545	1.122762	.4377901	-.1548709	.5691847	1.053073	.7112601	-.0385731	1.37468	.4166655
InsH2Bfabp_CD15_10dpf_VAST02_plate02_ATP2A3_201211_D05	201211	2	NH383	insH2Bfabp	CD15	ATP2A3	1	0	0	2	1	10	1	1	2	6.6813995	12.965278	9.91001	5.5127952	14.263313	1	26	75	373914	5665	4550	6583	2393	66	2.496e+09	1	3839081	153412	111	258	208	132	146	517964	11935	6725.0203	6007.8895	8.03e+07	-309.0715	1.89e+07	7	4035.897	909478.8	1298677	40_ATP2A3	1	3	2	4.866667	3	1	5	-.0383762	-.3524647	-.1930258	-.7069592	-.4637077	1.099066	.0653232	-.7435598	-.6229257	.0716793	-.5244005	-1.00627	-.164727	.4479274	.5136787	.2265744	.4609147	.9271548	.3543496	-.6151411	-.6624353	.1159498	-.3543496	.2334853	-.1159498	.313572	-.9881546	.019283	1.122762	1.087257
InsH2Bfabp_CD15_10dpf_VAST02_plate03_ATP2A3_201211_D02	201211	3	NH429	insH2Bfabp	CD15	ATP2A3	1	0	0	2	1	10	1	1	2	13.45561	13.679899	19.328484	3.0966936	12.704481	1	23	121	315140	5252	4160	3330	975	60	1.095e+09	1	4263112	162330	121	297	176	126	160	536942	11820	14732.301	11798.642	1.74e+08	608.9885	-8394306	570	4082.47	1034282	1328285	40_ATP2A3	1	3	3	9.483334	3	1	5	.1153556	.4637077	-.0896424	.2985202	.3661064	-.0681677	.0391761	-.667016	-1.13317	-.7593904	1.229064	.3406948	-.0703373	.6238741	.4871272	1.403804	-.2364492	.3957253	-.1159498	-1.19838	-1.37468	-1.19838	-1.481544	-1.993984	.4377901	.5691847	-.4166655	.8694237	-.1353847	.7112601
InsH2Bfabp_CD15_10dpf_VAST02_plate03_ATP2A3_201211_D01	201211	3	NH421	insH2Bfabp	CD15	ATP2A3	1	0	0	2	1	10	1	1	2	6.9881679	11.502005	12.954365	.8167104	10.522116	1	15	113															121	341748	10863	6144.9798	5040.6218	6.68e+07	295.0474	2.57e+07		3426.78	789431.1	1050192	40_ATP2A3	1	3	3	8.683333	3	1	5	-1.802743	-1.428802	-1.588183	-1.002035	-.521468	-1.150349	-.4741167	-1.0467	-1.833915	-2.18935	.4972006	-.8938006	-1.842373	.1410246	.2849259	-.0354786	.7117243													
InsH2Bfabp_CD15_10dpf_VAST02_plate03_ATP2A3_201211_A01	201211	3	NH418	insH2Bfabp	CD15	ATP2A3	1	0	0	2	1	10	.9711006	1	2	17.407936	13.816018	15.237631	.85074	16.289794	1	12	110	426905	5336	4649	10875	3630	80	4.563e+09	1	5687216	220870	151	303	204	116	23	630723	1703	8436.8937	7576.4594	1.44e+07	-517.4904	-7.98e+07	2	4209.977	1023440	1446762	40_ATP2A3	1	3	3	8.45	3	1	5	.6427163	.3798165	.5510015	-.1153556	.8824176	-1.204851	.3881343	-.6084982	0	-1.980752	1.0467	1.156152	.4609147	-1.348275	-1.348275	-1.286946	-1.475095	1.768825	.7618428	-1.053073	-.4377901	1.993984	1.768825	1.37468	1.122762	1.768825	.7112601	.9572095	1.053073	-.0385731
InsH2Bfabp_CD15_10dpf_VAST02_plate02_ATP2A3_201211_G05	201211	2	NH386	insH2Bfabp	CD15	ATP2A3	1	0	0	2	1	10	1	1	2	7.6666453	24.263105	10.274698	3.8113152	14.263313	1	29	78	135073	6140	7148	8295	2380	22	1.141e+09	1	1156230	60410	92	157	117	98	153	508226	12495	12845.118	9928.639	1.60e+08	1011.122	1.71e+07	86	4093.181	939729.9	1212484	40_ATP2A3	1	3	2	5.133333	3	1	5	.1930258	-.2191533	-.521468	-.8452716	.920823	.1504181	-.3601299	1.337828	-.6229257	-.5244005	-.3917566	-.7279133	-.3094104	.5679139	.5956607	1.138967	.3840592	-2.423196	-2.423196	-.0772036	1.281552	-1.122762	.6624353	.1940281	-1.608653	-1.608653	-1.608653	-1.768825	-1.768825	-.7363159
InsH2Bfabp_CD15_10dpf_VAST02_plate02_ATP2A3_201211_E09	201211	2	NH414	insH2Bfabp	CD15	ATP2A3	1	0	0	2	1	10	.0164745	0	1	12.223407	8.9157552	9.6880258	1.70148	16.133911	1	8	106															19	762860	1248	9009.5986	8446.5707	1.12e+07	-1010.003	-1.01e+08	0	4533.228	1121701	1575722	40_ATP2A3	1	4	3	7.95	4	1	5	1.503722	1.36114	1.588183	1.428802	.1411454	-.5912576	2.561682	-1.622194	-.1076344	-1.465234	-.5800146	.1076344	1.191022	-1.548528	-1.63141	-1.470193	-1.842373													
InsH2Bfabp_CD15_10dpf_VAST02_plate02_ATP2A3_201211_H07	201211	2	NH402	insH2Bfabp	CD15	ATP2A3	1	0	0	2	1	10	1	1	2	6.1887766	10.413058	11.527324	4.934292	15.042729	1	45	94	364323	5783	5505	10257	3189	63	3.749e+09	1	3754316	154688	116	268	175	122	191	472156	13506	12182.784	10273.122	1.65e+08	-72.93938	1.39e+07	95	3513.592	781625.4	1066253	40_ATP2A3	1	4	2	6.733333	4	1	5	-1.428802	-1.503722	-1.503722	.27188	-1.241867	-.6916925	-.5035419	-1.229064	-.3661064	-.1196481	-.0477635	-1.281552	-.6238741	.9427782	.7422367	1.185426	.3589585	.7363159	.2334853	-.5244005	.2334853	1.053073	1.37468	1.053073	-.1940281	.3543496	-.6624353	.313572	-.2137151	.313572
InsH2Bfabp_CD15_10dpf_VAST02_plate02_ATP2A3_201211_E06	201211	2	NH392	insH2Bfabp	CD15	ATP2A3	1	0	0	2	1	10	.0107201	0	1	15.918079	15.449438	9.2282013	2.6883384	10.989766	1	35	84	409901	7883	8219	11612	3617	52	4.436e+09	1	3520383	138170	136	247	158	123	121	478284	9904	10774.773	8916.8824	1.07e+08	179.401	-1.55e+07	0	4137.95	1063845	1518465	40_ATP2A3	1	4	2	5.45	4	1	5	.2985202	.6585199	1.002035	-.1930258	.7401917	-.2617966	1.793352	-.2905068	-1.622194	-.948535	-.7124431	.8247319	-.5136787	.1410246	.164727	.6162404	-.3589585	-.0772036	.6151411	1.122762	1.768825	1.608653	1.993984	1.281552	-.313572	-.1159498	.1159498	-.2533471	-.6624353	.4166655
InsH2Bfabp_CD15_10dpf_VAST02_plate02_ATP2A3_201211_B06	201211	2	NH389	insH2Bfabp	CD15	ATP2A3	1	0	0	2	1	10	.037927	0	1	23.307423	17.184948	12.843373	1.1570064	23.694246	1	32	81															257	1022778	22044	12889.655	9620.0459	2.84e+08	1433.449	1.47e+08					40_ATP2A3	1	4	2	5.283333	4	1	5								.167894	1.538979	-1.833915	.4438613	2.592656	2.196763	1.842373	2.196763	2.193076	2.196763													
InsH2Bfabp_CD15_10dpf_VAST02_plate02_ATP2A3_201211_B01	201211	2	NH355	insH2Bfabp	CD15	ATP2A3	1	0	0	2	1	10	1	1	2	14.193899	19.703138	12.33598	11.127679	34.60607	1	47	47	361575	9772	7231	8331	2486	37	3.055e+09	1	3967788	143670	133	235	188	101	76	735620	6276	7923.6009	6866.5708	4.97e+07	-161.7155	-2.96e+07	1	4311.423	1045796	1503646	40_ATP2A3	1	4	1	2.416667	4	1	5	1.002035	.521468	.8452716	.1930258	1.802743	-.2901008	-.5946412	.6374841	2.18935	2.592656	.2410404	.4972006	1.018561	-.4609147	-.4350152	-.3751523	-.5136787	-1.122762	.1940281	2.423196	1.37468	.6624353	.7618428	.313572	.1159498	.0385731	0	-.3957253	.4377901	-.5691847
InsH2Bfabp_CD15_10dpf_VAST02_plate02_ATP2A3_201211_G06	201211	2	NH394	insH2Bfabp	CD15	ATP2A3	1	0	0	2	1	10	1	1	2	12.839186	18.648221	12.034716	5.5468248	16.289794	1	37	86	228824	5448	4630	3951	1373	42	9.415e+08	1	3510482	111818	140	181	169	126	241	881512	17552	11288.969	8073.4677	1.98e+08	1726.131	9.36e+07	6				40_ATP2A3	1	4	2	5.725	4	1	5								.4176672	0	.0956362	.1558003	.2533471	1.548528	1.727309	1.63141	1.838167	1.842373	-.5466556	-1.19838	-.8144545	-.4806444	-1.37468	-1.053073	-1.053073	-.3543496	-.7112601	.313572	-1.608653	-.313572	.7112601
InsH2Bfabp_CD15_10dpf_VAST02_plate02_ATP2A3_201211_B08	201211	2	NH404	insH2Bfabp	CD15	ATP2A3	1	0	0	2	1	10	.0077741	0	1	20.597997	18.580162	9.8465859	6.125328	15.198612	1	47	96	396032	8251	6178	7308	2148	48	2.755e+09	1	5725747	170991	166	320	182	120	81	796080	7163	8913.5498	8148.9556	6.38e+07	-741.7021	-4.23e+07	0				40_ATP2A3	1	4	2	6.877778	4	1	5								.3789003	-.3155015	.2905068	-.5519941	1.833915	1.348275	-.3340819	-.3094104	-.1066151	-.8382877	-.2933812	.4806444	1.37468	.8694237	.1940281	0	-.2334853	1.19838	.6151411	1.481544	1.541986	.1940281	.1744161
InsH2Bfabp_CD15_10dpf_VAST02_plate03_ATP2A3_201211_E03	201211	3	NH438	insH2Bfabp	CD15	ATP2A3	1	0	0	2	1	10	1	1	2	17.048634	16.606445	15.142495	3.6751968	15.58832	1	32	130	428916	6599	5941	6736	2300	65	2.914e+09	1	6281665	185380	183	295	176	143	130	676508	10143	12162.796	9942.7034	1.23e+08	311.582	-2.03e+07	0	4170.563	1091195	1485612	40_ATP2A3	1	4	3	10.16667	4	1	5	.4354094	.8824176	.7401917	.5810237	1.045226	-.0955058	1.577923	-.0956362	-.167894	-.6084982	.9674216	1.088917	.652593	.2727483	.2124247	.9003679	-.4094043	.8416212	.8144545	.3543496	.6624353	.3957253	-.2733094	0	1.768825	.8694237	1.993984	.7618428	-.1353847	1.426077
InsH2Bfabp_CD15_10dpf_VAST02_plate02_ATP2A3_201211_E04	201211	2	NH378	insH2Bfabp	CD15	ATP2A3	1	0	0	2	1	10	1	1	2	6.435088	8.9157552	6.4058305	3.8793744	14.10743	1	21	70	500449	7360	5461	8700	2582	68	4.384e+09	1	5107808	216064	152	319	159	142	6	878780	448	8172.8281	7266.7208	3661427	-402.3643	-8.40e+07	69				40_ATP2A3	1	4	2	4.411111	4	1	5								-1.622194	-.667016	-.4703636	-1.980752	-1.179761	1.475095	-2.196763	-2.196763	-1.984772	-1.63141	.9881546	1.481544	.9271548	.1548709	1.481544	.8694237	.4377901	.7112601	1.608653	.8144545	1.37468	-.5920066	1.281552
InsH2Bfabp_CD15_10dpf_VAST02_plate03_ATP2A3_201211_B01	201211	3	NH419	insH2Bfabp	CD15	ATP2A3	1	0	0	2	1	10	.9859655	1	2	22.557936	10.719324	11.099211	4.1516112	18.238334	1	13	111	573308	9247	6689	8057	2434	62	4.548e+09	1	6059341	222526	141	306	229	130	53	715294	4898	11246.1	8424.0504	5.51e+07	1254.069	-5.68e+07	23	4171.947	1182023	1566451	40_ATP2A3	1	4	3	8.516666	4	1	5	.4637077	1.685788	1.503722	1.951308	1.588183	-.4658759	.8305109	-1.179761	.4570723	-.3533721	-.1437292	1.980752	.9068503	-.8550502	-.7117243	-.250906	-.9799662	.5691847	2.423196	1.608653	1.122762	1.768825	.4806444	.2733094	1.481544	1.993984	.3749572	1.122762	1.608653	.9881546
InsH2Bfabp_CD15_10dpf_VAST02_plate03_ATP2A3_201211_E02	201211	3	NH430	insH2Bfabp	CD15	ATP2A3	1	0	0	2	1	10	1	1	2	19.443983	16.368238	19.883444	2.1098352	15.510378	1	24	122															161	732811	14141	12634.415	9725.13	1.79e+08	1049.561	3.95e+07	10	4209.484	1217209	1560410	40_ATP2A3	1	4	3	9.55	4	1	5	.611579	1.951308	1.428802	1.045226	2.568836	.4658759	.7245144	-.1437292	-.2043305	-1.281552	1.398694	1.622194	.9427782	.652593	.9068503	1.543781	1.018561													
InsH2Bfabp_CD15_10dpf_VAST02_plate02_ATP2A3_201211_B05	201211	2	NH381	insH2Bfabp	CD15	ATP2A3	1	0	0	2	1	10	1	1	2	7.9129568	21.506707	7.3889035	1.531332	17.692743	1	24	73															106	445216	7326	5769.3254	4130.1914	4.23e+07	1033.97	2.02e+07	48	3652.972	860670.2	1110575	40_ATP2A3	1	4	2	4.716667	4	1	5	-1.138044	-.7401917	-1.188354	-1.588183	-.809257	-1.556601	-.7941926	.9299809	.3280721	-1.622194	-1.622194	-.6971414	-.8720565	-.1410246	-.2849259	-.532558	.4871272													
InsH2Bfabp_CD15_10dpf_VAST02_plate02_ATP2A3_201211_E08	201211	2	NH407	insH2Bfabp	CD15	ATP2A3	1	0	0	2	1	10	.0569605	0	1	6.5582438	20.519849	11.717596	5.2405584	14.808904	1	1	99	369494	7390	5258	7187	1935	50	2.779e+09	1	3464126	137633	113	230	194	114	114	533464	9517	11920.609	9280.7658	1.13e+08	879.7595	-1.64e+07	0	3950.01	981585.1	1372846	40_ATP2A3	1	4	3	7.116667	4	1	5	-.2191533	.0896424	.1411454	.7401917	.0896424	-.5275293	.3324052	.7916386	-.4176672	.0238749	-.0119366	-1.067571	-.0938433	.0117135	.04687	.7664708	-.3840592	-.1940281	.2733094	.9881546	.0385731	.313572	-.0772036	-.6624353	-.3957253	-.1940281	-.8979152	-.4377901	.7363159	-.2334853
InsH2Bfabp_CD15_10dpf_VAST02_plate02_ATP2A3_201211_E02	201211	2	NH365	insH2Bfabp	CD15	ATP2A3	1	0	0	2	1	10	1	1	2	12.100252	17.116889	14.476543	4.593996	17.53686	1	8	57	238943	6827	8289	9006	3682	35	1.998e+09	1	2829747	109661	107	275	171	100	154	457670	12832	12305.789	10096.799	1.58e+08	265.926	1.10e+07	130	3809.988	821043.1	1178734	40_ATP2A3	1	4	2	3.266667	4	1	5	-.7069592	-1.241867	-.7069592	-.5810237	-.611579	.4059455	-.7245144	.1437292	.2780781	-.1921572	.7279133	.0238749	-.8054488	.5956607	.652593	1.094844	.2849259	-1.37468	-.9271548	.4806444	1.993984	-.2733094	.9271548	1.481544	-.8694237	-.8694237	-1.159742	.5466556	-.2733094	-.6151411
InsH2Bfabp_CD15_10dpf_VAST02_plate02_ATP2A3_201211_G03	201211	2	NH372	insH2Bfabp	CD15	ATP2A3	1	0	0	2	1	10	1	1	2	14.932833	18.375984	21.342198	7.8948672	20.420699	1	15	64	185007	5000	3910	7121	2613	37	1.369e+09	1	2410473	88094	114	210	135	102	327	734772	22843	19089.966	15950.891		-116.6592	1.67e+08		4131.955	1013780	1419158	40_ATP2A3	1	4	2	3.916667	4	1	5	.27188	.27188	.3253741	-.5510015	.7069592	-.5591096	-.2237952	.3029805	1.088917	1.0467	1.718451	.652179	.9799662	2.599139	2.599139		2.599139	-1.122762	-1.608653	-1.37468	-1.768825	-.8144545	-.1548709	.4806444	-1.281552	-1.481544	-.7618428	-.9881546	-1.37468	-.4806444
InsH2Bfabp_CD15_10dpf_VAST02_plate03_ATP2A3_201211_H01	201211	3	NH425	insH2Bfabp	CD15	ATP2A3	1	0	0	2	1	10	.0208095	0	1	17.407936	12.72707	9.6563137	2.6883384	14.341254	1	19	117															42	451068	3203	8698.9163	7443.4434	2.79e+07	-92.62537	-6.35e+07	64	4204.055	1108197	1519840	40_ATP2A3	1	4	3	9.2	4	1	5	.5810237	1.090461	1.045226	1.090461	1.188354	-.3765316	1.229859	-.8247319	-.5800146	-.948535	-.6229257	1.156152	-.8382877	-.9799662	-1.018561	-.9737339	-1.018561													
InsH2Bfabp_CD15_10dpf_VAST02_plate02_ATP2A3_201211_H01	201211	2	NH360	insH2Bfabp	CD15	ATP2A3	1	0	0	2	1	10	1	1	2							3	52	515483	8182	6543	7173	2142	63	3.657e+09	3	5470380	207690	129	251	244	149	101	701150	9956	7846.1173	6681.4997	7.81e+07	-12.62917	2674471	10				40_ATP2A3	1	4	2	2.833333	4	1	5													.8054488	-.164727	.1885222	.1782959	.04687	.7363159	1.768825	1.281552	.9881546	.9881546	-.1159498	-.2733094	.9271548	1.19838	-.1744161	-.1353847	2.423196	1.993984
InsH2Bfabp_CD15_10dpf_VAST02_plate02_ATP2A3_201211_B09	201211	2	NH411	insH2Bfabp	CD15	ATP2A3	1	0	0	2	1	10	1	1	2	13.57812	12.965278	8.4036885	4.4578776	18.00451	1	5	103															142	471862	11359	9465.7898	7751.1773	1.08e+08	297.5105	9694832		3898.185	917703.3	1249464	40_ATP2A3	1	4	3	7.516667	4	1	5	-.4637077	-.3253741	-.3524647	-.4354094	.2191533	.0955058	-.4450965	-.7435598	.3917566	-.2410404	-1.0467	.3661064	-.652593	.3840592	.4609147	.6450915	.2364492													
InsH2Bfabp_CD15_10dpf_VAST02_plate02_ATP2A3_201211_B03	201211	2	NH369	insH2Bfabp	CD15	ATP2A3	1	0	0	2	1	10	1	1	2	6.435088	15.823764	8.911081	7.7587488	12.626539	1	12	61	391490	6991	5481	6766	2803	56	2.457e+09	2	12448	2660	27	34	27	24	231	576464	17692	10606.981	9039.9341	1.88e+08	-139.0343	6.29e+07	204	3837.605	954623.7	1287820	40_ATP2A3	1	4	2	3.55	4	1	5	-.5510015	-.0639882	-.2985202	-.3253741	-.0639882	-.435715	-.0653232	-.1921572	-1.179761	1.00627	-.7916386	-1.179761	.1174013	1.63141	1.727309	1.722905	1.408853	.2733094	.4377901	.5691847	.1940281	.0772036	-.2334853	.6624353	-1.993984	-1.993984	-1.993984	-1.993984	-1.993984	-1.993984
InsH2Bfabp_CD15_10dpf_VAST02_plate02_ATP2A3_201211_B02	201211	2	NH362	insH2Bfabp	CD15	ATP2A3	1	0	0	2	1	10	0	0	1	16.041235	18.375984	6.0094301	6.1593576	16.991269	1	5	54															94	583048	8416	7875.4955	6976.9924	6.63e+07	-345.0023	-1.53e+07		4167.177	1014588	1453760	40_ATP2A3	1	4	2	3	4	1	5	.4074555	.2985202	.5810237	.0127893	.4637077	.837745	.1970991	.3029805	.1921572	.3406948	-2.18935	.8587541	.1885222	-.2364492	-.1174013	-.0591531	-.3340819													
InsH2Bfabp_CD15_10dpf_VAST02_plate02_ATP2A3_201211_E05	201211	2	NH384	insH2Bfabp	CD15	ATP2A3	1	0	0	2	1	10	1	1	2	5.080375	15.34735	13.88987	2.5181904	14.886846	1	27	76																								3646.659	844714.7	1076526	40_ATP2A3	1	4	2	4.933333	4	1	5	-1.188354	-.8824176	-1.428802	-.3524647	-1.188354	1.556601	-1.793352	-.3533721	-.3917566	-1.088917	.6084982	-1.622194																		
InsH2Bfabp_CD15_10dpf_VAST02_plate03_ATP2A3_201211_B02	201211	3	NH427	insH2Bfabp	CD15	ATP2A3	1	0	0	2	1	10	.9355504	1	2	18.126541	12.250656	18.075858	4.7301144	11.925065	1	21	119	423198	5568	4203	5911	2336	76	2.406e+09	1	5301537	182651	166	355	177	99	97	588744	7864	9232.8936	7845.8644	7.26e+07	-51.30463	-2.72e+07	42	4269.988	1063845	1407838	40_ATP2A3	1	4	3	9.35	4	1	5	.7742626	.6585199	.2454314	1.36114	.2454314		.9467818	-.9674216	-1.254876	-.1437292	1.13317	1.367628	.2364492	-.1885222	-.164727	.0591531	-.4350152	1.326678	.7112601	-.6624353	-1.19838	.0385731	-.6624353	.1548709	.8144545	.7618428	1.481544	2.423196	-.019283	-.6624353
InsH2Bfabp_CD15_10dpf_VAST02_plate02_ATP2A3_201211_G09	201211	2	NH416	insH2Bfabp	CD15	ATP2A3	1	0	0	2	1	10	1	1	2	8.5287354	9.6644064	15.190063	3.3349008	15.276554	1	10	108															139	428371	12000	10010.335	7650.8849	1.20e+08	964.8369	2.44e+07		3788.39	821701.1	1093169	40_ATP2A3	1	4	3	8.15	4	1	5	-.8452716	-1.188354	-1.241867	-.1411454	-1.685788	-.7267301	-.8305109	-1.337828	-.2780781	-.6820014	1.00627	-.5381461	-1.191022	.3094104	.5405975	.8315547	.652593													
InsH2Bfabp_CD15_10dpf_VAST02_plate02_ATP2A3_201211_E07	201211	2	NH399	insH2Bfabp	CD15	ATP2A3	1	0	0	2	1	10	1	1	2	8.5287354	18.71628	10.560107	8.6094888	17.692743	1	42	91															140	497066	10983	10186.714	8400.754	1.12e+08	223.2028	459639	8	3780.251	883743.6	1289286	40_ATP2A3	1	4	2	6.483333	4	1	5	-.8824176	-.4354094	-.27188	-.4923825	-.920823	-.4059455	-.3881343	.4438613	.3280721	1.622194	-.2656923	-.5381461	-.4350152	.3340819	.3340819	.7044829	-.0234286													
InsH2Bfabp_CD15_10dpf_VAST02_plate03_ATP2A3_201211_B03	201211	3	NH435	insH2Bfabp	CD15	ATP2A3	1	0	0	2	1	10	.0139965	0	1	10.700959	15.381379	10.021002	3.3349008	15.12067	1	29	127	216394	5278	4653	3411	987	41	7.857e+08	1	2547464	100278	102	213	189	95	63	511048	5409	6596.8698	6218.675	3.57e+07	-695.2721	-3.01e+07	685	3739.321	833080.8	1199340	40_ATP2A3	1	4	3	9.95	4	1	5	-.960637	-1.002035	-.6427163	-1.045226	-1.428802	-.6574843	.1177699	-.3155015	-.3406948	-.6820014	-.4438613	-.1196481	-.260611	-.652593	-.652593	-.6744897	-.5405975	-.6866431	-1.281552	-1.122762	-.3957253	-1.768825	-1.281552	-1.768825	-1.053073	-1.19838	-1.281552	-.9271548	.5244005	-.8144545
InsH2Bfabp_CD15_10dpf_VAST02_plate02_ATP2A3_201211_B04	201211	2	NH375	insH2Bfabp	CD15	ATP2A3	1	0	0	2	1	10	.7240506	1	2	8.4055797	14.054225	23.64132	4.2196704	17.848626	1	18	67	267387	5813	4730	10873	2925	46	2.740e+09	1	2326388	116708	114	202	163	98	188	443918	12806	8521.0057	7153.5488	1.09e+08	84.36204	2.38e+07	34	3591.548	803308.1	1092212	40_ATP2A3	1	4	2	4.166667	4	1	5	-1.36114	-1.36114	-1.299194	-.521468	-.3798165	.799651	-1.34979	-.5519941	.3661064	-.3029805	2.18935	-.5800146	-.9068503	.9068503	.6238741	.6744897	.5956607	-.3957253	-.6151411	-.4377901	-.2733094	.1548709	1.608653	.8144545	-1.37468	-.5244005	-.7618428	-1.19838	-.5024022	-.7363159
InsH2Bfabp_CD15_10dpf_VAST02_plate03_ATP2A3_201211_C02	201211	3	NH428	insH2Bfabp	CD15	ATP2A3	1	0	0	2	1	10	1	1	2	12.497471	16.844652	19.915156	3.8113152	16.679502	1	22	120	354154	5712	4601	9357	3351	62	3.280e+09	1	4133249	161905	128	278	165	120	141	561302	11324	9111.1521	7849.3668	1.03e+08	-177.3339	3292762	31	3689.806	972672.8	1284545	40_ATP2A3	1	5	3	9.433333	5	1	5	-1.045226	.0383762	-.3253741	.5510015	.0127893	-.4964666	-.1705427	.0238749	.1196481	-.5244005	1.465234	.1437292	.0703373	.3589585	.4350152	.5055002	.1174013	.5691847	.1548709	-.5691847	-.5244005	.7618428	1.053073	1.19838	.3543496	.5244005	-.2334853	.6151411	-.4377901	.1744161
InsH2Bfabp_CD15_10dpf_VAST02_plate03_ATP2A3_201211_B04	201211	3	NH442	insH2Bfabp	CD15	ATP2A3	1	0	0	2	1	10	.022943	0	1	16.330029	17.729422	21.53247	1.6674504	17.53686	1	36	134	281731	7224	7240	7757	2503	39	2.047e+09	2	3901076	120435	150	226	182	102	125	617868	9102	7693.7232	7080.7765	7.00e+07	-653.8304	-1.38e+07	41	4376.323	1077318	1429760	40_ATP2A3	1	5	3	10.43333	5	1	5	1.090461	.809257	.3798165	-.27188	.27188	-.0136234	.8679592	.2410404	.2780781	-1.538979	1.833915	.8938006	.3840592	.2124247	-.0234286	-.011824	-.3094104	-.8694237	-.4806444	.7112601	1.481544	-.1940281	.2733094	.3543496	0	-.4377901	.5691847	-.5691847	.1940281	-.4806444
InsH2Bfabp_CD15_10dpf_VAST02_plate02_ATP2A3_201211_F02	201211	2	NH366	insH2Bfabp	CD15	ATP2A3	1	0	0	2	1	10	.9519004	1	2	12.100252	14.870935	12.240844	9.2220216	18.472159	1	9	58															24	621741	1906	6199.1249	6701.6863	1.18e+07	-1684.335	-6.40e+07	2	4139.555	952739.6	1374476	40_ATP2A3	1	5	2	3.316667	5	1	5	.3253741	-.0896424	.1670294	-.6744897	-.4923825	.9178534	-.0915151	-.4703636	.5381461	1.902217	.2165341	.0238749	.4094043	-1.292276	-1.292276	-1.343082	-1.058737													
InsH2Bfabp_CD15_10dpf_VAST02_plate03_ATP2A3_201211_F02	201211	3	NH431	insH2Bfabp	CD15	ATP2A3	1	0	0	2	1	10	0	0	1	7.2277028	12.659011	18.281986	3.40296	11.457415	1	25	123															113	310582	9591	5528.1218	4407.3833	5.30e+07	453.4198	2.52e+07	12				40_ATP2A3	1	5	3	9.641666	5	1	5								-.8587541	-1.465234	-.6374841	1.179761	-.7916386	-1.988748	-.0234286	.0938433	-.3000344	.6818606													
InsH2Bfabp_CD15_10dpf_VAST02_plate02_ATP2A3_201211_H05	201211	2	NH387	insH2Bfabp	CD15	ATP2A3	1	0	0	2	1	10	1	1	2	13.454965	19.056576	7.4047595	4.083552	17.06921	1	30	79															34	558672	2972	9496.3085	8268.9862	2.82e+07	-305.8886	-8.04e+07	75	3978.658	959064.9	1339141	40_ATP2A3	1	5	2	5.183333	5	1	5	-.1411454	-.0383762	-.0127893	-.809257	-1.045226	-.8770955	.4741167	.5800146	.2165341	-.3917566	-1.538979	.3155015	.04687	-1.144693	-1.100698	-.9364207	-1.548528													
InsH2Bfabp_CD15_10dpf_VAST02_plate02_ATP2A3_201211_F09	201211	2	NH415	insH2Bfabp	CD15	ATP2A3	1	0	0	2	1	10	1	1	2	8.282424	15.109142	10.893083	2.7563976	13.016247	1	9	107															183	578898	15279	11316.252	8589.6179	1.73e+08	1121.528	5.75e+07	475	3387.171	756428.5	1029870	40_ATP2A3	1	5	3	8.05	5	1	5	-2.162077	-1.871871	-1.802743	-1.951308	-2.568836	-1.924054	.2372021	-.4176672	-.9674216	-.8587541	-.2165341	-.6084982	.164727	.8054488	1.058737	1.343082	1.348275													
InsH2Bfabp_CD15_10dpf_VAST02_plate02_ATP2A3_201211_F05	201211	2	NH385	insH2Bfabp	CD15	ATP2A3	1	0	0	2	1	10	1	1	2	12.592874	26.849354	8.6573847	5.0363808	10.600058	1	28	77	312610	5898	4496	8298	3164	53	2.762e+09	1	3854451	151900	110	258	201	145	108	514006	8669	11762.265	9836.4549	1.02e+08	41.1235	-3.95e+07	41	3926.391	951109.6	1330692	40_ATP2A3	1	5	2	5.05	5	1	5	-.3253741	-.1153556	-.0639882	.521468	-.0896424		-.1177699	1.833915	-1.718451	-.0716793	-.9299809	.2043305	-.2364492	-.0938433	-.0703373	.452452	-.7422367	.0578776	-.1548709	-.3957253	-.8694237	.2334853	.7112601	.9881546	-.0772036	.2733094	-1.053073	.019283	.9881546	1.608653
InsH2Bfabp_CD15_10dpf_VAST02_plate02_ATP2A3_201211_H02	201211	2	NH367	insH2Bfabp	CD15	ATP2A3	1	0	0	2	1	10	1	1	2	12.839186	16.878682	9.2282013	5.8190616	18.316276	1	10	59															147	476640	10808	8432.3179	7655.8562	9.11e+07	-619.2662	-4695750	21	3476.774	829282.6	1133364	40_ATP2A3	1	5	2	3.4	5	1	5	-1.503722	-1.045226	-1.002035	-1.685788	-.8452716	-1.773856	-.4164465	.0477635	.4972006	.1196481	-.7124431	.2533471	-.5956607	.4871272	.260611	.3248653	-.1410246													
InsH2Bfabp_CD15_10dpf_VAST02_plate03_ATP2A3_201211_F03	201211	3	NH439	insH2Bfabp	CD15	ATP2A3	1	0	0	2	1	10	.89057	1	2	6.8684004	15.755705	11.416332	6.1593576	14.029488	1	33	131	198520	5365	4066	6894	2195	37	1.424e+09	1	2682043	95749	127	222	148	93	152	371270	10898	9538.8331	7893.1499	1.04e+08	196.7466	3156008	46	3468.132	746409.6	980568.3	40_ATP2A3	1	5	3	10.21667	5	1	5	-1.588183	-2.162077	-1.951308	-1.241867	-1.951308	-2.136868	-.3324052	-.2287701	-.7124431	.3406948	-.0956362	-.9299809	-1.548528	.5270904	.3094104	.532558	.0938433	-1.122762	-1.481544	-.9271548	-1.608653	-.7112601	-.1940281	-.0772036	-.9881546	-1.37468	-.2733094	-.7112601	-1.053073	-1.020076
InsH2Bfabp_CD15_10dpf_VAST02_plate03_ATP2A3_201211_H03	201211	3	NH440	insH2Bfabp	CD15	ATP2A3	1	0	0	2	1	10	0	0	1	14.533517	19.873286	13.334909	1.8035688	16.289794	1	34	132															27	917616	2000	16259.961	11935.282	3.25e+07	1969.37	-1.53e+08	9				40_ATP2A3	1	5	3	10.29167	5	1	5								.6820014	0	-1.398694	.5244005	.5800146	1.727309	-1.24006	-1.24006	-.7351237	-2.599139													
InsH2Bfabp_CD15_10dpf_VAST02_plate03_ATP2A3_201211_C01	201211	3	NH420	insH2Bfabp	CD15	ATP2A3	1	0	0	2	1	10	.0292419	0	1	22.677704	8.9838144	14.254558	.0340296	12.938306	1	14	112	439625	5941	4541	7881	2838	74	3.582e+09	1	6124608	192217	166	307	188	135	54	696421	4002	8817.5015	7894.4832	3.53e+07	-526.2172	-6.55e+07	0				40_ATP2A3	1	5	3	8.6	5	1	5								-1.465234	-1.00627	-2.592656	.667016	2.18935	.7734564	-.8054488	-.8382877	-.7044829	-1.100698	1.087257	.9881546	-.313572	-.7112601	.8694237	.313572	.7618428	1.608653	.9881546	1.481544	1.238894	.4377901	1.19838
InsH2Bfabp_CD15_10dpf_VAST02_plate02_ATP2A3_201211_C04	201211	2	NH376	insH2Bfabp	CD15	ATP2A3	1	0	0	2	1	10	.0385655	0	1	14.44021	17.695392	19.756596	3.9474336	19.4854	1	19	68															75	674958	6078	8006.3486	6967.2316	4.87e+07	-202.1997	-3.28e+07	0	4291.988	1092885	1522442	40_ATP2A3	1	5	2	4.233333	5	1	5	.8824176	.920823	1.090461	-.2454314	.1930258	-.3186394	-.0391761	.2165341	.8761429	-.4307273	1.337828	.5519941	.6238741	-.5003588	-.5136787	-.426407	-.5956607													
InsH2Bfabp_CD15_10dpf_VAST02_plate02_ATP2A3_201211_F01	201211	2	NH358	insH2Bfabp	CD15	ATP2A3	1	0	0	2	1	10	1	1	2	12.592874	17.0148	9.9734341	5.8530912	24.551604	1	1	50	501656	5902	4773	7672	2032	85	3.871e+09	1	5365513	183845	165	280	184	116	111	600233	9783	8453.4956	7276.6063	8.27e+07	-133.799	-5194978		4002.26	1019642	1466680	40_ATP2A3	1	5	2	2.7	5	1	5	-.0639882	.3253741	.611579	.2454314	.960637	-.205788	.2776904	.0836517	1.622194	.167894	-.4972006	.2043305	.2849259	-.0585996	.1174013	.250906	-.2124247	2.423196	1.608653	-.3543496	-.2334853	1.19838	.1940281	-.4377901	.8694237	.8144545	1.281552	.6624353	.2733094	-.0385731
InsH2Bfabp_CD15_10dpf_VAST02_plate02_ATP2A3_201211_H03	201211	2	NH373	insH2Bfabp	CD15	ATP2A3	1	0	0	2	1	10	.9846289	1	2	10.622383	25.862496	16.569537	4.1516112	13.63978	1	16	65	253265	6494	5723	10847	4277	39	2.954e+09	1	1890662	104177	95	185	147	116	165	466998	13666	10655.031	8492.6142	1.46e+08	579.0613	3.23e+07	12	3642.678	804818.4	1127712	40_ATP2A3	1	5	2	4	5	1	5	-1.241867	-1.299194	-1.090461	-2.162077	-1.090461	-.0408803	1.176029	1.622194	-.8247319	-.3533721	1.088917	-.1437292	-.6818606	.6818606	.8054488	.9737339	.8382877	-.8694237	-.8144545	.2334853	.4806444	.4806444	1.481544	2.423196	-1.481544	-1.122762	-1.481544	-1.37468	-1.122762	-.0385731
InsH2Bfabp_CD15_10dpf_VAST02_plate02_ATP2A3_201211_C08	201211	2	NH405	insH2Bfabp	CD15	ATP2A3	1	0	0	2	1	10	.9954914	1	2	15.425456	18.307925	9.6563137	5.1724992	31.332523	1	48	97	439601	7090	5460	7573	2191	62	3.341e+09	1	5138068	211913	151	262	231	125	124	600610	10240	7314.8692	6194.9859	7.49e+07	51.72819	9644272	60	4225.788	1011567	1430493	40_ATP2A3	1	5	2	6.95	5	1	5	.6744897	.2191533	.4074555	1.188354	.4074555	2.546865	1.125407	.2656923	1.980752	-.0238749	-.6229257	.7279133	.3094104	.1885222	.2364492	.1543186	.2124247	.5691847	.9271548	.6624353	.1159498	.8144545	.1159498	-.1159498	.7618428	1.281552	.7112601	.1940281	1.768825	.5920066
InsH2Bfabp_CD15_10dpf_VAST02_plate02_ATP2A3_201211_C02	201211	2	NH363	insH2Bfabp	CD15	ATP2A3	1	0	0	2	1	10	1	1	2	12.100252	18.410014	10.544251	6.3635352	19.797166	1	6	55															41	514600	3763	6212.5528	6211.9318	2.34e+07	-1071.334	-4.22e+07	16	3737.97	945337.5	1323828	40_ATP2A3	1	5	2	3.1	5	1	5	-1.002035	-.1670294	-.1153556	-.7401917	-1.36114	-.1780348	.4450965	.3406948	.948535	.4176672	-.2905068	.0238749	-.2124247	-1.03844	-.9799662	-1.138967	-.8054488													
InsH2Bfabp_CD15_10dpf_VAST02_plate03_ATP2A3_201211_D04	201211	3	NH444	insH2Bfabp	CD15	ATP2A3	1	0	0	2	1	10	0	0	1	17.647471	25.794437	20.422549	3.8113152	16.679502	1	38	136	463850	6103	4233	5957	2006	76	2.777e+09	1	6001882	214111	137	296	243	143	55	635362	5967	8645.5589	6994.274	5.16e+07	403.9044	-3.04e+07	0				40_ATP2A3	1	5	3	10.55833	5	1	5								1.538979	.1196481	-.5244005	1.622194	1.229064	.5136787	-.7577542	-.5679139	-.3498982	-.5679139	1.326678	1.053073	-.1548709	-1.053073	.2733094	-.5691847	-.5244005	1.37468	1.481544	.1940281	.8144545	1.993984	1.426077
InsH2Bfabp_CD15_10dpf_VAST02_plate02_ATP2A3_201211_C05	201211	2	NH382	insH2Bfabp	CD15	ATP2A3	1	0	0	2	1	10	1	1	2	13.947587	26.40697	10.924795	8.167104	18.861867	1	25	74	389929	8124	6006	8071	1981	48	3.017e+09	1	3732964	144556	117	260	193	121	55	539122	3184	7983.604	7585.4606	2.54e+07	-981.7997	-6.89e+07	31	3807.156	938967.3	1357953	40_ATP2A3	1	5	2	4.783333	5	1	5	-.7401917	-.2454314	.0896424	-.3798165	.3661064	1.204851	-.1441061	1.718451	.7593904	1.281552	-.1921572	.3917566	-.04687	-.7577542	-1.058737	-1.012455	-1.292276	-.2933812	.3957253	1.19838	.7618428	.5244005	.5691847	-.6151411	-.2334853	.0772036	-.5920066	.1159498	.6624353	.2533471
InsH2Bfabp_CD15_10dpf_VAST02_plate02_ATP2A3_201211_F06	201211	2	NH393	insH2Bfabp	CD15	ATP2A3	1	0	0	2	1	10	1	1	2							36	85															152	757221	11080	9447.3167	8323.152	1.05e+08	-421.1918	-5120757		4196.651	1072862	1502524	40_ATP2A3	1	5	2	5.516667	5	1	5	.521468	.7742626	.809257	.1670294	.6427163	.435715	.5334097						1.144693	.5270904	.3840592	.5600113	-.1885222													
InsH2Bfabp_CD15_10dpf_VAST02_plate03_ATP2A3_201211_F01	201211	3	NH423	insH2Bfabp	CD15	ATP2A3	1	0	0	2	1	10	.028801	0	1	16.928866	3.9474336	12.859229	2.722368	18.550101	1	17	115															50	708364	4809	12270.973	10523.614	5.90e+07	-291.4099	-9.68e+07	3	4089.389	1032173	1432945	40_ATP2A3	1	5	3	9.033334	5	1	5	.1411454	.4354094	.4354094	.3524647	.521468		-.1970991	-2.18935	.5800146	-.8938006	.4703636	1.026275	.8382877	-.9068503	-.7422367	-.2023762	-1.727309													
InsH2Bfabp_CD15_10dpf_VAST02_plate02_ATP2A3_201211_F03	201211	2	NH371	insH2Bfabp	CD15	ATP2A3	1	0	0	2	1	10	.9330896	1	2	10.006604	16.810622	14.936367	6.5336832	15.276554	1	14	63	493014	6662	5211	8059	2320	74	3.902e+09	1	5673020	171995	177	320	159	128	21	649794	1406	6595.276	6692.2288	9272958	-1276.605	-6.64e+07	11	4190.113	983873	1409931	40_ATP2A3	1	5	2	3.85	5	1	5	.4923825	.1153556	.27188	.4074555	-.4354094		.9066662	-.0238749	-.2780781	.5244005	.8761429	-.2165341	.5405975	-1.408853	-1.475095	-1.543781	-1.144693	1.087257	1.281552	.4377901	-.0385731	1.281552	.5244005	.0385731	1.053073	.6624353	1.768825	1.541986	-.5920066	.8416212
InsH2Bfabp_CD15_10dpf_VAST02_plate02_ATP2A3_201211_C01	201211	2	NH356	insH2Bfabp	CD15	ATP2A3	1	0	0	2	1	10	1	1	2	9.5139812	0	12.684813	6.1933872	16.601561	1	48	48	246475	6012	4236	8389	2335	41	2.019e+09	2	2527014	109135	117	214	187	87	181	432662	13544	7543.7836	6577.3701	1.02e+08	-187.4841	2.89e+07	34	3806.222	833424.7	1123495	40_ATP2A3	1	5	1	2.5	5	1	5	-.7742626	-.960637	-1.138044	.0639882	.6744897	1.773856	-1.176029	-2.592656	.0716793	.3917566	.3406948	-.3155015	-1.100698	.7422367	.7734564	.4788077	.8054488	-.6866431	-.8694237	-.2733094	-.9881546	-.2334853	.8144545	.1159498	-1.122762	-.9271548	-.5920066	-.8694237	.3543496	-1.37468
InsH2Bfabp_CD15_10dpf_VAST02_plate02_ATP2A3_201211_H09	201211	2	NH417	insH2Bfabp	CD15	ATP2A3	1	0	0	2	1	10	.0211986	0	1	14.932833	9.9366432	8.3402644	2.9265456	16.133911	1	11	109															41	612057	2574	7222.7988	7467.8925	1.86e+07	-1598.674	-7.33e+07		4125.565	1116377	1446732	40_ATP2A3	1	5	3	8.2	5	1	5	.2454314	1.241867	.521468	1.802743	.809257	.2617966	.3601299	-1.281552	-.1076344	-.7916386	-1.13317	.652179	.3589585	-1.03844	-1.191022	-1.234595	-1.348275													
InsH2Bfabp_CD15_10dpf_VAST02_plate02_ATP2A3_201211_C06	201211	2	NH390	insH2Bfabp	CD15	ATP2A3	1	0	0	2	1	10	.0326877	0	1	8.0361125	22.731773	10.417403	2.0077464	11.301532	1	33	82	371397	7007	5810	7936	2660	53	2.921e+09	1	4068218	151257	138	269	163	115	5	886616	288	9301.3264	8465.3265	2678782	-741.2366	-1.10e+08		4307.107	1153223	1538622	40_ATP2A3	1	5	2	5.333333	5	1	5	.960637	1.503722	1.241867	1.138044	.8452716	-.1229156	.5637612	1.067571	-1.538979	-1.337828	-.3406948	-.667016	1.63141	-2.599139	-2.599139	-2.595914	-1.988748	.0578776	.313572	.6151411	.5244005	.4377901	.3543496	.5244005	.2733094	.2334853	.2733094	.3749572	-.5024022	-.1548709
InsH2Bfabp_CD15_10dpf_VAST02_plate02_ATP2A3_201211_F07	201211	2	NH400	insH2Bfabp	CD15	ATP2A3	1	0	0	2	1	10	.0125317	0	1	6.5582438	21.472678	7.1986313	7.996956	18.082451	1	43	92	297380	7253	6683	9574	3941	41	2.829e+09	2	3956927	143532	120	307	182	125	60	652706	5152	9588.2083	8722.9433	4.94e+07	-769.7373	-6.88e+07	9	4272.721	1046888	1478075	40_ATP2A3	1	5	2	6.566667	5	1	5	.809257	.5510015	.6427163	.960637	.7742626	1.924054	-.626099	.8938006	.4176672	1.13317	-1.718451	-1.067571	.5679139	-.6967148	-.6818606	-.4006481	-1.24006	-.6866431	-.2733094	.7618428	1.053073	.3543496	1.122762	1.768825	.0772036	0	-.4806444	1.238894	.1940281	.5920066
InsH2Bfabp_CD15_10dpf_VAST02_plate02_ATP2A3_201211_C07	201211	2	NH397	insH2Bfabp	CD15	ATP2A3	1	0	0	2	1	10	1	1	2	7.0508667	30.218285	11.987148	7.2483048	18.472159	1	40	89	301635	7357	5936	7473	2768	41	2.398e+09	1	3113921	137885	122	269	175	93	184	509908	13154	9845.4758	9142.6749	1.30e+08	-1026.318	2559857	31	3767.966	853088.7	1218136	40_ATP2A3	1	5	2	6.233333	5	1	5	-.920823	-.7742626	-.4923825	.6744897	-.2191533	1.004335	-.3049337	1.980752	.5381461	.8587541	.0956362	-.8416212	-.2849259	.8382877	.6818606	.9364207	.0234286	-.6866431	-.1940281	.8694237	.5691847	0	.0385731	.5691847	-.6151411	-.1548709	-.3543496	.3749572	-.2137151	-1.020076
InsH2Bfabp_CD15_10dpf_VAST02_plate02_ATP2A3_201211_H06	201211	2	NH395	insH2Bfabp	CD15	ATP2A3	1	0	0	2	1	10	1	1	2							38	87															202	527364	16016	5474.9043	4236.29	8.77e+07	609.6602	6.34e+07	37	3445.746	877178.9	939400.9	40_ATP2A3	1	5	2	5.933333	5	1	5	-1.685788	-.4923825	-2.568836	2.568836	.5810237	.2901008	-2.153875						-.1174013	1.215176	1.24006	.3000344	1.548528													
InsH2Bfabp_CD15_10dpf_VAST02_plate03_ATP2A3_201211_E04	201211	3	NH445	insH2Bfabp	CD15	ATP2A3	1	0	0	2	1	10	1	1	2	16.928866	22.11924	25.639178	2.1438648	12.860364	1	39	137	236296	6218	6364	6683	2132	38	1.527e+09	1	2722144	110941	113	228	168	106	78	621996	6196	8934.7607	8195.2049	5.54e+07	-777.111	-5.18e+07	34	4366.045	1097864	1522831	40_ATP2A3	1	5	3	10.61667	5	1	5	1.045226	.960637	1.138044	.4923825	1.685788	1.263188	.7941926	.9674216	-1.0467	-1.229064	2.592656	1.026275	.4350152	-.4094043	-.4871272	-.2265744	-.9068503	-.9881546	-1.053073	0	.9271548	-.6151411	-.313572	-.313572	-.9271548	-.8144545	-.8979152	-.4806444	-.3543496	-.3543496
