filename	date	plate	index	line	diet	Exp	overfeeding	cholesterol	glucose	VAST	Imaged	age	cbsa_nwt	cbsa_dich	cbsb_nwt	cbsb_dich	cbs_dich	qRNA	protein	ldl	gluc	tc	tg	Anders_batch	pos_bio	Löpnr	Volume	CellVolume_Av	CellVolume_Stdev	CellInt_Av	CellInt_Stdev	NrCells	CellInt_Tot	isletNr	IV	ISA	IED	IPAL1	IPAL2	IPAL3	LiverLipN	LiverArea	LiverLipArea	LiverLipInt_Av	LiverLipIntBG	LiverLipInt_Tot	LiverLipInt_Av_Res	LiverLipInt_Tot_Res	vld_area	length	dorsal_area	lateral_area	file	batch	tank	batch_bio	tod	tank_n	batch_n	nr_tanks	intlength	intdorsal_area	intlateral_area	intangle	inteye_area	intcurvature	intpig_dorsal_tail	intldl	inttg	inttc	intgluc	intprotein	intLiverArea	intLiverLipN	intLiverLipArea	intLiverLipInt_Tot	intLiverLipInt_Tot_Res	intNrCells	intVolume	intCellVolume_Av	intCellVolume_Stdev	intCellInt_Tot	intCellInt_Av	intCellInt_Stdev	intIV	intISA	intIED	intIPAL1	intIPAL2	intIPAL3
InsH2Bfabp_CD15_10dpf_VAST02_plate01_CBS_200816_D05	200816	1	NA662	insH2Bfabp	CD15	CBS	1	0	0	2	1	10	.041175	0	.0437536	0	0	1		1.0889472	.38054438	.3743256	.779416	1	16	163	331470	6138	5555	6353	1904	54	1.992e+09	2	2852759	117521	118	233	154	122	59	373278	4633	34722.944	29886.56	1.61e+08	-394.752	-4.29e+08	48	3636.405	808721.3	1100556	5_CBS	1	1	2	4.733333	1	1	7	-1.505968	-1.898029	-1.672937	-1.672937	-1.37281	-1.113937	-1.340755	-.0545189	-.4709434	-.1274924	-.145827		-1.080319	-.3054808	-.3054808	1.080319	-1.554774	-.4484255	-.9420758	-.5578848	-.6744897	-2.069902	-1.574445	-1.574445	-1.574445	-1.303783	-1.303783	-1.104836	-1.426077	-.2434042
InsH2Bfabp_CD15_10dpf_VAST02_plate01_CBS_200816_A03	200816	1	NA644	insH2Bfabp	CD15	CBS	1	0	0	2	1	10	0	0	.0793715	0	0	1		.6125328	.12684813	.2382072	1.0911824	1	47	145																								4639.936	1289510	1666491	5_CBS	1	1	1	3.516667	1	1	7	1.37281	.9051525	.9929082	1.073562	.1903223	-.206072	1.036433	-.9109555	-.1092005	-.6859357	-1.51239																			
InsH2Bfabp_CD15_10dpf_VAST02_plate01_CBS_200816_A06	200816	1	NA666	insH2Bfabp	CD15	CBS	1	0	0	2	1	10	.3174035	1	.8439702	1	1	4	6.9763289	.9868584	.23784024	.2382072	.2338248	1	20	167																								3711.968	865500.2	1100706	5_CBS	1	1	2	4.983333	1	1	7	-1.073562	-1.496147	-1.505968	.0947312	-1.161883	-1.871871	-1.126391	-.4507442	-1.090797	-.6859357	-.9674216	-1.348744																		
InsH2Bfabp_CD15_10dpf_VAST02_plate01_CBS_200816_A04	200816	1	NA652	insH2Bfabp	CD15	CBS	1	0	0	2	1	10	0	0	0	0	0	1	4.8941393	1.0549176	.17441618	.3062664	1.558832	1	6	153	852469	10148	7865	8269	2243	84	7.051e+09	1	7525961	278360	171	328	195	154	73	812932	7024	17383.001	15332.327	1.22e+08	-724.5682	-1.62e+08					5_CBS	1	1	2	4.055555	1	1	7								-.1826502	.4507442	-.4507442	-1.407024	-1.973953	1.281552	.0501536	.3054808	.9153651	-.9153651	1.574445	2.069902	1.574445	1.303783	.6744897	-1.303783	-1.303783	1.303783	2.069902	1.104836	1.303783	.0482231	1.303783
InsH2Bfabp_CD15_10dpf_VAST02_plate01_CBS_200816_A07	200816	1	NA669	insH2Bfabp	CD15	CBS	1	0	0	2	1	10	.0571946	0	0	0	0	1	5.1254937	.85074	.58667259	.2382072	.6235328	1	23	170																								4874.715	1393871	1751562	5_CBS	1	1	2	5.633333	1	1	7	2.34813	1.663793	1.672937	1.505968	.9929082	.8636957	1.340755	-.7326562	-.6631314	-.6859357	.4108815	-1.746955																		
InsH2Bfabp_CD15_10dpf_VAST02_plate01_CBS_200816_B07	200816	1	NA670	insH2Bfabp	CD15	CBS	1	0	0	2	1	10	.44438	1	1	1	1	4		.2722368	.0951361	.0680592	.1558832	1	24	171															73	361447	5184	45064.453	39079.041	2.34e+08	-796.8726	-5.49e+08		4058.042	944275.8	1204573	5_CBS	1	2	2	5.7	2	1	7	-.2876889	-.7050659	-.9929082	1.672937	-.2876889	.206072	-.8778963	-1.31531	-1.572037	-2.444812	-2.183684		-1.554774	.0501536	0	1.281552	-2.053749													
InsH2Bfabp_CD15_10dpf_VAST02_plate01_CBS_200816_H01	200816	1	NA636	insH2Bfabp	CD15	CBS	1	0	0	2	1	10	.3016695	1	1	1	1	4	3.6216901	.2041776	.19027219	.1361184	.5455912	1	39	137															153	483790	12640	29804.878	26520.338	3.77e+08	-1378.578	-1.42e+08		4078.897	1105924	1373983	5_CBS	1	2	1	2.983333	2	1	7	-.1903223	.0723697	-.2876889	.4393922	-.2387225	.9405437	.6744897	-1.51239	-.8313125	-1.457685	-1.233495	-2.405983	-.5244005	1.281552	1.281552	1.554774	-.7721932													
InsH2Bfabp_CD15_10dpf_VAST02_plate01_CBS_200816_G05	200816	1	NA665	insH2Bfabp	CD15	CBS	1	0	0	2	1	10	0	0	0	0	0	1		.5785032	.11099211	.1361184	.2338248	1	19	166															50	202016	4445	22203.266	18117.877	9.87e+07	840.1108	-2.44e+08		3953.945	893971.9	1168371	5_CBS	1	2	2	4.916667	2	1	7	-.6020065	-1.150349	-1.260339	.7824294	-1.672937	-.5361763	-1.226528	-.9674216	-1.090797	-1.457685	-1.711675		-2.053749	-.4676988	-.4124631	.7721932	-1.281552													
InsH2Bfabp_CD15_10dpf_VAST02_plate01_CBS_200816_F08	200816	1	NA678	insH2Bfabp	CD15	CBS	1	0	0	2	1	10	.0375006	0	.0779502	0	0	1	6.8606517	.1020888	.57081658	.1361184	.1558832	1	32	179																								4644.613	1308023	1692555	5_CBS	1	3	2	6.383333	3	1	7	1.505968	1.249346	1.260339	1.906358	.7824294	1.465234	1.126391	-2.019086	-1.572037	-1.457685	.3330051	-1.456837																		
InsH2Bfabp_CD15_10dpf_VAST02_plate01_CBS_200816_C04	200816	1	NA654	insH2Bfabp	CD15	CBS	1	0	0	2	1	10	0	0	0	0	0	1	9.6369046	1.4292432	.44396845	.510444	1.8705984	1	8	155	633199	8674	6474	13345	3481	73	8.189e+09	1	4789742	216595	137	260	190	178									10	4001.251	933165.3	1332696	5_CBS	1	3	2	4.2	3	1	7	-.4921101	-.8347719	-.5462332	-.9182451	-.3373553	.1024905	-.1763742	.8313125	.9968433	.6406669	.0727199	-1.170163						.8694237	1.303783	.5578848	.0482231	.9420758	-.2434042	-.4484255	-.1451209	.9420758	-.2933812	-.2434042	-.1451209	2.069902
InsH2Bfabp_CD15_10dpf_VAST02_plate01_CBS_200816_C02	200816	1	NA638	insH2Bfabp	CD15	CBS	1	0	0	2	1	10	.050579	0	.0285672	0	0	1		.340296	.26955227	.170148	.5455912	1	41	139	484981	7698	6647	10691	2599	63	5.445e+09	2	4585646	169515	148	264	186	121										3695.408	848154	1140093	5_CBS	1	3	1	3.133333	3	1	7	-1.260339	-1.663793	-1.37281	-1.073562	-2.34813	-.9405437	-.6744897	-1.233495	-.8313125	-1.027154	-.8572543							.1451209	.4484255	.2434042	.2434042	-.3441025	-.8010945	-1.104836	-.2434042	-.0482231	.2434042	-.1451209	-.3441025	-.4484255
InsH2Bfabp_CD15_10dpf_VAST02_plate01_CBS_200816_F04	200816	1	NA657	insH2Bfabp	CD15	CBS	1	0	0	2	1	10	.4275952	1	1	1	1	4		.85074	.19027219	.2722368	1.0911824	1	11	158	531526	7281	5506	11863	2953	73	6.185e+09	1	5319627	168078	170	238	184	145	138	594354	10622	41638.958	33472.18	4.42e+08	2330.6	-2.22e+08		4038.967	998736.9	1304000	5_CBS	1	3	2	4.383333	3	1	7	-.3373553	-.4219289	-.6020065	.7197189	-.6020065	-.2586331	-.9541653	-.7326562	-.1092005	-.5327554	-1.233495		-.1004337	1.080319	1.080319	2.053749	-1.080319	.8694237	.5578848	-.0482231	-.8010945	.0482231	-.4484255	-.8010945	.1451209	-.3441025	.8694237	-.9420758	-.4484255	.8694237
InsH2Bfabp_CD15_10dpf_VAST02_plate01_CBS_200816_C03	200816	1	NA646	insH2Bfabp	CD15	CBS	1	0	0	2	1	10	0	0	.0921779	0	0	1		.85074	.38054438	.2382072	1.169124	1	49	147	792831	8712	7760	15010	4607	91	1.151e+10	1	7372613	226703	192	269	227	142										4413.807	1228170	1568828	5_CBS	1	3	1	3.65	3	1	7	.7197189	.5299395	.2387225	1.260339	.2387225	1.113937	1.880794	-.7326562	.018165	-.6859357	-.145827							2.069902	1.574445	.8010945	.9420758	1.574445	.3441025	.0482231	1.104836	1.303783	2.069902	-.0482231	1.574445	.5024022
InsH2Bfabp_CD15_09dpf_VAST02_plate01_CBS_200903_C07	200903	1	NA544	insH2Bfabp	CD15	CBS	1	0	0	2	1	9	.4084568	1	1	1	1	4	12.098749	.9868584	.41225642	.3743256	.8573576	1	45	45	326055	7953	7789	14058	5728	41	4.530e+09	1	2130492	97389	93	246	154	101									4	4165.158	1089505	1439988	5_CBS	2	4	3	6.25	4	2	7	0	.0241045	0	-.3878687	-.9929082	1.635039	-.227545	-.4507442	-.3911963	-.1274924	0	-.779842						-1.426077	-1.104836	.3441025	1.104836	-.6744897	-.0482231	.6744897	-2.069902	-2.069902	-2.069902	-.4484255	-1.426077	-1.303783
InsH2Bfabp_CD15_09dpf_VAST02_plate01_CBS_200903_G06	200903	1	NA541	insH2Bfabp	CD15	CBS	1	0	0	2	1	9	0	0	0	0	0	1	22.711576	1.4632728	.33297634	.6125328	.6235328	1	42	42																							0				5_CBS	2	4	3	5.408333	4	2	7								.9388143	-.6631314	1.31531	-.5119362	.779842																		
InsH2Bfabp_CD15_09dpf_VAST02_plate01_CBS_200903_A04	200903	1	NA522	insH2Bfabp	CD15	CBS	1	0	0	2	1	9	.0532156	0	.0338535	0	0	1	27.874573	1.5993912	1.014785	.6125328	1.7147152	1	23	23																							0	4451.958	1197097	1646812	5_CBS	2	4	3	3.116667	4	2	7	.8483799	.3186394	.8483799	.2876889	.7197189	.5361763	.0752699	1.457685	.6859357	1.31531	1.711675	1.456837																		
InsH2Bfabp_CD15_09dpf_VAST02_plate01_CBS_200903_C01	200903	1	NA501	insH2Bfabp	CD15	CBS	1	0	0	2	1	9	0	0	0	0	0	1	29.738988	2.0758056	.71352072	.7826808	2.4161896	1	2	2																							0				5_CBS	2	4	3	1.558333	4	2	7								2.444812	1.796193	2.019086	.6859357	1.746955																		
InsH2Bfabp_CD15_09dpf_VAST02_plate01_CBS_200903_E10	200903	1	NA568	insH2Bfabp	CD15	CBS	1	0	0	2	1	9	0	0	0	0	0	1	21.133993	1.531332	.76108877	.5785032	1.3250072	1	20	69																							0				5_CBS	2	4	4	7.866666	4	2	7								1.233495	.1826502	1.05844	.8572543	.4830894																		
InsH2Bfabp_CD15_09dpf_VAST02_plate01_CBS_200903_A03	200903	1	NA515	insH2Bfabp	CD15	CBS	1	0	0	2	1	9	0	0	0	0	0	1	24.145742	1.2931248	.68180869	.7486512	1.4808904	1	16	16																							0	4400.869	1210779	1638796	5_CBS	2	4	3	2.45	4	2	7	.6597193	.4219289	.7197189	.1903223	.9182451	1.214676	.4958504	.4709434	.3330051	1.796193	.5966746	.8946621																		
InsH2Bfabp_CD15_09dpf_VAST02_plate01_CBS_200903_E01	200903	1	NA503	insH2Bfabp	CD15	CBS	1	0	0	2	1	9	.4402766	1	1	1	1	4	16.688079	1.020888	.34883235	.6125328	1.0132408	1	4	4	341694	7270	5446	20905	8539	47	6.976e+09	2	3976611	136365	160	221	168	137	84	785000	7094	2566.4856	2251.3375	1.82e+07	-252.7958	8500683	0	4005.118	1020689	1369975	5_CBS	2	4	3	1.7	4	2	7	-.4393922	-.2683089	-.3373553	-.7824294	.6597193	-1.635039	-.4399132	-.2948402	-.2197229	1.31531	-.3330051	-.224227	.9153651	.4124631	.4124631	-.1004337	.9153651	-.8010945	-.6744897	-.1451209	-.9420758	.5578848	1.303783	2.069902	-.8010945	-.6744897	.6744897	-1.574445	-.9420758	.3441025
InsH2Bfabp_CD15_09dpf_VAST02_plate01_CBS_200903_A08	200903	1	NA549	insH2Bfabp	CD15	CBS	1	0	0	2	1	9	0	0	0	0	0	1	11.381666	.5444736	.38054438	.3743256	.779416	1	1	50																							10	3818.99	1023949	1362872	5_CBS	2	4	4	6.6	4	2	7	-.8483799	-.2186495	-.3878687	-.8483799	-.0947312	-.477996	-.7388468	-1.027154	-.4709434	-.1274924	-.145827	-.9567178																		
InsH2Bfabp_CD15_09dpf_VAST02_plate01_CBS_200903_E08	200903	1	NA552	insH2Bfabp	CD15	CBS	1	0	0	2	1	9	0	0	0	0	0	1	19.269578	.0340296	.34883235	.1361184	.2338248	1	4	53																							0	4453.079	1259438	1645256	5_CBS	2	4	4	6.816667	4	2	7	.9182451	.7050659	.7824294	.3373553	.2876889		.8064212	-2.444812	-1.090797	-1.457685	-.3330051	.1419788																		
InsH2Bfabp_CD15_09dpf_VAST02_plate01_CBS_200903_C08	200903	1	NA550	insH2Bfabp	CD15	CBS	1	0	0	2	1	9	.4474368	1	1	1	1	4	16.544663	1.0889472	.28540829	.4423848	.8573576	1	2	51																							0	3828.36	910854.5	1237187	5_CBS	2	4	4	6.683333	4	2	7	-.7824294	-.9803303	-.9182451	-1.906358	-1.505968	-1.214676	-.1256613	-.0545189	-.3911963	.2197229	-.8059185	-.2658918																		
InsH2Bfabp_CD15_09dpf_VAST02_plate01_CBS_200903_B01	200903	1	NA500	insH2Bfabp	CD15	CBS	1	0	0	2	1	9	0	0	0	0	0	1	14.680247	1.4973024	.31712032	.680592	1.2470656	1	1	1	350621	5394	5599	10223	2745	65	3.873e+09	1	4871714	169195	137	327	158	134	191	754668	13844	3799.8895	3634.3903	5.26e+07	-635.8223	1.39e+07	0	4029.247	1017055	1429491	5_CBS	2	5	3	1.483333	5	2	7	-.3878687	-.3186394	-.0947312	-.3373553	.0473125	-.6585199	-.3853205	1.05844	.0909451	1.637868	-.6631314	-.4381324	.7721932	1.554774	1.554774	.5244005	1.554774	.3441025	-.4484255	-1.104836	-.5578848	-.8010945	-.9420758	-.9420758	-.0482231	-.1451209	-.2933812	1.104836	-1.104836	.1940281
InsH2Bfabp_CD15_09dpf_VAST02_plate01_CBS_200903_D08	200903	1	NA551	insH2Bfabp	CD15	CBS	1	0	0	2	1	9	0	0	0	0	0	1	14.106581	.1361184	.33297634	.1361184	.1558832	1	3	52	631070	10518	8671	21539	7942	60	1.375e+10	1	6077427	225460	139	315	223	121										4299.497	1189545	1594070	5_CBS	2	5	4	6.75	5	2	7	.2387225	.2683089	.3878687	1.37281	-.8483799		.5533847	-1.711675	-1.572037	-1.457685	-.5119362	-.529045						-.0482231	1.104836	2.069902	2.069902	2.069902	1.574445	1.303783	.5578848	1.104836	-.0482231	.9420758	1.303783	-.4484255
InsH2Bfabp_CD15_09dpf_VAST02_plate01_CBS_200903_D06	200903	1	NA538	insH2Bfabp	CD15	CBS	1	0	0	2	1	9	0	0	0	0	0	1	12.385582	.7826808	.45982446	.340296	.9352992	1	39	39	567174	8862	8006	10903	2964	64	6.232e+09	2	8710765	213372	180	287	208	155	125	543296	9984	2848.0897	2496.5753	2.84e+07	-257.811	1.36e+07	0	3856.731	934810.2	1261592	5_CBS	2	5	3	4.566667	5	2	7	-.6597193	-.7683021	-.7824294	-1.161883	-.4921101	-.8636957	-.5533847	-.8572543	-.2948402	-.3138655	.1274924	-.726158	-.3054808	.7721932	.9153651	.3054808	1.281552	.2434042	.9420758	.9420758	1.574445	.1451209	-.6744897	-.6744897	2.069902	.8010945	1.574445	.2434042	.6744897	1.574445
InsH2Bfabp_CD15_09dpf_VAST02_plate01_CBS_200903_H03	200903	1	NA521	insH2Bfabp	CD15	CBS	1	0	0	2	1	9	0	0	0	0	0	1	17.405162	1.2250656	.34883235	.5444736	.3117664	1	22	22	280252	7006	5835	15796	4812	40	4.573e+09	1	2945055	109402	136	210	169	95	97	738240	7913	3440.7821	3558.3623	2.72e+07	-906.0726	-9902182	1	4138.523	1004045	1405385	5_CBS	2	5	3	2.883333	5	2	7	-.0473125	-.3697907	-.1423641	-.6597193	.0947312	-.1540745	-1.036433	.3138655	-.9109555	.8837863	-.3330051	-.1829481	.6433454	.6433454	.6433454	.2018935	.3054808	-2.069902	-1.303783	-.2434042	-.4484255	-.5578848	.5578848	.1451209	-1.303783	-1.574445	-.4484255	-2.069902	-.8010945	-2.069902
InsH2Bfabp_CD15_09dpf_VAST02_plate01_CBS_200903_F05	200903	1	NA533	insH2Bfabp	CD15	CBS	1	0	0	2	1	9	.3816785	1	1	1	1	4	20.273494	1.0549176	1.1574892	.510444	1.3250072	1	34	34	197532	4390	4307	13857	3647	45	2.835e+09	1	4137320	119436	123	243	189	116									31	4282.921	1167249	1578847	5_CBS	2	5	3	4.25	5	2	7	.1903223	.1695239	.3373553	-.0947312	-.3878687	-.7916386	-.3318534	-.1826502	.1826502	.6406669	2.444812	.2658918						-.9420758	-2.069902	-2.069902	-2.069902	-1.303783	-.1451209	-.3441025	-.6744897	-1.104836	-.9420758	-.5578848	-.2434042	-.9420758
InsH2Bfabp_CD15_09dpf_VAST02_plate01_CBS_200903_B07	200903	1	NA543	insH2Bfabp	CD15	CBS	1	0	0	2	1	9	0	0	0	0	0	1	19.986661	.85074	.7928008	.2041776	1.8705984	1	44	44																							0	4578.6	1220021	1672412	5_CBS	2	5	3	6.183333	5	2	7	1.161883	.4752407	1.161883	.9929082	1.073562	.4213913	-.8064212	-.7326562	.9968433	-.8572543	.9968433	.1829481																		
InsH2Bfabp_CD15_09dpf_VAST02_plate01_CBS_200903_B02	200903	1	NA508	insH2Bfabp	CD15	CBS	1	0	0	2	1	9	.3525824	1	1	1	1	4	11.955332	.9868584	.20612821	.510444	.9352992	1	9	9	339185	6057	6773	16505	6536	56	5.453e+09	1	3879109	133461	129	222	196	113	135	609668	9753	3115.7195	2893.8352	3.04e+07	-454.4753	7201188	0	3766.964	887736.2	1270130	5_CBS	2	5	3	2	5	2	7	-.9929082	-1.249346	-.6597193	-.7197189	-1.906358	-.1024905	-.279319	-.4507442	-.2948402	.6406669	-1.090797	-.835874	.1004337	.9153651	.7721932	.4124631	.6433454	-.2434042	-.8010945	-.6744897	.4484255	-.2434042	.6744897	1.104836	-.9420758	-.8010945	-.5578848	-1.303783	.1451209	-1.104836
InsH2Bfabp_CD15_09dpf_VAST02_plate01_CBS_200903_F08	200903	1	NA553	insH2Bfabp	CD15	CBS	1	0	0	2	1	9	0	0	0	0	0	1	21.994493	1.8375984	.41225642	.170148	1.7147152	1	5	54																							0	4637.165	1299320	1657728	5_CBS	2	5	4	6.883333	5	2	7	1.260339	1.061503	.9182451	0	.8483799	.3661064		2.019086	.6859357	-1.027154	0	.5761465																		
InsH2Bfabp_CD15_09dpf_VAST02_plate01_CBS_200903_H02	200903	1	NA514	insH2Bfabp	CD15	CBS	1	0	0	2	1	9	0	0	0	0	0	1	22.568159	1.5993912	.71352072	.85074	1.7147152	1	15	15																							0	4258.029	1172782	1565030	5_CBS	2	5	3	2.4	5	2	7	.0947312	.2186495	.1903223	-.0473125	.3373553	.051178	.227545	1.457685	.6859357	2.444812	.6859357	.726158																		
InsH2Bfabp_CD15_09dpf_VAST02_plate01_CBS_200903_D02	200903	1	NA510	insH2Bfabp	CD15	CBS	1	0	0	2	1	9	.0479538	0	.0388508	0	0	1	15.540747	.1361184	.34883235	.4423848	.6235328	1	11	11	367623	7503	6681	18376	6049	49	6.545e+09	1	4527563	168708	128	280	180	130	79	641558	6730	2582.2432	2229.2777	1.74e+07	-211.2559	8135375	0	4114.779	1042102	1433289	5_CBS	2	5	3	2.133333	5	2	7	-.1423641	-.1208042	-.0473125	.6597193	.3878687	-1.329529	-.0752699	-1.711675	-.6631314	.2197229	-.3330051	-.3940442	.3054808	.2533471	.2018935	-.2018935	.7721932	-.6744897	-.3441025	.0482231	.3441025	.4484255	1.104836	.8010945	-.3441025	-.2434042	-.7363159	.1451209	-.5578848	-.0482231
InsH2Bfabp_CD15_10dpf_VAST02_plate01_CBS_200904_E07	200904	1	NA618	insH2Bfabp	CD15	CBS	1	0	0	2	1	10	.0372897	0	.0283749	0	0	1	19.246311	1.4292432	.25369626	.4764144	2.5720728	1	21	119																							0	4757.542	1346722	1762463	5_CBS	2	6	5	6.683333	6	2	7	1.672937	1.496147	1.906358	.4921101	1.37281	1.329529	1.226528	.8313125	2.019086	.3911963	-.9109555	.1012464																		
InsH2Bfabp_CD15_10dpf_VAST02_plate01_CBS_200904_G09	200904	1	NA633	insH2Bfabp	CD15	CBS	1	0	0	2	1	10	.0591207	0	.0350126	0	0	1	20.73802	1.531332	.87208088	.4423848	1.7926568	1	36	134																							0	4300.411	1201643	1555385	5_CBS	2	6	5	7.733333	6	2	7	.2876889	.3697907	.1423641	.8483799	.1423641			1.233495	.8572543	.2197229	1.159195	.4381324																		
InsH2Bfabp_CD15_10dpf_VAST02_plate01_CBS_200904_C09	200904	1	NA629	insH2Bfabp	CD15	CBS	1	0	0	2	1	10	1	1	1	1	1	4	10.743573	1.1570064	.0951361	.4764144	1.0911824	1	32	130															35	457202	2432	3215.6308	3183.4888	7820414	-693.094	-2.14e+07	0	3513.707	992830.2	1055426	5_CBS	2	6	5	7.483333	6	2	7	-1.906358	-.5299395	-1.906358	-.4921101	-.0473125	.5962318	-2.326348	.1642108	-.1092005	.3911963	-2.183684	-1.093456	-.7721932	-.7721932	-.7721932	-.7721932	-.6433454													
InsH2Bfabp_CD15_10dpf_VAST02_plate01_CBS_200904_E01	200904	1	NA573	insH2Bfabp	CD15	CBS	1	0	0	2	1	10	.0451347	0	.078974	0	0	1	25.660657	1.2250656	.50739251	.2382072	.2338248	1	25	74	439861	7584	6960	21992	8258	58	1.054e+10	2	5680980	178467	122	369	233	128									0				5_CBS	2	6	4	2.841667	6	2	7								.3138655	-1.090797	-.6859357	.2383699	1.093456						-.1451209	.1451209	.1451209	.6744897	1.303783	2.069902	1.574445	.2434042	.0482231	-1.104836	1.574445	2.069902	-.1451209
InsH2Bfabp_CD15_10dpf_VAST02_plate01_CBS_200904_A01	200904	1	NA569	insH2Bfabp	CD15	CBS	1	0	0	2	1	10	0	0	.0251371	0	0	1	26.555682	1.1229768	.45982446	.170148	.0779416	1	21	70																							0	4558.757	1335163	1697011	5_CBS	2	6	4	2.566667	6	2	7	1.073562	1.362383	1.37281	.5462332	1.672937	2.318758	1.644854	.0727199	-2.444812	-1.027154	.1274924	1.348744																		
InsH2Bfabp_CD15_10dpf_VAST02_plate01_CBS_200904_C01	200904	1	NA571	insH2Bfabp	CD15	CBS	1	0	0	2	1	10	.0392601	0	.0271926	0	0	1	24.765632	1.2250656	.93550494	.510444	1.6367736	1	23	72																							0	4425.905	1246144	1635566	5_CBS	2	6	4	2.7	6	2	7	.7824294	.5862727	.6597193	.1423641	.6020065		.4399132	.3138655	.5327554	.6406669	1.51239	.9567178																		
InsH2Bfabp_CD15_10dpf_VAST02_plate01_CBS_200904_A02	200904	1	NA577	insH2Bfabp	CD15	CBS	1	0	0	2	1	10	0	0	.0353528	0	0	1	25.511486	1.361184	.74523275	.4423848	1.94854	1	29	78															4	875813	338	3182.1479	2649.3427	1075566	-102.2984	-1.70e+07	0				5_CBS	2	6	4	3.15	6	2	7								.6406669	1.159195	.2197229	.8059185	1.022696	1.554774	-1.554774	-1.554774	-1.554774	-.3054808													
InsH2Bfabp_CD15_10dpf_VAST02_plate01_CBS_200904_E09	200904	1	NA631	insH2Bfabp	CD15	CBS	1	0	0	2	1	10	.3867391	1	1	1	1	4	6.7159608	.9868584	.31712032	.3062664	.6235328	1	34	132															14	372380	1248	2530.3237	2430.4888	3157844	-498.3391	-1.03e+07					5_CBS	2	6	5	7.6	6	2	7								-.4507442	-.6631314	-.4507442	-.6631314	-1.585278	-1.281552	-1.080319	-.9153651	-1.080319	.2018935													
InsH2Bfabp_CD15_10dpf_VAST02_plate01_CBS_200904_A05	200904	1	NA600	insH2Bfabp	CD15	CBS	1	0	0	2	1	10	.4648015	1	1	1	1	4	26.406511	1.4632728	.77694478	.5785032	2.2603064	1	3	101	463152	6913	5146	12378	4230	67	5.781e+09	1	6248769	194756	170	277	200	134	45	804062	3401	2993.2764	2853.9351	1.02e+07	-530.2854	-1.22e+07	0	4266.932	1070798	1470120	5_CBS	2	6	5	5	6	2	7	.1423641	-.0723697	.0473125	-.4393922	-.7197189	-.3661064	-.0250689	.9388143	1.457685	1.05844	.9109555	1.254453	1.080319	-.6433454	-.5244005	-.5244005	-.1004337	.5578848	.2434042	-.3441025	-1.104836	-.1451209	-.3441025	-.1451209	.9420758	.3441025	.8694237	.0482231	.4484255	.1940281
InsH2Bfabp_CD15_10dpf_VAST02_plate01_CBS_200904_E02	200904	1	NA581	insH2Bfabp	CD15	CBS	1	0	0	2	1	10	.0374345	0	.0456944	0	0	1	26.10817	1.2931248	.84036885	.4764144	1.7926568	1	33	82																							0	4762.098	1445087	1859721	5_CBS	2	6	4	3.433333	6	2	7	1.906358	1.898029	2.34813	.0473125	2.34813	0	2.326348	.4709434	.8572543	.3911963	1.090797	1.170163																		
InsH2Bfabp_CD15_10dpf_VAST02_plate01_CBS_200904_A07	200904	1	NA614	insH2Bfabp	CD15	CBS	1	0	0	2	1	10	.7777443	1	1	1	1	4	18.052945	1.1229768	.66595267	.5444736	1.2470656	1	17	115	395063	5268	4715	17197	6226	75	6.490e+09	1	5719751	189424	172	294	197	117	242	885498	18008	3340.7642	2938.7192	6.02e+07	-281.8882	3.60e+07	0	3642.157	906757.2	1255401	5_CBS	2	6	5	6.433333	6	2	7	-1.37281	-1.061503	-.8483799	-1.37281	-.9182451	-.3119191	-1.880794	.0727199	.0909451	.8837863	.5327554	-.0606815	2.053749	2.053749	2.053749	.6433454	2.053749	1.303783	-.1451209	-1.574445	-1.574445	.3441025	.9420758	.9420758	.3441025	.2434042	1.303783	.3441025	.2933812	-.7363159
InsH2Bfabp_CD15_10dpf_VAST02_plate01_CBS_200904_A06	200904	1	NA606	insH2Bfabp	CD15	CBS	1	0	0	2	1	10	.3848736	1	1	1	1	4	31.179978	1.4973024	.90379291	.510444	2.2603064	1	9	107																							28				5_CBS	2	6	5	5.427778	6	2	7								1.05844	1.457685	.6406669	1.359737	1.973953																		
InsH2Bfabp_CD15_10dpf_VAST02_plate01_CBS_200904_G02	200904	1	NA583	insH2Bfabp	CD15	CBS	1	0	0	2	1	10	.0437264	0	.0566938	0	0	1	21.782215	1.361184	.7928008	.1361184	.1558832	1	35	84	551483	8895	6802	11595	3767	62	6.360e+09	1	6210742	207543	149	313	172	143									0	4463.083	1304942	1724765	5_CBS	2	6	4	3.566667	6	2	7	.9929082	1.150349	1.505968	-.1423641	1.505968	.7916386	1.475791	.6406669	-1.572037	-1.457685	.9968433	.529045						.0482231	.6744897	1.104836	.5578848	.2434042	-.5578848	-.2434042	.8010945	.6744897	.3441025	.8010945	-.6744897	.6744897
InsH2Bfabp_CD15_10dpf_VAST02_plate01_CBS_200904_C02	200904	1	NA579	insH2Bfabp	CD15	CBS	1	0	0	2	1	10	.3788608	1	1	1	1	4	12.533624	1.0889472	.33297634	.170148	.2338248	1	31	80	401157	9117	7274	15143	5293	44	6.123e+09	1	4508640	166755	128	242	197	145	95	606536	7263	2389.7341	2181.4959	1.74e+07	-347.9205	9116045	0	3708.216	881201.5	1189052	5_CBS	2	6	4	3.3	6	2	7	-1.161883	-1.362383	-1.161883	-2.34813	-.5462332	.7234756	-1.644854	-.0545189	-1.090797	-1.027154	-.5119362	-.6744897	0	.5244005	.5244005	-.3054808	1.080319	-1.104836	-.0482231	1.303783	.8010945	-.0482231	.4484255	.5578848	-.4484255	-.4484255	-.7363159	-.6744897	.2933812	.8694237
InsH2Bfabp_CD15_10dpf_VAST02_plate01_CBS_200904_E08	200904	1	NA624	insH2Bfabp	CD15	CBS	1	0	0	2	1	10	0	0	.0455744	0	0	1	17.903774	1.70148	1.014785	.5785032	1.94854	1	27	125																							0				5_CBS	2	6	5	7.15	6	2	7								1.637868	1.159195	1.05844	1.711675	-.1419788																		
InsH2Bfabp_CD15_10dpf_VAST02_plate01_CBS_200904_E06	200904	1	NA610	insH2Bfabp	CD15	CBS	1	0	0	2	1	10	.0372171	0	.0438365	0	0	1	20.141336	1.3952136	.68180869	.510444	1.6367736	1	13	111															12	569807	1008	2078.7083	2024.254	2095338	-475.1713	-2846113	5	4339.328	1290302	1668285	5_CBS	2	6	5	5.7	6	2	7	.5462332	.9803303	1.073562	.6020065	1.260339	1.871871	.7388468	.7566237	.5327554	.6406669	.5966746	.224227	-.2018935	-1.281552	-1.281552	-1.281552	.5244005													
InsH2Bfabp_CD15_10dpf_VAST02_plate01_CBS_200904_E04	200904	1	NA596	insH2Bfabp	CD15	CBS	1	0	0	2	1	10	0	0	.0474777	0	0	1	22.080557	1.531332	.8879369	.5785032	1.7926568	1	48	97																							0	4306.143	1447375	1623768	5_CBS	2	6	4	4.75	6	2	7	.3373553	2.341027	.5462332	1.161883	-.1423641	.3119191	-1.475791	1.233495	.8572543	1.05844	1.233495	.6245627																		
InsH2Bfabp_CD15_10dpf_VAST02_plate01_CBS_200904_H01	200904	1	NA576	insH2Bfabp	CD15	CBS	1	0	0	2	1	10	.5610107	1	1	1	1	4	18.798799	.9187992	.50739251	.4083552	3.9750216	1	28	77																											5_CBS	2	7	4	3.066667	7	2	7								-.5966746	2.444812	.0545189	.2383699	.0202161																		
InsH2Bfabp_CD15_10dpf_VAST02_plate01_CBS_200904_H04	200904	1	NA599	insH2Bfabp	CD15	CBS	1	0	0	2	1	10	.0465663	0	.0458831	0	0	1	32.671687	1.7355096	.72937674	.6465624	2.1044232	1	2	100	421852	5701	6204	5413	1753	74	2.462e+09	3	7569832	237844	142	372	218	142									0				5_CBS	2	7	5	4.938889	7	2	7								1.796193	1.31531	1.51239	.7566237	2.405983						1.104836	.0482231	-.9420758	-.1451209	-1.574445	-2.069902	-2.069902	1.574445	1.574445	.0482231	2.069902	1.020076	.5024022
InsH2Bfabp_CD15_10dpf_VAST02_plate01_CBS_200904_A09	200904	1	NA627	insH2Bfabp	CD15	CBS	1	0	0	2	1	10	.4924071	1	1	1	1	4	11.191086	.9187992	.41225642	.170148	.6235328	1	30	128																								3306.579	734446.7	946234.8	5_CBS	2	7	5	7.35	7	2	7	-2.34813	-2.341027	-2.34813	-1.260339	-1.260339	-2.318758	.1763742	-.5966746	-.6631314	-1.027154	0	-1.022696																		
InsH2Bfabp_CD15_10dpf_VAST02_plate01_CBS_200904_B07	200904	1	NA615	insH2Bfabp	CD15	CBS	1	0	0	2	1	10	.4495356	1	1	1	1	4	8.9535234	.510444	.4915365	.2382072	.7014744	1	18	116																											5_CBS	2	7	5	6.494444	7	2	7								-1.090797	-.5327554	-.6859357	.1826502	-1.254453																		
InsH2Bfabp_CD15_10dpf_VAST02_plate01_CBS_200904_F09	200904	1	NA632	insH2Bfabp	CD15	CBS	1	0	0	2	1	10	.0364267	0	.0483691	0	0	1	18.052945	1.2590952	.34883235	.340296	2.338248	1	35	133	380630	5287	5880	14811	4919	72	5.081e+09	1	6056699	195769	153	308	202	121									0	4380.94	1254085	1599259	5_CBS	2	7	5	7.666667	7	2	7	.6020065	.6445316	.4393922	.9182451	.4393922	1.023392		.4108815	1.637868	-.3138655	-.3330051	-.0606815						.6744897	-.2434042	-1.303783	-.3441025	-.4484255	.2434042	.2434042	.4484255	.4484255	.4484255	.6744897	.5578848	-.4484255
InsH2Bfabp_CD15_10dpf_VAST02_plate01_CBS_200904_B01	200904	1	NA570	insH2Bfabp	CD15	CBS	1	0	0	2	1	10	.0420364	0	.0280404	0	0	1	20.588849	1.020888	.31712032	.3743256	1.0911824	1	22	71	563298	8535	6511	16941	5200	66	9.549e+09	1	6171634	205446	138	297	194	147	69	712412	4704	3229.4543	3062.021	1.52e+07	-537.3061	-1.15e+07	0	4132.84	1036106	1399299	5_CBS	2	7	4	2.633333	7	2	7	-.0947312	-.1695239	-.1903223	-.2876889	.5462332	-.7234756	.0250689	-.2948402	-.1092005	-.1274924	-.6631314	.3722894	.5244005	-.1509692	-.2018935	-.4124631	0	.4484255	.8010945	.4484255	.1451209	1.104836	.8010945	.3441025	.6744897	.5578848	-.1451209	.5578848	-.0482231	1.104836
InsH2Bfabp_CD15_10dpf_VAST02_plate01_CBS_200904_B03	200904	1	NA586	insH2Bfabp	CD15	CBS	1	0	0	2	1	10	.0439791	0	.034211	0	0	1	20.588849	1.3271544	.53910454	.510444	1.3250072	1	38	87																							0	4338.007	1260425	1625712	5_CBS	2	7	4	3.75	7	2	7	.4921101	.7683021	.6020065	-.1903223	.4921101	.6585199	.279319	.5327554	.1826502	.6406669	.2948402	.3722894																		
InsH2Bfabp_CD15_10dpf_VAST02_plate01_CBS_200904_B04	200904	1	NA593	insH2Bfabp	CD15	CBS	1	0	0	2	1	10	.04311	0	.0332024	0	0	1	27.89822	1.361184	.19027219	.510444	.1558832	1	45	94																							25				5_CBS	2	7	4	4.483334	7	2	7								.6406669	-1.572037	.6406669	-1.233495	1.585278																		
InsH2Bfabp_CD15_10dpf_VAST02_plate01_CBS_200904_D02	200904	1	NA580	insH2Bfabp	CD15	CBS	1	0	0	2	1	10	.0338115	0	.0913984	0	0	1	22.826411	1.1229768	1.0623531	.4764144	1.94854	1	32	81																							7				5_CBS	2	7	4	3.366667	7	2	7								.0727199	1.159195	.3911963	2.019086	.835874																		
InsH2Bfabp_CD15_10dpf_VAST02_plate01_CBS_200904_D08	200904	1	NA623	insH2Bfabp	CD15	CBS	1	0	0	2	1	10	.4735641	1	1	1	1	4	11.93694	1.020888	.3964004	.3062664	1.169124	1	26	124	248206	6054	5034	14635	5218	41	3.462e+09	1	3220390	130541	105	253	213	99	17	525812	1184	2910.0574	2447.4265	3445508	-138.4012	-1.04e+07	27	3854.048	982347.7	1356068	5_CBS	2	7	5	7.083333	7	2	7	-.7197189	-.5862727	-.4393922	-1.505968	-.6597193	-.5962318	-.612813	-.2948402	.018165	-.4507442	-.0727199	-.8946621	-.4124631	-.9153651	-1.080319	-.9153651	.1004337	-1.426077	-1.574445	-.8010945	-1.303783	-1.104836	.1451209	.4484255	-1.104836	-.9420758	-1.574445	-.3441025	.8010945	-1.574445
InsH2Bfabp_CD15_10dpf_VAST02_plate01_CBS_200904_F02	200904	1	NA582	insH2Bfabp	CD15	CBS	1	0	0	2	1	10	.351781	1	.9470682	1	1	4	19.09714	1.0889472	.90379291	.4423848	1.4808904	1	34	83																							0	4323.414		1618146	5_CBS	2	7	4	3.5	7	2	7	.3878687		.4921101	2.34813	1.906358	.477996	.8778963	-.0545189	.3330051	.2197229	1.359737	.0606815																		
InsH2Bfabp_CD15_10dpf_VAST02_plate01_CBS_200904_B08	200904	1	NA621	insH2Bfabp	CD15	CBS	1	0	0	2	1	10	0	0	.0569389	0	0	1	18.052945	1.191036	.58667259	.4083552	1.4808904	1	24	122																							0	4062.614	1075150	1385064	5_CBS	2	7	5	6.95	7	2	7	-.2387225	-.0241045	-.2387225	-.5462332	-.1903223	.1540745	.1256613	.2197229	.3330051	.0545189	.4108815	-.0606815																		
InsH2Bfabp_CD15_10dpf_VAST02_plate01_CBS_200904_D05	200904	1	NA602	insH2Bfabp	CD15	CBS	1	0	0	2	1	10	.529018	1	1	1	1	4	14.025332	.2382072	.22198422	.4083552	1.7147152	1	5	103															79	482459	5377	3623.6241	3330.988	1.95e+07	-457.489	-1.29e+07	0	3986.053	995985.4	1348696	5_CBS	2	7	5	5.15	7	2	7	-.5462332	-.4752407	-.4921101	-.6020065	-1.073562	-1.023392	.3318534	-1.407024	.6859357	.0545189	-1.027154	-.5761465	-.6433454	.2533471	.1004337	0	-.2018935													
InsH2Bfabp_CD15_10dpf_VAST02_plate01_CBS_200904_F04	200904	1	NA597	insH2Bfabp	CD15	CBS	1	0	0	2	1	10	.0430801	0	.0746116	0	0	1	13.130307	.9868584	.11099211	.3743256	1.0911824	1	49	98	348682	6837	5996	9963	3461	51	3.520e+09	1	4210910	143009	155	239	150	132									4	4336.224	1283543	1573524	5_CBS	2	7	4	4.816667	7	2	7	.4393922	.8347719	.2876889	.2387225	1.161883	-.051178	.9541653	-.4507442	-.1092005	-.1274924	-1.711675	-.6245627						-.5578848	-.5578848	-.4484255	-.2434042	-.9420758	-1.104836	-.5578848	-.5578848	-.5578848	.5578848	-.8010945	-2.069902	.0482231
InsH2Bfabp_CD15_10dpf_VAST02_plate01_CBS_200904_D04	200904	1	NA595	insH2Bfabp	CD15	CBS	1	0	0	2	1	10	.0426958	0	.0310976	0	0	1	15.964553	1.2250656	.60252861	.340296	.9352992	1	47	96	479078	8711	6268	14286	4423	55	7.064e+09	2	5170834	188034	143	296	218	117	69	676283	5144	3923.2352	3679.2331	2.02e+07	-564.8862	-1.95e+07	0	3809.466	928454.9	1268306	5_CBS	2	7	4	4.683333	7	2	7	-.9182451	-.9051525	-.7197189	-.9929082	-.7824294	-1.465234	-.4958504	.3138655	-.2948402	-.3138655	.4913366	-.3292913	.4124631	-.1509692	-.1004337	.1004337	-.5244005	-.3441025	.3441025	.6744897	-.0482231	.8010945	.0482231	-.0482231	.0482231	.1451209	.1451209	.4484255	1.020076	-.7363159
InsH2Bfabp_CD15_10dpf_VAST02_plate01_CBS_200904_F01	200904	1	NA574	insH2Bfabp	CD15	CBS	1	0	0	2	1	10	0	0	.0285069	0	0	1	20.439678	.4423848	.58667259	.340296	1.4808904	1	26	75																							0				5_CBS	2	7	4	2.9125	7	2	7								-1.159195	.3330051	-.3138655	.4108815	.3080234																		
InsH2Bfabp_CD15_10dpf_VAST02_plate01_CBS_200904_F06	200904	1	NA611	insH2Bfabp	CD15	CBS	1	0	0	2	1	10	.7218056	1	1	1	1	4	14.323674	1.1570064	.3012643	.3743256	1.4808904	1	14	112															50	444696	3392	2516.0911	2342.1148	8534581	-409.2854	-3076013	0	3585.497	973136.3	1189201	5_CBS	2	7	5	5.833333	7	2	7	-1.672937	-.6445316	-1.073562	-.2387225	-.4393922	-.4213913	.3853205	.1642108	.3330051	-.1274924	-.7566237	-.4830894	-.9153651	-.4676988	-.6433454	-.6433454	.4124631													
InsH2Bfabp_CD15_10dpf_VAST02_plate01_CBS_200904_H07	200904	1	NA620	insH2Bfabp	CD15	CBS	1	0	0	2	1	10	.0444346	0	0	0	0	1	15.964553	1.0549176	.33297634	.4083552	1.6367736	1	23	121																								4218.818	1151443	1508909	5_CBS	2	7	5	6.833333	7	2	7	.0473125	.1208042	.0947312	.3878687	0	.2586331	.612813	-.1826502	.5327554	.0545189	-.5119362	-.3292913																		
InsH2Bfabp_CD15_10dpf_VAST02_plate01_CBS_200904_H02	200904	1	NA584	insH2Bfabp	CD15	CBS	1	0	0	2	1	10	.0398977	0	.0448654	0	0	1	22.378899	1.361184	.36468837	.1020888	.1558832	1	36	85															3	626610	272	2130.5772	2732.6714	579517	-1251.259	-1.92e+07	0				5_CBS	2	7	4	3.633333	7	2	7								.6406669	-1.572037	-2.019086	-.2197229	.6744897	.2018935	-2.053749	-2.053749	-2.053749	-.4124631													
