filename	date	plate	index	line	diet	Exp	overfeeding	cholesterol	glucose	VAST	Imaged	age	N19_nwt	dusp26_dich	qRNA	protein	ldl	gluc	tc	tg	Anders_batch	pos_bio	Löpnr	Volume	CellVolume_Av	CellVolume_Stdev	CellInt_Av	CellInt_Stdev	NrCells	CellInt_Tot	isletNr	IV	ISA	IED	IPAL1	IPAL2	IPAL3	LiverLipN	LiverArea	LiverLipArea	LiverLipInt_Av	LiverLipIntBG	LiverLipInt_Tot	LiverLipInt_Av_Res	LiverLipInt_Tot_Res	vld_area	length	dorsal_area	lateral_area	file	batch	tank	batch_bio	tod	tank_n	batch_n	nr_tanks	intlength	intdorsal_area	intlateral_area	intangle	inteye_area	intcurvature	intpig_dorsal_tail	intldl	inttg	inttc	intgluc	intprotein	intLiverArea	intLiverLipN	intLiverLipArea	intLiverLipInt_Tot	intLiverLipInt_Tot_Res	intNrCells	intVolume	intCellVolume_Av	intCellVolume_Stdev	intCellInt_Tot	intCellInt_Av	intCellInt_Stdev	intIV	intISA	intIED	intIPAL1	intIPAL2	intIPAL3
InsH2Bfabp_CD15_09dpf_VAST02_plate01_DUSP26_200821_F07	200821	1	NB495	insH2Bfabp	CD15	DUSP26	1	0	0	2	1	9	.9913889	1	2	10.530969	.4083552	.25369626	.5785032	4.3647296	1	40	40															192	702334	15008	51851.123	49966.117	7.78e+08	-550.2189	5.95e+07	41	4091.776	1070290	1497709	6_DUSP26	1	1	1	7.216667	1	1	3	-.0696849	.0473125	.6172997	-.0696849	-.5620615	-.5962318	.1631881	.2372021	2.417559	2.417559	-.9778975	.8544474	.4668251	.2981024	.217107	.5109658	.2573935													
InsH2Bfabp_CD15_09dpf_VAST02_plate01_DUSP26_200821_G04	200821	1	NB476	insH2Bfabp	CD15	DUSP26	1	0	0	2	1	9	1	1	2	4.9425155	.4423848	.42811243	.3062664	2.2603064	1	23	23	397066	7636	8814	8999	2595	52	3.716e+09	1	5876082	167071	167	264	179	131	217	658166	16567	35180.995	30663.771	5.83e+08	1698.158	1.25e+08	0	3991.327	1119308	1431644	6_DUSP26	1	1	1	5.633333	1	1	3	-.5620615	.4921101	-.0232116	-.3064536	1.085325	-.6585199	.6744897	.6024495	.5791321	-.0195843	.9165567	-.3422765	.0980721	.7502154	.4668251	.0195843	.4668251	-.5141561	-.0447762	.7318081	2.100166	.0447762	.3186394	-.1346898	1.150349	.3186394	2.100166	.4144133	0	.6744897
InsH2Bfabp_CD15_09dpf_VAST02_plate01_DUSP26_200821_F01	200821	1	NB454	insH2Bfabp	CD15	DUSP26	1	0	0	2	1	9	1	1	2	9.7181031	.340296	.57081658	.340296	3.1956056	1	4	4															87	302654	6882	37819.732	33247.138	2.60e+08	1804.9	-2.32e+08	0	4038.522	983379.5	1343313	6_DUSP26	1	1	1	2.866667	1	1	3	-.4053977	-.7824294	-.5620615	.5084881	.7961826		-.4053977	-.7502154	1.00999	.4450965	1.473468	.6744897	-2.417559	-1.366204	-1.366204	-1.601009	-.9165567													
InsH2Bfabp_CD15_09dpf_VAST02_plate02_DUSP26_200821_B01	200821	2	NB512	insH2Bfabp	CD15	DUSP26	1	0	0	2	1	9	1	1	2	3.8334769	.340296	.33297634	.2041776	.1558832	1	7	56	311910	5287	5040	4660	1528	59	1.402e+09	1	4469837	133923	162	243	186	112	101	606508	9072	54635.131	57697.021	4.96e+08	-5343.38	-3.27e+08	105	4020.606	974033.5	1328120	6_DUSP26	1	1	2	7.95	1	1	3	-.4563363	-.9182451	-.6172997	.1163093	-.9310033	.7234756	-1.00517	-.7502154	-1.987428	-1.67594	.0980721	-.8871465	-.2573935	-1.113194	-.9165567	-.3811055	-1.366204	0	-.8544474	-.7318081	-.4144133	-1.150349	-1.345167	-1.345167	.5141561	-.7318081	1.150349	-.2257079	.3661064	-.4144133
InsH2Bfabp_CD15_09dpf_VAST02_plate01_DUSP26_200821_G01	200821	1	NB455	insH2Bfabp	CD15	DUSP26	1	0	0	2	1	9	1	1	2	5.0441237	.4083552	.45982446	.2722368	2.5720728	1	5	5															56	805454	3708	59089.974	62411.981	2.19e+08	-5509.737	-6.68e+08	40				6_DUSP26	1	1	1	3.066667	1	1	3								.2372021	.6744897	-.4887764	1.077516	-.295179	1.473468	-1.76167	-1.76167	-1.76167	-2.417559													
InsH2Bfabp_CD15_09dpf_VAST02_plate01_DUSP26_200821_B01	200821	1	NB450	insH2Bfabp	CD15	DUSP26	1	0	0	2	1	9	0	0	1	4.2312577	.4083552	.36468837	.2041776	1.4808904	1	1	1	414260	7021	7833	10344	3385	59	4.348e+09	1	4512192	187008	138	257	222	114	189	768852	13664	55200.269	55424.671	7.54e+08	-2551.078	-3.81e+07	130	4155.969	1046529	1450994	6_DUSP26	1	1	1	2	1	1	3	.1631881	-.3373553	.2581433	.4563363	.6744897	.4213913	.3064536	.2372021	.0195843	-1.67594	.4668251	-.6193067	1.189164	.217107	.0587829	.4235761	-.2573935	0	.2257079	.3186394	1.345167	.3186394	.7318081	.6193067	.6193067	.9915265	-.0447762	.1346898	2.100166	-.3186394
InsH2Bfabp_CD15_09dpf_VAST02_plate02_DUSP26_200821_C01	200821	2	NB513	insH2Bfabp	CD15	DUSP26	1	0	0	2	1	9	1	1	2		.3062664	.28540829	.2041776	.1558832	1	8	57	256772	5971	5784	8214	2717	43	2.309e+09	1	2402229	107138	125	187	145	111	154	505927	11090	54308.617	54167.092	6.02e+08	-2210.16	-1.73e+08	30	3632.927		1081999	6_DUSP26	1	1	2	8.116667	1	1	3	-1.681877		-1.914506	.2104284	1.681877	-1.329529	-1.382994	-1.272699	-1.987428	-1.67594	-.5334097		-1.043158	-.1771698	-.4668251	.0587829	-.6992833	-1.150349	-.9915265	-.5141561	-.0447762	-.6193067	-.1346898	.2257079	-.9915265	-.9915265	-.9915265	-1.345167	-1.345167	-.5659488
InsH2Bfabp_CD15_09dpf_VAST02_plate01_DUSP26_200821_B07	200821	1	NB491	insH2Bfabp	CD15	DUSP26	1	0	0	2	1	9	1	1	2	3.3167835	.340296	.34883235	.340296	.389708	1	36	36															147	672604	9984	54133.335	54209.921	5.40e+08	-2427.419	-2.36e+08	0	4379.983	1156931	1560111	6_DUSP26	1	1	1	6.35	1	1	3	1.173137	.9182451	1.173137	.4053977	.4563363	.8636957	1.681877	-.7502154	-1.077516	.4450965	.2981024	-1.402673	.2573935	-.2573935	-.8031726	-.217107	-.9778975													
InsH2Bfabp_CD15_09dpf_VAST02_plate02_DUSP26_200821_D01	200821	2	NB514	insH2Bfabp	CD15	DUSP26	1	0	0	2	1	9	0	0	1	3.5912448	.340296	.25369626	.2382072	.3117664	1	9	58	383252	5636	4248	7571	2573	68	2.835e+09	1	4021963	166574	126	239	165	140	144	658512	11391	56972.224	55048.273	6.49e+08	-410.2111	-1.38e+08	54	4304.016	1081715	1459996	6_DUSP26	1	1	2	8.283334	1	1	3	.6744897	.1423641	.3064536	.6744897	.7339767	1.329529	-.7961826	-.7502154	-1.366204	-.9778975	-.9778975	-1.108011	.1771698	-.2981024	-.3811055	.1375134	-.5561256	.6744897	-.1346898	-.6193067	-1.150349	-.4144133	-.4144133	-.2257079	-.2257079	.2257079	-.8544474	-.4144133	-.4637077	1.611169
InsH2Bfabp_CD15_09dpf_VAST02_plate01_DUSP26_200821_E01	200821	1	NB453	insH2Bfabp	CD15	DUSP26	1	0	0	2	1	9	1	1	2	3.52	.340296	.42811243	.2382072	1.2470656	1	3	3															251	747698	18786	47738.319	45777.603	8.97e+08	-557.8002	2.35e+08	0	4048.63	1071292	1483458	6_DUSP26	1	1	1	2.666667	1	1	3	-.3554904	.0947312	.5620615	-.4563363	-.0232116	2.318758	-.2581433	-.7502154	-.0587829	-.9778975	.9165567	-1.194857	.8584844	1.366204	.9778975	.9778975	.8584844													
InsH2Bfabp_CD15_09dpf_VAST02_plate01_DUSP26_200821_C07	200821	1	NB492	insH2Bfabp	CD15	DUSP26	1	0	0	2	1	9	1	1	2	4.739299	.4764144	.31712032	.3743256	.9352992	1	37	37	559004	8873	5765	8793	2322	63	4.703e+09	1	5431609	200402	139	288	182	120	81	690238	6636	56339.773	59935.336	3.74e+08	-5832.542	-4.79e+08	72				6_DUSP26	1	1	1	6.566667	1	1	3								.9467818	-.2372021	.7502154	-.1375134	-.4389272	.3811055	-1.601009	-1.473468	-.8031726	-1.76167	.4144133	1.611169	1.611169	-.1346898	.5141561	.2257079	-.6193067	.9915265	1.150349	.0896424	.9915265	.1800124	0
InsH2Bfabp_CD15_09dpf_VAST02_plate02_DUSP26_200821_G01	200821	2	NB516	insH2Bfabp	CD15	DUSP26	1	0	0	2	1	9	.9886728	1	2	6.3769148	.2722368	.3012643	.2722368	1.8705984	1	11	60	463641	9462	8523	6894	1977	49	3.166e+09	1	4184175	158363	129	260	196	119	195	746180	16193	27600.282	24472.302	4.47e+08	185.7925	7.28e+07	125	4395.482	1124258	1472632	6_DUSP26	1	1	2	8.883333	1	1	3	1.515564	.6894088	.4053977	1.382994	.5894558	1.023392	.1163093	-1.862732	.2573935	-.4887764	-.3186394	-.0671924	.8031726	.3393116	.3811055	-.5109658	.2981024	-.7916386	.7318081	2.100166	1.611169	-.1346898	-.9915265	-.8544474	.0447762	.0447762	-.5141561	.27188	.9915265	-.1346898
InsH2Bfabp_CD15_09dpf_VAST02_plate01_DUSP26_200821_D04	200821	1	NB473	insH2Bfabp	CD15	DUSP26	1	0	0	2	1	9	.921105	1	2		.3743256	.36468837	.2382072	.4676496	1	20	20	406350	6773	6832	16666	5439	60	6.794e+09	1	4211172	148288	147	260	188	93	266	731316	20447	45650.08	41346.157	9.33e+08	1697.284	3.31e+08	12	4110.123	1123644	1431853	6_DUSP26	1	1	1	5.183333	1	1	3	-.0232116	.6020065	.0232116	1.681877	.9310033		.9310033	-.2372021	-.8871465	-.9778975	.4668251		.6992833	1.76167	1.473468	1.272699	1.366204	.1346898	.1346898	-.0447762	.7318081	2.100166	1.611169	1.611169	.1346898	-.4144133	.4144133	.27188	.5141561	-1.241867
InsH2Bfabp_CD15_09dpf_VAST02_plate01_DUSP26_200821_G07	200821	1	NB496	insH2Bfabp	CD15	DUSP26	1	0	0	2	1	9	1	1	2		.3062664	.33297634	.2722368	1.0132408	1	41	41	449165	6910	7070	8429	2905	65	3.748e+09	1	4025462	145326	152	241	174	115	118	560650	8496	47584.106	48313.299	4.04e+08	-3197.284	-2.92e+08	55	3928.763	953367.6	1292082	6_DUSP26	1	1	1	7.416667	1	1	3	-.8616341	-1.073562	-.7961826	-1.382994	-1.173137	-.8636957	.3554904	-1.272699	-.1771698	-.4887764	.0980721		-.6024495	-.7502154	-.9778975	-.6992833	-1.272699	.5141561	.6193067	.1346898	.8544474	.1346898	-.0447762	.3186394	-.1346898	-.5141561	.8544474	-.3186394	-.1346898	-.2257079
InsH2Bfabp_CD15_09dpf_VAST02_plate02_DUSP26_200821_E01	200821	2	NB515	insH2Bfabp	CD15	DUSP26	1	0	0	2	1	9	0	0	1		.4083552	.3012643	.2041776	.389708	1	10	59															186	727932	14803	51485.451	53283.2	7.62e+08	-4167.011	-1317594	58	4446.194	1161821	1559811	6_DUSP26	1	1	2	8.483334	1	1	3	1.914506	.9929082	1.085325	1.085325	.5084881	-.7234756	.4053977	.2372021	-1.077516	-1.67594	-.3186394		.650104	.1375134	.1771698	.4668251	.0980721													
InsH2Bfabp_CD15_09dpf_VAST02_plate01_DUSP26_200821_B04	200821	1	NB471	insH2Bfabp	CD15	DUSP26	1	0	0	2	1	9	.015492	0	1	9.3116701	.4083552	.66595267	.3743256	3.2735472	1	19	19	539233	6344	5268	9231	2457	85	4.847e+09	1	6047172	201453	163	291	186	120	261	890994	22367	43781.265	39007.448	9.79e+08	2120.672	4.09e+08	192	4282.38	1104309	1440512	6_DUSP26	1	1	1	4.016667	1	1	3	.5620615	.2387225	.1163093	-.7339767	.0696849	-.1540745	1.515564	.2372021	1.189164	.7502154	2.417559	.5398714	1.76167	1.601009	1.601009	1.473468	1.76167	1.611169	1.150349	-.4144133	-.3186394	.6193067	.4144133	-.4144133	2.100166	1.345167	1.345167	1.150349	.3661064	0
InsH2Bfabp_CD15_09dpf_VAST02_plate01_DUSP26_200821_A08	200821	1	NB497	insH2Bfabp	CD15	DUSP26	1	0	0	2	1	9	0	0	1	3.8248247	.3062664	.28540829	.3062664	.5455912	1	42	42	436026	7928	4877	14044	4215	55	6.265e+09	1	3590843	167555	130	231	166	141	108	537260	10252	41231.774	37241.38	4.23e+08	1302.129	-1.24e+08	3	3850.505	1054170	1416406	6_DUSP26	1	1	1	6.216667	1	1	3	-1.173137	-.2876889	-.1631881	-.5620615	.0232116	-.3661064	.2104284	-1.272699	-.6992833	-.0195843	-.5334097	-.9555776	-.8031726	-.9165567	-.5561256	-.650104	-.4668251	-.3661064	.4144133	.8544474	-.5141561	1.345167	1.345167	.8544474	-.7318081	.4144133	-.3186394	-.8544474	-.3186394	2.100166
InsH2Bfabp_CD15_09dpf_VAST02_plate01_DUSP26_200821_E04	200821	1	NB474	insH2Bfabp	CD15	DUSP26	1	0	0	2	1	9	.0148433	0	1	9.6164948	.4764144	.4915365	.4083552	4.2088464	1	21	21	398599	6993	5904	13565	4635	57	5.470e+09	1	3920579	150481	133	274	154	135	211	663778	17363	45258.249	38431.307	7.86e+08	4162.339	2.23e+08	13	4338.905	1218465	1544933	6_DUSP26	1	1	1	5.283333	1	1	3	.9310033	1.505968	1.00517	2.355084	1.27107	-.051178	-.1163093	.9467818	1.862732	.9778975	1.318011	.5924169	.217107	.5561256	.6024495	.6024495	.7502154	-.1346898	.0447762	.2257079	.0447762	.8544474	1.150349	1.150349	-.3186394	-.3186394	-.2257079	.6193067	-.9915265	1.241867
InsH2Bfabp_CD15_09dpf_VAST02_plate01_DUSP26_200821_C01	200821	1	NB451	insH2Bfabp	CD15	DUSP26	1	0	0	2	1	9	1	1	2	3.113567	.340296	.38054438	.2382072	.9352992	1	2	2															188	530632	15063	47213.149	41985.013	7.11e+08	2634.201	1.00e+08	25	3850.995	1025444	1396563	6_DUSP26	1	1	1	2.366667	1	1	3	-1.085325	-.4393922	-.2104284	.2581433	-.2104284	-1.871871	-1.085325	-.7502154	-.2372021	-.9778975	.650104	-1.802743	-.9165567	.1771698	.2573935	.2981024	.3811055													
InsH2Bfabp_CD15_09dpf_VAST02_plate01_DUSP26_200821_E07	200821	1	NB494	insH2Bfabp	CD15	DUSP26	1	0	0	2	1	9	1	1	2	4.2312577	.4423848	.31712032	.340296	1.0911824	1	39	39															190	773105	15577	46672.305	47110.912	7.27e+08	-2930.609	4.70e+07	77	4153.591	1107704	1505649	6_DUSP26	1	1	1	7	1	1	3	.1163093	.2876889	.6744897	-.4053977	-.7961826	-.5361763	-1.173137	.6024495	-.1375134	.4450965	-.1375134	-.6193067	1.272699	.2573935	.3393116	.3811055	.217107													
InsH2Bfabp_CD15_09dpf_VAST02_plate01_DUSP26_200821_H01	200821	1	NB456	insH2Bfabp	CD15	DUSP26	1	0	0	2	1	9	.069339	0	1	4.739299	.2722368	.33297634	.340296	2.2603064	1	6	6															88	368000	7504	37272.318	36166.792	2.80e+08	-1604.108	-2.52e+08	45	3962.435	1067359	1185597	6_DUSP26	1	1	1	3.266667	1	1	3	-.6744897	-.0473125	-1.085325	.3554904	-.4053977	.3119191	-1.681877	-1.862732	.5791321	.4450965	.0980721	-.4389272	-1.601009	-1.272699	-1.189164	-1.272699	-1.043158													
InsH2Bfabp_CD15_09dpf_VAST02_plate01_DUSP26_200821_F04	200821	1	NB475	insH2Bfabp	CD15	DUSP26	1	0	0	2	1	9	1	1	2	6.3650309	.4423848	.36468837	.4083552	2.5720728	1	22	22	506600	8171	7711	12481	4701	62	6.106e+09	1	4424094	176510	151	250	190	122	252	711330	20170	44657.602	40129.864	9.01e+08	1896.913	3.15e+08	2	4243.969	1129192	1441573	6_DUSP26	1	1	1	5.45	1	1	3	.4563363	.7824294	.1631881	1.914506	-.1631881	1.635039	1.382994	.6024495	.6744897	.9778975	.4668251	-.1121376	.5109658	1.473468	1.366204	1.043158	1.272699	.3186394	.8544474	1.345167	1.150349	1.150349	.9915265	1.345167	.4144133	.7318081	.6744897	.0447762	.6193067	.1800124
InsH2Bfabp_CD15_09dpf_VAST02_plate01_DUSP26_200821_D07	200821	1	NB493	insH2Bfabp	CD15	DUSP26	1	0	0	2	1	9	1	1	2	3.113567	.3743256	.31712032	.340296	.3117664	1	38	38															103	483854	8237	33531.881	28875.489	2.76e+08	1801.766	-1.57e+08	32				6_DUSP26	1	1	1	6.783333	1	1	3								-.2372021	-1.366204	.4450965	-.1375134	-1.802743	-1.113194	-1.043158	-1.043158	-1.366204	-.650104													
InsH2Bfabp_CD15_09dpf_VAST02_plate01_DUSP26_200821_C05	200821	1	NB479	insH2Bfabp	CD15	DUSP26	1	0	0	2	1	9	0	0	1	7.1778969	.2722368	.36468837	.3062664	3.0397224	1	26	26	416543	7438	6760	12233	4224	56	4.942e+09	2	3842308	152889	127	327	171	111	184	579645	12696	45624.431	40841.387	5.79e+08	2166.368	-1.61e+07	30	3870.861	926122.1	1211557	6_DUSP26	1	2	1	5.033333	2	1	3	-.9310033	-1.260339	-1.00517	-1.085325	-1.382994	.9405437	-1.27107	-1.862732	.8584844	-.0195843	.4668251	.1121376	-.4235761	.0980721	-.1375134	-.0980721	-.0195843	-.2257079	.3186394	.5141561	.6193067	.7318081	.8544474	.9915265	-.4144133	-.1346898	-.7318081	1.611169	-.2257079	-.5659488
InsH2Bfabp_CD15_09dpf_VAST02_plate01_DUSP26_200821_B08	200821	1	NB498	insH2Bfabp	CD15	DUSP26	1	0	0	2	1	9	.8985088	1	2	6.8730722	.4423848	.20612821	.340296	.7014744	1	43	43															114	575030	10069	31478.495	26347.92	3.17e+08	2225.685	-8.25e+07	55	4048.979	997047.1	1393572	6_DUSP26	1	2	1	6.516667	2	1	3	-.3064536	-.6597193	-.2581433	-.6172997	-.0696849	-.3119191	.0232116	.6024495	-.5109658	.4450965	-1.601009	.0671924	-.5109658	-.8584844	-.6992833	-1.043158	-.3393116													
InsH2Bfabp_CD15_09dpf_VAST02_plate01_DUSP26_200821_G08	200821	1	NB502	insH2Bfabp	CD15	DUSP26	1	0	0	2	1	9	.9592243	1	2		.3743256	.22198422	.2041776	.389708	1	46	46	144171	4119	4183	4083	950	35	5.669e+08	1	1721915	82670	104	238	163	54	229	759678	18231	48947.832	47175.769	8.92e+08	-718.6492	2.11e+08	31	4136.481	1067030	1481335	6_DUSP26	1	2	1	7.483333	2	1	3	.0232116	-.0947312	.5084881	-.5084881	-.8616341	-.477996	-.3064536	-.2372021	-1.077516	-1.67594	-1.318011		1.113194	1.043158	.7502154	.9165567	.6024495	-1.611169	-1.611169	-1.611169	-1.345167	-2.100166	-1.611169	-2.100166	-1.345167	-1.345167	-1.150349	-.5141561	-.6744897	-1.611169
InsH2Bfabp_CD15_09dpf_VAST02_plate01_DUSP26_200821_B05	200821	1	NB478	insH2Bfabp	CD15	DUSP26	1	0	0	2	1	9	0	0	1	3.2151753	.340296	.3012643	.2722368	.8573576	1	25	25	439206	6365	6025	6936	1930	69	2.951e+09	1	5277841	172065	164	270	179	125	115	362956	9387	31621.688	28720.104	2.97e+08	43.86681	-1.35e+08	8	3933.703	992919.9	1326565	6_DUSP26	1	2	1	4.083333	2	1	3	-.7961826	-.7197189	-.6744897	-.1631881	-1.00517		.0696849	-.7502154	-.3601299	-.4887764	-.3186394	-1.534121	-1.76167	-.8031726	-.8584844	-1.113194	-.5109658	.8544474	.5141561	-.3186394	.2257079	-.2257079	-.8544474	-.9915265	.8544474	.5141561	1.611169	.5141561	0	.4637077
InsH2Bfabp_CD15_09dpf_VAST02_plate02_DUSP26_200821_A02	200821	2	NB518	insH2Bfabp	CD15	DUSP26	1	0	0	2	1	9	1	1	2	7.5880758	.3743256	.19027219	.2722368	.5455912	1	12	61	355950	7264	7537	5828	1605	49	2.102e+09	3	4041497	150892	137	233	165	133	134	424152	10348	32035.856	27775.591	3.32e+08	1383.766	-8.73e+07	12	3723.194	867668.4	1165604	6_DUSP26	1	2	2	7.866667	2	1	3	-1.515564	-1.906358	-1.515564	-1.173137	-1.085325	-1.635039	-1.914506	-.2372021	-.6992833	-.4887764	-1.76167	.1573107	-1.272699	-.4022501	-.5109658	-.9165567	-.3811055	-.7916386	-.4144133	.4144133	.9915265	-.7318081	-1.150349	-1.150349	-.0447762	-.2257079	-.1346898	-.7318081	-.4637077	.9915265
InsH2Bfabp_CD15_09dpf_VAST02_plate01_DUSP26_200821_F02	200821	1	NB461	insH2Bfabp	CD15	DUSP26	1	0	0	2	1	9	1	1	2	11.64866	.85074	.65009666	.4423848	2.727956	1	11	11															303	800565	22973	46675.377	43095.041	1.07e+09	1008.474	4.46e+08	36				6_DUSP26	1	2	1	2.933333	2	1	3								2.417559	.7502154	1.318011	1.987428	1.108011	1.366204	1.987428	1.987428	1.76167	1.987428													
InsH2Bfabp_CD15_09dpf_VAST02_plate01_DUSP26_200821_G05	200821	1	NB482	insH2Bfabp	CD15	DUSP26	1	0	0	2	1	9	1	1	2	9.1084536	.4764144	.34883235	.3062664	3.2735472	1	29	29															140	551576	11461	44365.001	46061.881	5.08e+08	-4209.744	-1.57e+08	23				6_DUSP26	1	2	1	5.7	2	1	3								.9467818	1.189164	-.0195843	.2981024	.4389272	-.650104	-.3393116	-.3393116	-.2981024	-.6024495													
InsH2Bfabp_CD15_09dpf_VAST02_plate02_DUSP26_200821_C02	200821	2	NB520	insH2Bfabp	CD15	DUSP26	1	0	0	2	1	9	1	1	2	12.553835	.340296	.34883235	.3062664	3.117664	1	14	63															200	523848	15200	51596.492	46409.437	7.84e+08	2681.104	1.14e+08	44	4062.808	1415195	1161387	6_DUSP26	1	2	2	8.183333	2	1	3	-.2581433	2.34813	-1.681877	-1.914506	-2.355084	-1.023392	-2.355084	-.7502154	.9165567	-.0195843	.2981024	1.291794	-.9778975	.4668251	.2981024	.5561256	.4235761													
InsH2Bfabp_CD15_09dpf_VAST02_plate02_DUSP26_200821_B02	200821	2	NB519	insH2Bfabp	CD15	DUSP26	1	0	0	2	1	9	1	1	2	10.494862	.340296	.36468837	.2722368	2.1823648	1	13	62	343846	4776	4511	10103	3207	72	3.656e+09	1	4375926	177685	129	248	213	123	213	610964	18232	44733.338	38774.165	8.16e+08	3301.387	2.48e+08	0	3961.905	1013870	1390671	6_DUSP26	1	2	2	8.033334	2	1	3	-.7339767	-.4921101	-.3064536	.7339767	.3554904	.2586331	.8616341	-.7502154	.5109658	-.4887764	.4668251	.7613826	-.1771698	.650104	.8031726	.6992833	.9165567	.9915265	-.6193067	-1.150349	-.9915265	-.0447762	.6193067	.5141561	.3186394	.8544474	-.5141561	-.0447762	1.345167	.3186394
InsH2Bfabp_CD15_09dpf_VAST02_plate02_DUSP26_200821_F02	200821	2	NB523	insH2Bfabp	CD15	DUSP26	1	0	0	2	1	9	1	1	2	5.7713344	.3743256	.25369626	.2382072	1.7147152	1	16	65	364264	6623	5580	7179	2422	55	2.511e+09	1	4231465	165286	140	276	182	110	47	376233	3416	38347.413	38038.627	1.31e+08	-2363.626	-4.26e+08	144	4378.339	1119099	1463615	6_DUSP26	1	2	2	8.75	2	1	3	1.085325	.4393922	.3554904	1.515564	-.6456308	.477996	.5620615	-.2372021	.1573107	-.9778975	-.9778975	-.2028072	-1.473468	-1.987428	-1.987428	-1.987428	-1.601009	-.3661064	-.3186394	-.2257079	-.2257079	-.5141561	-.6193067	-.5141561	.2257079	.1346898	.2257079	.7318081	.1800124	-.7318081
InsH2Bfabp_CD15_09dpf_VAST02_plate02_DUSP26_200821_G02	200821	2	NB524	insH2Bfabp	CD15	DUSP26	1	0	0	2	1	9	0	0	1		.3743256	.26955227	.2722368	.2338248	1	17	66	736216	8090	6417	7540	2476	91	5.499e+09	1	6042583	254514	151	338	191	132	235	750938	22586	25004.448	21957.101	5.65e+08	55.14268	2.25e+08	39	4335.305	1171152	1515728	6_DUSP26	1	2	2	8.95	2	1	3	.8616341	1.073562	.7339767	1.173137	.8616341	-1.465234	1.00517	-.2372021	-1.601009	-.4887764	-.7502154		1.043158	1.189164	1.76167	-.1375134	.8031726	2.100166	2.100166	1.150349	.3186394	.9915265	-.5141561	-.3186394	1.611169	2.100166	.6744897	2.100166	.7916386	.8544474
InsH2Bfabp_CD15_09dpf_VAST02_plate01_DUSP26_200821_H02	200821	1	NB463	insH2Bfabp	CD15	DUSP26	1	0	0	2	1	9	1	1	2	10.530969	.4083552	.3964004	.3743256	2.0264816	1	13	13															162	620204	13625	47869.696	47808.664	6.52e+08	-2417.094	-3.73e+07	4	4157.941	998273.3	1375972	6_DUSP26	1	2	1	3.333333	2	1	3	.2581433	-.6020065	-.4563363	.3064536	.1631881	.1024905	-.3554904	.2372021	.4235761	.7502154	.7764218	.8544474	-.0980721	-.0980721	.0195843	.1771698	-.217107													
InsH2Bfabp_CD15_09dpf_VAST02_plate02_DUSP26_200821_E02	200821	2	NB522	insH2Bfabp	CD15	DUSP26	1	0	0	2	1	9	0	0	1	4.1968252	.4764144	.15856016	.2382072	.5455912	1	15	64															199	650012	18945	32989.772	27280.456	6.25e+08	2822.971	2.13e+08	64	4207.521	1056278	1437625	6_DUSP26	1	2	2	8.6	2	1	3	.3064536	-.2387225	.0696849	-.1163093	.4053977	.6585199	-.0232116	.9467818	-.6992833	-.9778975	-1.987428	-.7028602	.0195843	.4022501	1.043158	.0980721	.650104													
InsH2Bfabp_CD15_09dpf_VAST02_plate02_DUSP26_200821_H02	200821	2	NB525	insH2Bfabp	CD15	DUSP26	1	0	0	2	1	9	1	1	2	11.706023	.4083552	.45982446	.4083552	1.94854	1	18	67	546216	8033	6739	8599	2622	68	4.626e+09	2	5909184	206151	156	303	191	131	241	749764	19460	47766.743	42829.601	9.30e+08	2360.003	3.07e+08	27	4156.702	1067419	1423958	6_DUSP26	1	2	2	9.166667	2	1	3	.2104284	0	-.0696849	-.0232116	-.1163093	1.214676	-.6172997	.2372021	.3186394	.9778975	1.077516	1.194857	.9778975	1.272699	1.113194	1.189164	1.113194	.6744897	1.345167	.9915265	.5141561	.4144133	.1346898	-.0447762	1.345167	1.611169	.9915265	1.345167	.7916386	.6744897
InsH2Bfabp_CD15_09dpf_VAST02_plate01_DUSP26_200821_E08	200821	1	NB500	insH2Bfabp	CD15	DUSP26	1	0	0	2	1	9	.7950978	1	2	12.664742	.4764144	.3012643	.510444	.3117664	1	45	45															221	686010	20041	40478.739	33900.798	8.11e+08	3823.246	3.10e+08	39	4267.538	1204349	1610011	6_DUSP26	1	2	1	7.066667	2	1	3	.5084881	1.37281	2.355084	-1.00517	1.914506	-.7916386	2.355084	.9467818	-1.366204	1.67594	-.3186394	1.402673	.2981024	.8584844	1.189164	.650104	1.189164													
InsH2Bfabp_CD15_09dpf_VAST02_plate01_DUSP26_200821_F05	200821	1	NB481	insH2Bfabp	CD15	DUSP26	1	0	0	2	1	9	.9847536	1	2	8.2955876	.6125328	.12684813	.3062664	4.0529632	1	28	28	341310	6826	4854	8188	2662	50	2.868e+09	1	3816642	157503	139	219	163	135	165	627626	14432	47676.771	49974.349	6.88e+08	-4732.639	-3.07e+07	17	4001.612	975813	1323799	6_DUSP26	1	2	1	5.516667	2	1	3	-.5084881	-.8483799	-.7339767	-1.27107	-1.681877	-.1024905	-.0696849	1.987428	1.601009	-.0195843	-2.417559	.3186394	-.0587829	-.0587829	.1375134	.2573935	-.1771698	-.6193067	-.7318081	.0447762	-.6193067	-.3186394	-.2257079	.0447762	-.5141561	-.0447762	.0896424	-.9915265	-.6744897	1.241867
InsH2Bfabp_CD15_09dpf_VAST02_plate01_DUSP26_200821_C08	200821	1	NB499	insH2Bfabp	CD15	DUSP26	1	0	0	2	1	9	0	0	1	3.6216082	.3743256	.25369626	.3062664	1.7147152	1	44	44															199	921735	18583	55716.625	47704.563	1.04e+09	5531.865	3.47e+08	27				6_DUSP26	1	2	1	6.791667	2	1	3								-.2372021	.1573107	-.0195843	-.9778975	-1.028805	1.987428	.4022501	.9165567	1.601009	1.473468													
InsH2Bfabp_CD15_09dpf_VAST02_plate01_DUSP26_200821_D02	200821	1	NB459	insH2Bfabp	CD15	DUSP26	1	0	0	2	1	9	.9779295	1	2		.340296	.22198422	.2041776	.4676496	1	9	9															98	387446	7072	45777.251	40936.36	3.24e+08	2226.103	-2.73e+08	0	3834.222	929411.9	1246668	6_DUSP26	1	2	1	2.583333	2	1	3	-1.27107	-1.161883	-.9310033	-.2581433	.3064536		-.5084881	-.7502154	-.8871465	-1.67594	-1.318011		-1.366204	-1.189164	-1.272699	-.9778975	-1.189164													
InsH2Bfabp_CD15_09dpf_VAST02_plate01_DUSP26_200821_C02	200821	1	NB458	insH2Bfabp	CD15	DUSP26	1	0	0	2	1	9	1	1	2	3.4183918	.4083552	.28540829	.2722368	1.3250072	1	8	8															172	749375	13978	51413.09	50820.825	7.19e+08	-1825.962	-1.15e+07	22				6_DUSP26	1	2	1	2.35	2	1	3								.2372021	-.0195843	-.4887764	-.5334097	-1.291794	.9165567	-.0195843	.0980721	.3393116	.0587829													
InsH2Bfabp_CD15_09dpf_VAST02_plate01_DUSP26_200821_H05	200821	1	NB483	insH2Bfabp	CD15	DUSP26	1	0	0	2	1	9	1	1	2	7.9907629	.510444	.22198422	.3062664	.5455912	1	30	30															125	618996	10178	53499.876	56574.841	5.45e+08	-5378.77	-2.63e+08	0	4067.377	1060092	1387755	6_DUSP26	1	2	1	5.883333	2	1	3	-.2104284	-.1423641	-.3554904	.1631881	-.5084881	.5962318	.7961826	1.366204	-.6992833	-.0195843	-1.318011	.2487277	-.1375134	-.650104	-.6024495	-.1771698	-1.113194													
InsH2Bfabp_CD15_09dpf_VAST02_plate01_DUSP26_200821_A02	200821	1	NB457	insH2Bfabp	CD15	DUSP26	1	0	0	2	1	9	.0082898	0	1	6.6698557	.3743256	.47568048	.3062664	1.7926568	1	7	7	252362	4137	4657	8091	2666	61	2.036e+09	1	3805496	136048	145	234	219	93	180	583736	13068	44552.335	41061.25	5.82e+08	878.7814	-1.61e+07	32	3534.511	785902.1	1077842	6_DUSP26	1	2	1	2.116667	2	1	3	-2.355084	-2.34813	-2.355084	-2.355084	-1.914506	.051178	-.9310033	-.2372021	.217107	-.0195843	1.189164	.0223825	-.3811055	.0587829	-.0195843	-.0195843	-.0587829	.2257079	-1.150349	-1.345167	-.8544474	-.8544474	-.3186394	.1346898	-.6193067	-.6193067	.3186394	-.6193067	1.611169	-1.241867
InsH2Bfabp_CD15_09dpf_VAST02_plate01_DUSP26_200821_G02	200821	1	NB462	insH2Bfabp	CD15	DUSP26	1	0	0	2	1	9	.9859836	1	2	11.445443	.4083552	.58667259	.340296	3.2735472	1	12	12															107	548442	8016	33665.431	30243.246	2.70e+08	594.7568	-1.82e+08	18	4385.517	1122329	1540491	6_DUSP26	1	2	1	3.133333	2	1	3	1.27107	.5462332	.9310033	-.2104284	1.382994	0	-.2104284	.2372021	1.189164	.4450965	1.601009	.9555776	-.6992833	-.9778975	-1.113194	-1.473468	-.7502154													
InsH2Bfabp_CD15_09dpf_VAST02_plate01_DUSP26_200821_E02	200821	1	NB460	insH2Bfabp	CD15	DUSP26	1	0	0	2	1	9	.0686557	0	1	7.7875464	.510444	.3964004	.340296	2.0264816	1	10	10															85	354586	6169	46141.333	44136.092	2.85e+08	-545.9175	-3.55e+08	0	3768.288	888842.8	1166546	6_DUSP26	1	2	1	2.733333	2	1	3	-1.382994	-1.505968	-1.382994	-.3554904	-.3308726		-1.515564	1.366204	.4235761	.4450965	.7764218	.2028072	-1.987428	-1.473468	-1.601009	-1.189164	-1.473468													
InsH2Bfabp_CD15_09dpf_VAST02_plate01_DUSP26_200821_E05	200821	1	NB480	insH2Bfabp	CD15	DUSP26	1	0	0	2	1	9	0	0	1	4.1296495	.4764144	.28540829	.340296	.389708	1	27	27	354925	7552	6432	18579	5981	47	6.700e+09	1	3237348	131063	129	278	149	104	173	606706	13045	28271.472	23303.544	3.69e+08	2002.498	1.04e+07	14	4241.55	1098627	1420743	6_DUSP26	1	2	1	5.35	2	1	3	.4053977	.1903223	-.1163093	1.00517	.1163093	1.871871	.7339767	.9467818	-1.077516	.4450965	-.5334097	-.7916386	-.217107	.0195843	-.0587829	-.8584844	.1771698	-.9915265	-.5141561	.6193067	.4144133	1.611169	2.100166	2.100166	-.8544474	-.8544474	-.5141561	.8544474	-1.150349	-.8544474
InsH2Bfabp_CD15_09dpf_VAST02_plate01_DUSP26_200821_A05	200821	1	NB477	insH2Bfabp	CD15	DUSP26	1	0	0	2	1	9	1	1	2	6.5682474	.3743256	.33297634	.2382072	.7014744	1	24	24															129	602486	12528	40453.093	35875.686	5.07e+08	1861.984	-2.14e+07	73	4077.771	1035941	1372891	6_DUSP26	1	2	1	3.866667	2	1	3	-.1631881	-.3878687	-.5084881	-.6744897	-.3308726	.3661064	.5084881	-.2372021	-.5109658	-.9778975	.0980721	-.0223825	-.2981024	-.5334097	-.1771698	-.3393116	-.1375134													
InsH2Bfabp_CD15_09dpf_VAST02_plate01_DUSP26_200821_G03	200821	1	NB468	insH2Bfabp	CD15	DUSP26	1	0	0	2	1	9	1	1	2		.3062664	.33297634	.2722368	.7014744	1	18	18															128	589334	11965	40758.986	32455.648	4.88e+08	5519.905	5646935	8	3981.29	913635.9	1185493	6_DUSP26	1	3	1	3.216667	3	1	3	-.6172997	-1.37281	-1.173137	-1.515564	-1.27107	-2.318758	-.5620615	-1.272699	-.5109658	-.4887764	.0980721		-.3393116	-.6024495	-.2573935	-.4235761	.1375134													
InsH2Bfabp_CD15_09dpf_VAST02_plate01_DUSP26_200821_A09	200821	1	NB504	insH2Bfabp	CD15	DUSP26	1	0	0	2	1	9	1	1	2	11.547052	.3743256	.28540829	.2382072	.1558832	1	48	48	81133	3528	2521	9440	3435	23	8.308e+08	1	1483942	54316	93	149	136	95	130	426470	10044	53406.484	51422.772	5.36e+08	-422.5467	-2.02e+08	88	3863.931	973988.6	1263939	6_DUSP26	1	3	1	6.283333	3	1	3	-1.00517	-.9929082	-.8616341	-.8616341	-.6456308	-.4213913	-.1631881	-.2372021	-1.987428	-.9778975	-.5334097	1.028805	-1.189164	-.4668251	-.7502154	-.2573935	-.8584844	-2.100166	-2.100166	-2.100166	-2.100166	-1.611169	.5141561	.7318081	-1.611169	-1.611169	-1.611169	-1.611169	-1.611169	-.9915265
InsH2Bfabp_CD15_09dpf_VAST02_plate01_DUSP26_200821_E03	200821	1	NB466	insH2Bfabp	CD15	DUSP26	1	0	0	2	1	9	1	1	2	3.0119588	.4083552	.31712032	.2382072	.8573576	1	16	16															366	932852	27907	56986.636	51489.395	1.59e+09	3092.308	8.51e+08	109	4327.768	1148737	1566316	6_DUSP26	1	3	1	2.8	3	1	3	.7961826	.8483799	1.382994	.6172997	.2581433	.206072	1.085325	.2372021	-.3601299	-.9778975	-.1375134	-2.368567	2.417559	2.417559	2.417559	2.417559	2.417559													
InsH2Bfabp_CD15_09dpf_VAST02_plate01_DUSP26_200821_H06	200821	1	NB489	insH2Bfabp	CD15	DUSP26	1	0	0	2	1	9	1	1	2	15.306557	.5785032	.4915365	.5444736	4.2088464	1	35	35															228	722518	18565	46059.449	38280.814	8.55e+08	5111.04	2.94e+08	44	4450.256	1190083	1603431	6_DUSP26	1	3	1	5.95	3	1	3	2.355084	1.260339	1.914506	.7961826	1.00517	1.113937	1.914506	1.76167	1.862732	1.987428	1.318011	2.368567	.6024495	.9778975	.8584844	.8584844	1.043158													
InsH2Bfabp_CD15_09dpf_VAST02_plate01_DUSP26_200821_A06	200821	1	NB484	insH2Bfabp	CD15	DUSP26	1	0	0	2	1	9	0	0	1	4.1296495	.510444	.28540829	.4423848	1.169124	1	31	31															18	698738	1401	35851.924	36013.717	5.02e+07	-2874.472	-4.80e+08	15				6_DUSP26	1	3	1	5.5	3	1	3								1.366204	-.0980721	1.318011	-.5334097	-.7916386	.4235761	-2.417559	-2.417559	-2.417559	-1.987428													
InsH2Bfabp_CD15_09dpf_VAST02_plate01_DUSP26_200821_B09	200821	1	NB505	insH2Bfabp	CD15	DUSP26	1	0	0	2	1	9	1	1	2	9.7181031	.2722368	.25369626	.2722368	.8573576	1	49	49	178430	4956	3862	8471	3151	36	1.449e+09	1	2383539	104780	101	208	160	125	231	658458	18153	52500.955	47535.626	9.53e+08	2481.772	2.67e+08	29	4220.073	1124258	1479271	6_DUSP26	1	3	1	6.583333	3	1	3	.3554904	.6894088	.4563363	.0232116	-.4563363	.1540745	-.6744897	-1.862732	-.3601299	-.4887764	-.9778975	.6744897	.1375134	1.113194	.6992833	1.366204	.9778975	-1.345167	-1.345167	-.8544474	-1.611169	-.9915265	.0447762	.4144133	-1.150349	-1.150349	-1.345167	-1.150349	-.8544474	.4637077
InsH2Bfabp_CD15_09dpf_VAST02_plate01_DUSP26_200821_H09	200821	1	NB511	insH2Bfabp	CD15	DUSP26	1	0	0	2	1	9	1	1	2	13.782433	.4083552	.42811243	.3062664	2.0264816	1	6	55															134	546256	11739	37281.726	30660.056	4.38e+08	3802.53	-2.01e+07	0	4369.938	1110725	1526256	6_DUSP26	1	3	2	7.7	3	1	3	1.00517	.3373553	.7961826	.0696849	.2104284	-.206072	.4563363	.2372021	.4235761	-.0195843	.9165567	1.534121	-.7502154	-.4022501	-.2981024	-.5561256	-.0980721													
InsH2Bfabp_CD15_09dpf_VAST02_plate01_DUSP26_200821_F09	200821	1	NB509	insH2Bfabp	CD15	DUSP26	1	0	0	2	1	9	0	0	1	6.0602062	.3062664	.26955227	.4083552	1.558832	1	4	53															223	653762	20077	53841.039	46792.848	1.08e+09	4549.863	4.05e+08	5	4289.949	1189665	1591618	6_DUSP26	1	3	2	7.333333	3	1	3	.6172997	1.161883	1.681877	.8616341	1.515564	-.9405437	1.173137	-1.272699	.0587829	.9778975	-.7502154	-.1573107	.0587829	.9165567	1.272699	1.987428	1.601009													
InsH2Bfabp_CD15_09dpf_VAST02_plate01_DUSP26_200821_B03	200821	1	NB465	insH2Bfabp	CD15	DUSP26	1	0	0	2	1	9	1	1	2	9.2100619	.4423848	.31712032	.3062664	2.9617808	1	15	15															212	855456	17184	49123.681	48796.565	8.44e+08	-2131.366	1.41e+08	39	4091.744	1012748	1383090	6_DUSP26	1	3	1	2.3	3	1	3	-.1163093	-.5462332	-.4053977	-.9310033	-.7339767	.7916386	-.4563363	.6024495	.8031726	-.0195843	-.1375134	.4887764	1.601009	.6024495	.5561256	.8031726	.5109658													
InsH2Bfabp_CD15_09dpf_VAST02_plate01_DUSP26_200821_C09	200821	1	NB506	insH2Bfabp	CD15	DUSP26	1	0	0	2	1	9	0	0	1	4.739299	.3743256	.33297634	.3062664	.5455912	1	1	50															205	577456	16538	40283.194	35611.459	6.66e+08	1951.057	1.42e+08	53	4395.334	1245935	1578773	6_DUSP26	1	3	2	6.783333	3	1	3	1.382994	1.906358	1.515564	.9310033	2.355084	-1.214676	-.7339767	-.2372021	-.6992833	-.0195843	.0980721	-.4389272	-.4668251	.5109658	.4235761	.217107	.5561256													
InsH2Bfabp_CD15_09dpf_VAST02_plate01_DUSP26_200821_G09	200821	1	NB510	insH2Bfabp	CD15	DUSP26	1	0	0	2	1	9	.7957094	1	2	13.884041	.4764144	.63424064	.4423848	3.89708	1	5	54															219	718175	17888	51210.126	48554.578	9.16e+08	192.2535	2.16e+08	8				6_DUSP26	1	3	2	7.516666	3	1	3								.9467818	1.473468	1.318011	1.76167	1.699178	.5561256	.8031726	.650104	1.113194	.6992833													
InsH2Bfabp_CD15_09dpf_VAST02_plate02_DUSP26_200821_G03	200821	2	NB529	insH2Bfabp	CD15	DUSP26	1	0	0	2	1	9	0	0	1	5.4079861	.5444736	.38054438	.4083552	1.6367736	1	22	71	528742	6693	5983	7155	2290	79	3.877e+09	1	1982	753	15	19	14	13	157	687864	12800	31084.52	27417.301	3.98e+08	783.5945	-1.61e+07	1	4442.961	1220050	1560724	6_DUSP26	1	3	2	9.016666	3	1	3	1.681877	1.672937	1.27107	1.27107	1.173137	1.465234	1.27107	1.601009	.0980721	.9778975	.650104	-.2487277	.3393116	-.1375134	-.0980721	-.7502154	.0195843	1.345167	.9915265	-.1346898	.1346898	.2257079	-.7318081	-.7318081	-2.100166	-2.100166	-2.100166	-2.100166	-2.100166	-2.100166
InsH2Bfabp_CD15_09dpf_VAST02_plate01_DUSP26_200821_F03	200821	1	NB467	insH2Bfabp	CD15	DUSP26	1	0	0	2	1	9	1	1	2	8.2955876	.3743256	.33297634	.340296	3.6632552	1	17	17															120	644297	11995	36036.955	31619.512	4.32e+08	1617.383	-3.85e+07	37	4150.28	1058671	1449065	6_DUSP26	1	3	1	3	3	1	3	.0696849	-.1903223	.2104284	-.7961826	.5894558	-.2586331	.2581433	-.2372021	1.366204	.4450965	.0980721	.3186394	-.0195843	-.6992833	-.217107	-.6024495	-.2981024													
InsH2Bfabp_CD15_09dpf_VAST02_plate01_DUSP26_200821_A03	200821	1	NB464	insH2Bfabp	CD15	DUSP26	1	0	0	2	1	9	1	1	2	8.9052371	.340296	.22198422	.3062664	1.94854	1	14	14															129	563738	10096	44538.326	44529.029	4.50e+08	-2534.048	-1.96e+08	17	3612.655	885852.1	1166935	6_DUSP26	1	3	1	2.183333	3	1	3	-1.914506	-1.672937	-1.27107	-1.681877	-1.515564	-1.113937	-.8616341	-.7502154	.3186394	-.0195843	-1.318011	.390146	-.5561256	-.5334097	-.650104	-.4668251	-.8031726													
InsH2Bfabp_CD15_09dpf_VAST02_plate01_DUSP26_200821_D09	200821	1	NB507	insH2Bfabp	CD15	DUSP26	1	0	0	2	1	9	.0472578	0	1	14.087258	.4764144	.26955227	.510444	3.1956056	1	2	51															151	536271	11114	52343.613	48257.118	5.82e+08	1617.286	-1.14e+08	21	4305.073	1116467	1532656	6_DUSP26	1	3	2	6.933333	3	1	3	.7339767	.3878687	.8616341	.5620615	-.2581433	.5361763	.6172997	.9467818	1.00999	1.67594	-.7502154	1.930286	-.8584844	-.217107	-.4235761	-.0587829	-.4235761													
InsH2Bfabp_CD15_09dpf_VAST02_plate01_DUSP26_200821_E09	200821	1	NB508	insH2Bfabp	CD15	DUSP26	1	0	0	2	1	9	1	1	2	4.6376907	.4083552	.38054438	.4423848	.8573576	1	3	52	372317	4899	4777	3821	1201	76	1.293e+09	2	4905437	173201	149	246	201	122	215	739900	16664	49793.523	51287.218	8.30e+08	-3902.649	9.33e+07	16				6_DUSP26	1	3	2	7.133333	3	1	3								.2372021	-.3601299	1.318011	.650104	-.5398714	.7502154	.6992833	.5109658	.7502154	.3393116	1.150349	-.2257079	-.9915265	-.7318081	-1.345167	-2.100166	-1.611169	.7318081	.6193067	.5141561	-.1346898	1.150349	.1800124
