filename	date	plate	index	line	diet	Exp	overfeeding	cholesterol	glucose	VAST	Imaged	age	hmox1_nwt	hmox1_dich	qRNA	protein	ldl	gluc	tc	tg	Anders_batch	pos_bio	Löpnr	Volume	CellVolume_Av	CellVolume_Stdev	CellInt_Av	CellInt_Stdev	NrCells	CellInt_Tot	isletNr	IV	ISA	IED	IPAL1	IPAL2	IPAL3	LiverLipN	LiverArea	LiverLipArea	LiverLipInt_Av	LiverLipIntBG	LiverLipInt_Tot	LiverLipInt_Av_Res	LiverLipInt_Tot_Res	vld_area	length	dorsal_area	lateral_area	file	batch	tank	batch_bio	tod	tank_n	batch_n	nr_tanks	intlength	intdorsal_area	intlateral_area	intangle	inteye_area	intcurvature	intpig_dorsal_tail	intldl	inttg	inttc	intgluc	intprotein	intLiverArea	intLiverLipN	intLiverLipArea	intLiverLipInt_Tot	intLiverLipInt_Tot_Res	intNrCells	intVolume	intCellVolume_Av	intCellVolume_Stdev	intCellInt_Tot	intCellInt_Av	intCellInt_Stdev	intIV	intISA	intIED	intIPAL1	intIPAL2	intIPAL3
InsH2Bfabp_CD15_09dpf_VAST02_plate01_HMOX1_200910_C02	200910	1	NC842	insH2Bfabp	CD15	HMOX1	1	0	0	2	1	9	1	1	2	17.772115	.4083552	.4915365	.170148	2.4941312	1	11	11															170	703754	12563	3627.026	3332.5555	4.56e+07	-176.3969	1856761	0	4291.956	1190592	1551333	8_HMOX1	1	1	1	4.366667	1	1	5	.9518433	1.047494	1.737194	.5933586	.6289042	-.5316958		1.608653	.9674216	-.5595922	-.9982012	1.156903	0	.7012515	.6309245	.8899477	.0907253													
InsH2Bfabp_CD15_09dpf_VAST02_plate01_HMOX1_200910_B06	200910	1	XX005	insH2Bfabp	CD15	HMOX1	1	0	0	2	1	9	0	0	1	17.002851						11	109															0	789318	0		2316.8782				44	4334.366	1206831	1548402	8_HMOX1	1	1	3	6.983333	1	1	5	1.351702	1.382994	1.616981	.4578519	-.177872	-.6844819	.1241019					.8454682	.8138509	-1.828892	-1.828892															
InsH2Bfabp_CD15_09dpf_VAST02_plate01_HMOX1_200910_G01	200910	1	NC838	insH2Bfabp	CD15	HMOX1	1	0	0	2	1	9	0	0	1	13.34885	.3062664	.63424064	.2382072	3.5853136	1	7	7															65	655583	4779	2865.5842	2753.5245	1.37e+07	-248.1643	-1.65e+07	0	4172.933	1070200	1414328	8_HMOX1	1	1	1	4.05	1	1	5	.4908544	.0482231	.3616052	.0590137	-.0737913	-.2895613	.030951	-.4377901	2.428737	.5595922	.152506	-.1215874	-.3446772	-.0140826	-.1412905	-.1210967	-.9357584													
InsH2Bfabp_CD15_09dpf_VAST02_plate01_HMOX1_200910_D06	200910	1	XX007	insH2Bfabp	CD15	HMOX1	1	0	0	2	1	9	.9545885	1	2	17.099009						13	111															211	944196	17999	2347.7907	2083.4932	4.23e+07	32.10559	2.78e+07	0	4136.358	1151234	1518525	8_HMOX1	1	1	3	7.116667	1	1	5	.3302958	.6346741	1.157523	.7025232	-.4908544	-.1915416	.4477675					.9252446	1.639431	1.185158	1.307593	.8034983	1.504199													
InsH2Bfabp_CD15_09dpf_VAST02_plate01_HMOX1_200910_G08	200910	1	XX026	insH2Bfabp	CD15	HMOX1	1	0	0	2	1	9	1	1	2	14.502745						32	130															256	697287	18309	3991.875	3500.4052	7.31e+07	-11.47097	2.54e+07	0	4054.01	1122598	1391180	8_HMOX1	1	1	3	8.7	1	1	5	-.088585	.413163	.2381501	.5244005	.5244005	-1.310954	-.2501529					.2450062	-.0845939	1.909639	1.453563	1.605273	1.338533													
InsH2Bfabp_CD15_09dpf_VAST02_plate01_HMOX1_200910_C07	200910	1	XX014	insH2Bfabp	CD15	HMOX1	1	0	0	2	1	9	1	1	2	13.829639						20	118															249	773956	20812	3461.3793	3067.0056	7.20e+07	-25.75149	3.45e+07	16	4217.863	1149948	1454987	8_HMOX1	1	1	3	7.95	1	1	5	.5933586	.5958401	.5585475	.8628221	.9518433		1.491606					-.0269563	.6309245	1.639431	1.909639	1.504199	1.726056													
InsH2Bfabp_CD15_09dpf_VAST02_plate01_HMOX1_200910_F08	200910	1	XX025	insH2Bfabp	CD15	HMOX1	1	0	0	2	1	9	1	1	2	14.406587						31	129	512456	8265	7295	17028	5522	62	8.208e+09	1	6007435	179909	181	275	191	136	157	784812	11783	3274.7667	2649.2012	3.86e+07	285.2759	1.09e+07	0	4108.319	1014648	1358222	8_HMOX1	1	1	3	8.633333	1	1	5	.2079166	-.1451209	.029494	-.4253408	-.5933586	1.055626	-.1553528					.1624294	.7752326	.5635893	.5308747	.6095368	.5735608	.0236496	.5462332	1.073562	1.672937	.8483799	.6020065	.6020065	.7824294	.2876889	1.505968	.2683089	.0710019	.5189816
InsH2Bfabp_CD15_09dpf_VAST02_plate01_HMOX1_200910_A08	200910	1	XX020	insH2Bfabp	CD15	HMOX1	1	0	0	2	1	9	1	1	2	17.483641						26	124	557376	8445	6793	13461	4944	66	7.342e+09	1	6757785	191962	173	310	197	121	171	748068	14262	2863.5182	2631.6111	4.08e+07	-105.0213	1.35e+07	0				8_HMOX1	1	1	3	8.35	1	1	5												1.011394	.3747248	.7377372	.8537231	.6839988	.7226751	.3624964	1.161883	1.37281	.8483799	.5462332	0	.1903223	1.161883	.6020065	1.260339	1.150349	.2387225	-.3624964
InsH2Bfabp_CD15_09dpf_VAST02_plate01_HMOX1_200910_F04	200910	1	NC861	insH2Bfabp	CD15	HMOX1	1	0	0	2	1	9	1	1	2	3.0599503	.2382072	.50739251	.1361184	.6235328	1	30	30	517261	5562	4580	23467	8321	93	1.194e+10	1	6427157	192788	192	252	249	126	62	575958	4896	2378.713	2207.4813	1.16e+07	-84.65228	-5717404	4	3988.22	999409.8	1282512	8_HMOX1	1	1	1	6.083333	1	1	5	-.2381501	-.3101982	-.4578519	-.2079166	-.3147636	-.0317348	-1.491606	-1.993984	-.8801318	-1.4342	-.6508373	-2.550635	-.8138509	-.0704692	-.0563585	-.2752391	-.3067468	1.505968	.6597193	-.6020065	-.5462332	1.672937	1.37281	1.906358	.9182451	.6597193	2.34813	-.2186495	1.314496	-.0710019
InsH2Bfabp_CD15_09dpf_VAST02_plate01_HMOX1_200910_G03	200910	1	NC854	insH2Bfabp	CD15	HMOX1	1	0	0	2	1	9	1	1	2	14.983534	.340296	.50739251	.2041776	1.2470656	1	23	23	516661	7949	7162	13728	3801	65	7.258e+09	1	4992034	176719	148	245	156	149	274	850095	22504	4104.3721	3492.9193	9.24e+07	109.9424	4.49e+07	0	4236.484	1228873	1476804	8_HMOX1	1	1	1	5.15	1	1	5	.6652629	1.851466	.8207921	-.4578519	1.281552	.6449072	.3472613	.313572	-.2494273	.1141853	-.6508373	.4455616	1.453563	2.123549	2.123549	2.095297	2.51073	.2631268	.6020065	.7824294	1.073562	.4921101	.0947312	-.5462332	.1423641	.1423641	.4134932	-.3186394	-1.161883	1.209645
InsH2Bfabp_CD15_09dpf_VAST02_plate01_HMOX1_200910_D07	200910	1	XX015	insH2Bfabp	CD15	HMOX1	1	0	0	2	1	9	1	1	2	13.252692						21	119															20	444704	1008	2828.7302	2673.4421	2851360	-189.6335	-2.54e+07	4	4095.024	1007903	1313406	8_HMOX1	1	1	3	8.016666	1	1	5	.1182339	-.2104284	-.2381501	-.1479871	-1.101709	.8103805	-.4822482					-.1624294	-1.130117	-.9162218	-1.130117	-1.26794	-1.726056													
InsH2Bfabp_CD15_09dpf_VAST02_plate01_HMOX1_200910_E03	200910	1	NC852	insH2Bfabp	CD15	HMOX1	1	0	0	2	1	9	1	1	2							21	21															5	274834	352	2439.642	2453.6377	858754	-316.9161	-2.23e+07	0	3734.202	948178.7	1163541	8_HMOX1	1	1	1	5.016667	1	1	5	-1.217197	-.8462095	-.9993048	-.029494	-.5585475	.0317348	-.5173122						-1.909639	-1.453563	-1.414199	-2.095297	-1.504199													
InsH2Bfabp_CD15_09dpf_VAST02_plate01_HMOX1_200910_G07	200910	1	XX018	insH2Bfabp	CD15	HMOX1	1	0	0	2	1	9	0	0	1	14.214271						24	122	470291	7710	6771	15561	3993	61	7.219e+09	1	4802023	184746	152	234	211	146	177	871236	13576	2261.8799	1981.9501	3.07e+07	67.14107	1.86e+07	0				8_HMOX1	1	1	3	8.216667	1	1	5												.0539321	1.539856	.8138509	.7752326	.3067468	.8899477	-.0473125	.3878687	.5462332	.7824294	.3878687	.2876889	-.3373553	.0947312	.3878687	.6020065	-.6445316	.5738966	.9929082
InsH2Bfabp_CD15_09dpf_VAST02_plate01_HMOX1_200910_B05	200910	1	NC865	insH2Bfabp	CD15	HMOX1	1	0	0	2	1	9	0	0	1	12.675744	.340296	.53910454	.2041776	2.1044232	1	34	34															98	811028	8240	3394.117	3033.1365	2.80e+07	-52.67284	-8730516	15	4319.661	1182876	1488557	8_HMOX1	1	1	1	6.35	1	1	5	1.157523	.8931164	.9518433	1.737194	.5585475	1.857141	2.085356	.313572	.5375191	.1141853	-.2104284	-.272879	1.130117	.1841031	.227256	.1515802	-.4362566													
InsH2Bfabp_CD15_09dpf_VAST02_plate01_HMOX1_200910_C08	200910	1	XX022	insH2Bfabp	CD15	HMOX1	1	0	0	2	1	9	1	1	2	8.8294265						28	126	213305	3878	3805	948	287	55	2.024e+08	3	1741256	80891	111	311	100	73									0	3379.521		873350.8	8_HMOX1	1	1	3	8.483334	1	1	5	-2.519125		-2.519125	-2.519125	-2.104968	-.0635016						-1.365669						-.5189816	-1.37281	-1.37281	-1.260339	-1.505968	-1.672937	-1.906358	-1.505968	-1.505968	-1.37281	1.249346	-1.906358	-1.260339
InsH2Bfabp_CD15_09dpf_VAST02_plate01_HMOX1_200910_E08	200910	1	XX024	insH2Bfabp	CD15	HMOX1	1	0	0	2	1	9	1	1	2	20.945327						30	128															116	575818	8718	3022.8486	2607.6576	2.64e+07	82.83979	-381359.9	0	4179.006	1111218	1462224	8_HMOX1	1	1	3	8.583333	1	1	5	.5244005	.3441025	.6652629	-.088585	-.0737913	.4954916	.3145723					2.141198	-.8537231	.3446772	.2854742	.1210967	-.0907253													
InsH2Bfabp_CD15_09dpf_VAST02_plate01_HMOX1_200910_F05	200910	1	XX001	insH2Bfabp	CD15	HMOX1	1	0	0	2	1	9	0	0	1	12.675744						7	105	580937	8419	7232	14668	6366	69	7.911e+09	2	7203179	208674	137	419	226	110	23	773522	1776	2508.741	2218.8201	4455524	31.87016	-1.32e+07	0	4135.545	1203841	1500296	8_HMOX1	1	1	3	6.716667	1	1	5	.2993069	1.232001	.9993048	.7407855	-.7801644	.4249322	.5530241					-.272879	.5969185	-.7943937	-.7012515	-.8034983	-.7226751	.6306003	1.37281	1.260339	1.260339	.7197189	.2387225	.8483799	1.37281	1.073562	-.0710019	1.898029	1.073562	-.9182451
InsH2Bfabp_CD15_09dpf_VAST02_plate01_HMOX1_200910_E07	200910	1	XX016	insH2Bfabp	CD15	HMOX1	1	0	0	2	1	9	1	1	2	14.310429						22	120	620636	8166	8763	13279	5064	76	7.914e+09	2	972	453	11	12	12	11	18	651508	1456	1937.8235	1908.3543	2821471	-169.2565	-7537422	0				8_HMOX1	1	1	3	8.083333	1	1	5												.0944758	-.4051146	-1.005603	-.9378634	-1.338533	-.3707237	1.260339	1.505968	.9182451	2.34813	.7824294	-.0947312	.2387225	-2.34813	-2.34813	-2.34813	-2.341027	-2.34813	-2.34813
InsH2Bfabp_CD15_09dpf_VAST02_plate01_HMOX1_200910_B08	200910	1	XX021	insH2Bfabp	CD15	HMOX1	1	0	0	2	1	9	1	1	2	21.329958						27	125															39	701826	3664	1880.3021	1632.2272	6889427	102.1126	2996631	49	4365.886	1158965	1518569	8_HMOX1	1	1	3	8.416667	1	1	5	1.737194	.7575541	1.217197	.029494	-.2686029	-.8103805	.7441428					2.550635	-.0281681	-.5308747	-.4051146	-.6095368	.1822052													
InsH2Bfabp_CD15_09dpf_VAST02_plate01_HMOX1_200910_F07	200910	1	XX017	insH2Bfabp	CD15	HMOX1	1	0	0	2	1	9	0	0	1	13.34885						23	121	536558	7891	6798	18906	6153	68	1.012e+10	1	7483005	235028	155	277	256	127	58	753804	3888	2651.6726	2434.188	1.03e+07	-81.71945	-1.24e+07	0	4250.249	1155122	1503765	8_HMOX1	1	1	3	8.15	1	1	5	.7801644	.7154047	1.049131	.9518433	.3616052	-1.173722	.2501529					-.1215874	.4358834	-.1841031	-.2854742	-.4032736	-.6463197	.5189816	.9929082	.7197189	.9182451	1.260339	.9929082	.7824294	1.505968	1.505968	.6894088	.3186394	1.672937	.0473125
InsH2Bfabp_CD15_09dpf_VAST02_plate01_HMOX1_200910_F06	200910	1	XX009	insH2Bfabp	CD15	HMOX1	1	0	0	2	1	9	1	1	2	9.502532						15	113															48	376176	3928	2069.9715	1625.6781	8130848	299.5825	4391414	0	3523.456	792077.9	1035568	8_HMOX1	1	1	3	7.233333	1	1	5	-2.104968	-2.488717	-1.737194	-2.104968	-1.88951	-1.478625	.5173122					-1.211232	-1.307593	-.3446772	-.2562565	-.5383123	.3067468													
InsH2Bfabp_CD15_09dpf_VAST02_plate01_HMOX1_200910_H06	200910	1	XX011	insH2Bfabp	CD15	HMOX1	1	0	0	2	1	9	.7503616	1	2	14.310429						17	115															294	742221	23214	3163.4542	2766.5517	7.34e+07	34.18918	4.30e+07	0	4284.44	1182278	1469073	8_HMOX1	1	1	3	7.366667	1	1	5	.9064346	.8462095	.7801644	1.616981	1.516426	1.001768	-.1867561					.0944758	.2854742	2.535274	2.535274	1.726056	2.095297													
InsH2Bfabp_CD15_09dpf_VAST02_plate01_HMOX1_200910_D08	200910	1	XX023	insH2Bfabp	CD15	HMOX1	1	0	0	2	1	9	1	1	2	10.848743						29	127																											8_HMOX1	1	1	3	8.533333	1	1	5												-.7890077																		
InsH2Bfabp_CD15_09dpf_VAST02_plate01_HMOX1_200910_H08	200910	1	XX027	insH2Bfabp	CD15	HMOX1	1	0	0	2	1	9	1	1	2	14.502745						33	131	43182	1489	863	471	59	29	20479074	3	7018323	220450	122		256	41	18	348573	1488	1392.4603	1363.0373	2071981	-65.10141	4482835	0	3856.243	876864.9	1136071	8_HMOX1	1	1	3	8.766666	1	1	5	-.7407855	-1.574445	-1.157523	-1.737194	-1.737194	-1.23942	-.7441428					.2173225	-1.453563	-1.005603	-.8950011	-1.605273	.338562	-1.672937	-1.906358	-2.34813	-2.34813	-2.34813	-2.34813	-2.34813	1.260339	1.161883	-.8483799		1.672937	-1.672937
InsH2Bfabp_CD15_09dpf_VAST02_plate01_HMOX1_200910_A01	200910	1	NC832	insH2Bfabp	CD15	HMOX1	1	0	0	2	1	9	0	0	1	18.44522	.3743256	.52324853	.170148	.4676496	1	1	1	519848	7534	5971	6343	1620	69	3.347e+09	1	5342895	190656	136	330	249	84	153	670920	12932	3687.3381	3188.5053	4.77e+07	55.49099	7348328	0	4238.278	1149200	1438433	8_HMOX1	1	1	1	3.583333	1	1	5	.7407855	.5578848	.4908544	1.429219	1.217197	1.580799	-.6648088	.9271548	-1.029957	-.5595922	-.3894143	1.562036	-.2562565	.5308747	.6656764	.9357584	.5037205	.6306003	.7824294	.3878687	.3373553	-.8483799	-1.260339	-1.260339	.2876889	.4921101	-.1662953	1.362383	1.314496	-1.161883
InsH2Bfabp_CD15_09dpf_VAST02_plate01_HMOX1_200910_H05	200910	1	XX003	insH2Bfabp	CD15	HMOX1	1	0	0	2	1	9	1	1	2	10.464111						9	107																							2	3734.06	1009922	1152924	8_HMOX1	1	1	3	6.85	1	1	5	-1.281552	-.1776799	-1.049131	1.157523	.6652629	1.173722	-1.403413					-.8846525																		
InsH2Bfabp_CD15_09dpf_VAST02_plate01_HMOX1_200910_H07	200910	1	XX019	insH2Bfabp	CD15	HMOX1	1	0	0	2	1	9	1	1	2	14.406587						25	123	768727	8178	6651	9336	2929	94	7.189e+09	2	7535447	265647	170	280	262	121	145	779294	11281	3231.8294	3009.7291	3.65e+07	-187.0803	308362	0	4372.791	1216805	1531504	8_HMOX1	1	1	3	8.283334	1	1	5	1.88951	1.574445	1.351702	1.88951	2.264727	.9019402	-.3145723					.1624294	.7377372	.4670705	.4670705	.5735608	0	1.672937	2.34813	.9929082	.7197189	.3373553	-1.073562	-1.073562	1.672937	2.34813	1.161883	.4484255	2.34813	-.3624964
InsH2Bfabp_CD15_09dpf_VAST02_plate01_HMOX1_200910_G02	200910	1	NC846	insH2Bfabp	CD15	HMOX1	1	0	0	2	1	9	.8103803	1	2	15.368166	.3062664	.61838462	.2041776	2.0264816	1	15	15	349311	6128	4760	10153	3310	57	3.326e+09	1	3298353	136219	130	237	168	123	65	713386	4791	4457.3949	3993.9848	2.14e+07	-133.8457	-3.78e+07	0	4238.267		1466740	8_HMOX1	1	1	1	4.633333	1	1	5	.7025232		.7407855	.2381501	1.737194	.2566249	-2.085356	-.4377901	.4307273	.1141853	.0760316	.5368115	.0845939	-.0140826	-.1128968	.0302049	-2.51073	-.3624964	-.3878687	-.3124258	-.2876889	-.9182451	-.9182451	-.7824294	-.9929082	-.9929082	-.3373553	-.5299395	-.7197189	-.1662953
InsH2Bfabp_CD15_09dpf_VAST02_plate01_HMOX1_200910_E02	200910	1	NC844	insH2Bfabp	CD15	HMOX1	1	0	0	2	1	9	1	1	2	13.156534	.3062664	.61838462	.2041776	1.6367736	1	13	13															40	726184	3072	3567.557	3065.7529	1.10e+07	81.9183	-2.65e+07	0	4263.484	1096952	1486928	8_HMOX1	1	1	1	4.5	1	1	5	.8628221	.2434042	.9064346	-.2381501	-.6469766	-.3904518	0	-.4377901	.0379883	.1141853	.0760316	-.1898044	.1128968	-.4828342	-.4670705	-.338562	-1.879026													
InsH2Bfabp_CD15_09dpf_VAST02_plate01_HMOX1_200910_D05	200910	1	NC867	insH2Bfabp	CD15	HMOX1	1	0	0	2	1	9	1	1	2	10.848743	.3062664	.65009666	.170148	2.1823648	1	36	36	312487	6250	6095	17578	5861	50	5.456e+09	1	3199045	144347	121	215	177	134	223	823949	16583	3048.6582	2537.9059	5.06e+07	191.7295	2.55e+07	0	3994.222	988045.1	1334356	8_HMOX1	1	1	1	6.483333	1	1	5	-.2079166	-.4842547	-.1479871	-.7801644	-1.157523	.2895613	1.253905	-.4377901	.6275435	-.5595922	.2494273	-.7890077	1.244045	1.376912	1.130117	.9836224	1.416509	-.7507051	-.7824294	-.1903223	.4921101	0	.7197189	.7197189	-1.073562	-.7824294	-.9182451	-1.362383	-.4393922	.3878687
InsH2Bfabp_CD15_09dpf_VAST02_plate01_HMOX1_200910_H01	200910	1	NC839	insH2Bfabp	CD15	HMOX1	1	0	0	2	1	9	1	1	2	14.021955	.2722368	.50739251	.1361184	.2338248	1	8	8	250292	7585	6082	24450	8165	33	6.309e+09	1	2520476	105725	115	194	176	116	184	550358	14398	4054.4551	3622.9906	5.84e+07	-94.9004	7865326	0	3924.173	995372.3	1305361	8_HMOX1	1	2	1	4.116667	2	1	5	-.4578519	-.3441025	-.2993069	.2079166	.1479871	-1.389907	-1.071487	-1.238894	-1.549706	-1.4342	-.6508373	.0269563	-.9825221	.8950011	.8950011	1.086838	.5383123	-1.505968	-1.260339	.4393922	.4393922	.0473125	1.672937	1.672937	-1.37281	-1.37281	-1.161883	-1.663793	-.5189816	-.6020065
InsH2Bfabp_CD15_09dpf_VAST02_plate01_HMOX1_200910_F03	200910	1	NC853	insH2Bfabp	CD15	HMOX1	1	0	0	2	1	9	1	1	2	9.2140582						22	22	406988	6564	6230	10804	3074	62	4.642e+09	2	5622457	175392	155	304	199	122	44	653004	3648	2831.2911	2688.6425	1.03e+07	-205.1775	-1.83e+07	0	3817.424	969278.3	1296733	8_HMOX1	1	2	1	5.083333	2	1	5	-.9993048	-.5578848	-.3616052	-.8207921	-1.351702	-1.112734	-1.128144					-1.269393	-.3747248	-.3747248	-.4358834	-.3707237	-1.086838	.0236496	.1423641	-.0947312	.6020065	-.2876889	-.6020065	-.9182451	.5462332	.0947312	.6894088	.9803303	.2876889	-.2631268
InsH2Bfabp_CD15_09dpf_VAST02_plate01_HMOX1_200910_A05	200910	1	NC864	insH2Bfabp	CD15	HMOX1	1	0	0	2	1	9	1	1	2	6.4254781						33	33															131	732180	10208	3871.7783	3577.4402	3.95e+07	-223.3228	-9920946	0				8_HMOX1	1	2	1	6.283333	2	1	5												-2.141198	.1412905	.4051146	.4051146	.6463197	-.5383123													
InsH2Bfabp_CD15_09dpf_VAST02_plate01_HMOX1_200910_H02	200910	1	NC847	insH2Bfabp	CD15	HMOX1	1	0	0	2	1	9	1	1	2	12.86806						16	16															100	696840	8168	2916.6192	2356.2312	2.38e+07	276.0803	2976070	13				8_HMOX1	1	2	1	4.7	2	1	5												-.2173225	-.1128968	.227256	.1984454	.0604375	.1515802													
InsH2Bfabp_CD15_09dpf_VAST02_plate01_HMOX1_200910_C05	200910	1	NC866	insH2Bfabp	CD15	HMOX1	1	0	0	2	1	9	0	0	1	12.194954	.4083552	.76108877	.2041776	2.4161896	1	35	35	572724	5844	4546	25928	8432	98	1.493e+10	1	5888501	243097	149	257	204	163	129	532368	9336	3189.3944	2842.7333	2.98e+07	-30.60934	-2463163	0	3807.043	954175.1	1212469	8_HMOX1	1	2	1	6.4	2	1	5	-1.049131	-.8010945	-.8628221	-1.157523	.7025232	.1915416	1.868242	1.608653	.7990828	.1141853	.6275435	-.3867724	-1.078302	.3747248	.3149377	.2130021	-.1515802	1.906358	1.260339	-.4393922	-.6020065	2.34813	1.906358	2.34813	.6597193	1.672937	.5189816	-.0723697	.3878687	2.077713
InsH2Bfabp_CD15_09dpf_VAST02_plate01_HMOX1_200910_B07	200910	1	XX013	insH2Bfabp	CD15	HMOX1	1	0	0	2	1	9	0	0	1	14.406587						19	117	537769	9272	7636	16207	4604	58	8.969e+09	2	5125309	195471	149	238	178	154	158	738093	10803	2803.7413	2657.439	3.03e+07	-195.5614	2388525	35	3880.932	964612.8	1341952	8_HMOX1	1	2	3	7.5	2	1	5	-.5933586	-.5958401	-.029494	-.5585475	-.9518433	-.3228149	-.3472613					.1624294	.1984454	.6138328	.4358834	.2752391	.1210967	-.2631268	1.073562	1.672937	1.906358	.9929082	.4393922	0	.2387225	.8483799	.5189816	-.4752407	-.3624964	1.672937
InsH2Bfabp_CD15_09dpf_VAST02_plate01_HMOX1_200910_E06	200910	1	XX008	insH2Bfabp	CD15	HMOX1	1	0	0	2	1	9	1	1	2	11.137217						14	112	324791	6128	5368	22703	7701	53	7.239e+09	1	3431993	138308	143	229	167	113	199	610933	15829	2592.9876	2258.3041	4.10e+07	69.08803	2.25e+07	0	3885.68	1001429	1289988	8_HMOX1	1	2	3	7.166667	2	1	5	-.5585475	-.2766469	-.4253408	-1.101709	.5933586	.4599256	1.071487					-.6327733	-.7377372	1.029232	1.029232	.7226751	1.033853	-.6306003	-.6020065	-.3124258	-.0473125	.4393922	1.260339	1.260339	-.8483799	-.9182451	.1903223	-.8347719	-.7824294	-.7507051
InsH2Bfabp_CD15_09dpf_VAST02_plate01_HMOX1_200910_G06	200910	1	XX010	insH2Bfabp	CD15	HMOX1	1	0	0	2	1	9	.6531544	1	2	15.272008						16	114															56	635414	5847	1565.3285	1387.308	9152476	78.85834	1.10e+07	0	4067.866	1295955	1437596	8_HMOX1	1	2	3	7.3	2	1	5	-.0590137	2.488717	.4578519	-.2993069	-2.519125	0	-1.868242					.5059336	-.5635893	-.227256	.0281681	-.5037205	.6095368													
InsH2Bfabp_CD15_09dpf_VAST02_plate01_HMOX1_200910_H03	200910	1	NC855	insH2Bfabp	CD15	HMOX1	1	0	0	2	1	9	1	1	2		.3062664	.65009666	.170148	1.7147152	1	24	24															0	1041063	0		2495.5751				0	4236.207	1212484	1564387	8_HMOX1	1	2	1	5.216667	2	1	5	.6289042	1.471982	1.88951	2.519125	.8207921	.0635016	.0619316	-.4377901	.1717471	-.5595922	.2494273		1.909639	-1.828892	-1.828892															
InsH2Bfabp_CD15_09dpf_VAST02_plate01_HMOX1_200910_F02	200910	1	NC845	insH2Bfabp	CD15	HMOX1	1	0	0	2	1	9	0	0	1	12.675744	.340296	.44396845	.170148	.0779416	1	14	14	390342	8674	5527	24115	6527	45	9.191e+09	1	3306405	150462	124	247	188	114	207	693886	16229	4339.0401	3664.6067	7.04e+07	140.1164	1.89e+07	0	4084.276	1226480	1334490	8_HMOX1	1	2	1	4.566667	2	1	5	.0590137	1.696752	-.1182339	-.8628221	1.049131	-1.702789	-2.502106	.313572	-2.428737	-.5595922	-1.549706	-.272879	-.1412905	1.130117	1.078302	1.416509	.9357584	-1.161883	.0947312	1.505968	.0947312	1.073562	1.505968	.9929082	-.9182451	-.6597193	-.6894088	-.2683089	-.0947312	-.6597193
InsH2Bfabp_CD15_09dpf_VAST02_plate01_HMOX1_200910_A07	200910	1	XX012	insH2Bfabp	CD15	HMOX1	1	0	0	2	1	9	1	1	2	16.522061						18	116	527388	7325	5841	22690	7870	72	1.223e+10	1	5514788	195073	162	231	223	140	247	800162	20288	3870.4495	3253.6072	7.85e+07	161.0605	3.67e+07	0	4073.106		1382940	8_HMOX1	1	2	3	7.433333	2	1	5	0		.1479871	.2686029	2.264727	.3228149	-.5894558					.7707414	.9825221	1.539856	1.758563	1.879026	1.879026	.9929082	.8483799	.3373553	.2387225	1.906358	1.161883	1.37281	.4393922	.7507051	.8483799	-.7683021	.9182451	.7197189
InsH2Bfabp_CD15_09dpf_VAST02_plate01_HMOX1_200910_B01	200910	1	NC833	insH2Bfabp	CD15	HMOX1	1	0	0	2	1	9	.0274265	0	1	10.944901	.340296	.4915365	.170148	1.2470656	1	2	2	374824	5512	4652	18025	6392	68	6.751e+09	2	4316999	156718	156	240	195	105	98	556407	7991	3087.9509	2761.2979	2.47e+07	-35.05641	-5656551	14	3890.375	958107.9	1250601	8_HMOX1	1	2	1	3.65	2	1	5	-.4908544	-.7154047	-.7801644	-.3616052	0	-.9019402	-.8729028	.313572	-.2494273	-.5595922	-.9982012	-.7349572	-.8950011	.1841031	.1697986	.0907253	-.2440025	.5189816	-.2876889	-.7197189	-.4393922	.0947312	.9182451	.9182451	-.2387225	-.6020065	.7824294	-.3957253	.1903223	-1.032396
InsH2Bfabp_CD15_09dpf_VAST02_plate01_HMOX1_200910_D03	200910	1	NC851	insH2Bfabp	CD15	HMOX1	1	0	0	2	1	9	1	1	2		.2722368	.52324853	.1361184	1.0911824	1	20	20															55	844862	5440	3109.3943	2624.9214	1.69e+07	148.8228	-1.02e+07	0	4300.123	1132048	1527437	8_HMOX1	1	2	1	4.95	2	1	5	1.049131	.4484255	1.281552	.1479871	-.1182339	1.389907	1.714594	-1.238894	-.3894143	-1.4342	-.3894143		1.376912	-.2562565	0	0	-.6095368													
InsH2Bfabp_CD15_09dpf_VAST02_plate01_HMOX1_200910_B02	200910	1	NC841	insH2Bfabp	CD15	HMOX1	1	0	0	2	1	9	0	0	1	15.079692	.2722368	.53910454	.170148	.7014744	1	10	10															95	709788	8336	3964.8161	3567.6147	3.31e+07	-118.582	-1.62e+07	0	4357.316	1192581	1594773	8_HMOX1	1	2	1	4.233333	2	1	5	1.616981	1.104836	2.519125	.4253408	.2079166	-.1272606	-.0929718	-1.238894	-.7990828	-.5595922	-.2104284	.4755309	.0563585	.1128968	.2562565	.4032736	-.8899477													
InsH2Bfabp_CD15_09dpf_VAST02_plate01_HMOX1_200910_D01	200910	1	NC835	insH2Bfabp	CD15	HMOX1	1	0	0	2	1	9	1	1	2	12.098796	.4083552	.58667259	.2722368	2.5720728	1	4	4	320587	5343	4071	16292	5118	60	5.222e+09	1	4075480	150372	137	291	154	122	198	639546	15666	4031.7235	3684.6034	6.32e+07	-191.0179	1.12e+07	5	3832.456	927258.6	1251303	8_HMOX1	1	2	1	3.783333	2	1	5	-.8207921	-1.104836	-.7407855	-1.049131	-.2079166	.8552639	-.7039218	1.608653	1.13214	.9674216	.0189907	-.4455616	-.4987188	.9825221	.9825221	1.26794	.6463197	-.1423641	-.6597193	-.7824294	-1.161883	-.0947312	.4921101	.3373553	-.5462332	-.7197189	-.0710019	.7050659	-1.260339	-.2631268
InsH2Bfabp_CD15_09dpf_VAST02_plate01_HMOX1_200910_A06	200910	1	XX004	insH2Bfabp	CD15	HMOX1	1	0	0	2	1	9	1	1	2	7.4832154						10	108	293040	6660	5752	17694	7572	44	4.496e+09	1	3866521	131610	144	223	164	131	20	639292	1423	2956.5313	2527.8575	4207144	111.5711	-2.07e+07	0	4022.184	993353.6	1275169	8_HMOX1	1	2	3	6.916667	2	1	5	-.1479871	-.3784071	-.5244005	-.2686029	.3302958	.1593188						-1.562036	-.5308747	-.9162218	-.9825221	-.9357584	-1.26794	-1.260339	-.9182451	.0473125	.1903223	-.3878687	.7824294	1.161883	-.6597193	-1.161883	.2631268	-1.104836	-.9929082	.2876889
InsH2Bfabp_CD15_09dpf_VAST02_plate01_HMOX1_200910_C06	200910	1	XX006	insH2Bfabp	CD15	HMOX1	1	0	0	2	1	9	0	0	1	16.233588						12	110	460404	6577	5352	13953	4607	70	6.887e+09	1	5884676	180295	176	306	174	128	218	737454	16720	3678.4898	3079.0082	6.15e+07	177.0629	2.37e+07	0	4128.83		1459114	8_HMOX1	1	2	3	7.05	2	1	5	.2686029		.5933586	1.516426	.8628221		-.3803256					.7000902	.1697986	1.275175	1.185158	1.203157	1.203157	.7824294	.2876889	-.0473125	-.0947312	.1423641	.1423641	.0473125	.6020065	.3373553	1.37281	1.061503	-.6020065	.1423641
InsH2Bfabp_CD15_09dpf_VAST02_plate01_HMOX1_200910_G05	200910	1	XX002	insH2Bfabp	CD15	HMOX1	1	0	0	2	1	9	1	1	2	8.8294265						8	106															21	258216	1504	2719.1336	2528.4647	4089577	-126.5498	-2.08e+07	10	3860.243	912753.6	1132587	8_HMOX1	1	2	3	6.783333	2	1	5	-.7025232	-1.166061	-1.217197	.3616052	.4253408	-.7251591	-.8284646					-1.365669	-2.123549	-.8537231	-.8336214	-.9836224	-1.338533													
InsH2Bfabp_CD15_10dpf_VAST02_plate01_HMOX1_200911_A04	200911	1	NC890	insH2Bfabp	CD15	HMOX1	1	0	0	2	1	10	1	1	2	11.855807	.3062664	.41225642	.2041776	2.2603064	1	10	59															36	700140	2962	2314.7606	2361.1424	6856321	-331.628	-1.41e+07	0	4328.02	1159204	1509717	8_HMOX1	1	3	2	4.633333	3	1	5	1.281552	.8010945	1.101709	.7801644	.088585	.6063177	.0929718	-.4377901	.6744897	.1141853	-2.166107	-.5524426	-.0563585	-.5801733	-.4987188	-.6463197	-.8034983													
InsH2Bfabp_CD15_10dpf_VAST02_plate01_HMOX1_200911_D08	200911	1	NC923	insH2Bfabp	CD15	HMOX1	1	0	0	2	1	10	.9921758	1	2	13.941544		.45982446	.2041776	1.4029488	1	43	92															32	742830	2240	1935.5308	1791.035	4335589	-31.8121	-3276026	0				8_HMOX1	1	3	2	7.483334	3	1	5									-.1141853	.1141853	-1.290233	0	.3149377	-.6656764	-.5969185	-.8459325	-.1822052													
InsH2Bfabp_CD15_10dpf_VAST02_plate01_HMOX1_200911_E09	200911	1	NC932	insH2Bfabp	CD15	HMOX1	1	0	0	2	1	10	1	1	2	18.907585	.3743256	1.2684813	.340296	2.4161896	1	3	101	311842	4950	4195	11583	4210	63	3.547e+09	1	4727459	166910	142	255	189	113	59	617396	3760	1562.1785	1584.066	5873791	-158.6471	3108791	0	4091.368	1153836	1368211	8_HMOX1	1	3	3	8.1	3	1	5	.088585	.6744897	.088585	2.104968	1.616981		.2183448	.9271548	.7990828	2.000424	1.382994	1.660698	-.7012515	-.1270809	-.3149377	-.7226751	.2130021	.118514	-.8483799	-.9929082	-.9182451	-.7197189	-.4393922	-.0947312	0	-.0947312	.1423641	-.1208042	-.0236496	-.7507051
InsH2Bfabp_CD15_10dpf_VAST02_plate01_HMOX1_200911_A06	200911	1	NC906	insH2Bfabp	CD15	HMOX1	1	0	0	2	1	10	1	1	2	17.815056	.2382072	.53910454	.1361184	3.1956056	1	26	75	518010	8094	5907	13335	4613	64	6.900e+09	2	6569493	191374	148	271	208	163	23	808092	1728	2218.7066	2283.1749	3833925	-334.8162	-1.53e+07	0	4347.629	1204469	1544110	8_HMOX1	1	3	2	5.783333	3	1	5	1.429219	1.303783	1.516426	.3932733	1.129176	2.075128	.5894558	-1.993984	1.77585	-1.4342	-.2104284	1.211232	1.078302	-.7943937	-.7377372	-1.033853	-.8459325	.1903223	.7197189	.8483799	.2876889	.1903223	-.0473125	.0947312	.9929082	.5462332	.4134932	.0723697	.4921101	2.077713
InsH2Bfabp_CD15_10dpf_VAST02_plate01_HMOX1_200911_A02	200911	1	NC876	insH2Bfabp	CD15	HMOX1	1	0	0	2	1	10	.9575464	1	2	13.742903	.4083552	.44396845	.1361184	.1558832	1	45	45															113	679814	10080	3177.602	2613.2559	3.20e+07	230.9251	5164578	0	4001.69	1069423	1314453	8_HMOX1	1	3	1	2.966667	3	1	5	-.177872	-.0160688	-.2079166	.3302958	-.1479871	-.1593188	.6648088	1.608653	-1.876359	-1.4342	-1.549706	-.0539321	-.1984454	.2854742	.3747248	.338562	.4032736													
InsH2Bfabp_CD15_10dpf_VAST02_plate01_HMOX1_200911_G02	200911	1	NC881	insH2Bfabp	CD15	HMOX1	1	0	0	2	1	10	1	1	2	14.63679	.3062664	.55496056	.2041776	1.3250072	1	1	50	382034	5877	5062	10066	3644	65	3.723e+09	1	4730431	166424	128	253	203	131	73	792612	6272	1991.0764	1723.2616	1.25e+07	104.4572	6463472	0	4171.633	1090477	1403741	8_HMOX1	1	3	2	3.466667	3	1	5	.4578519	.2104284	.2686029	.177872	-.2381501	-1.001768	1.188674	-.4377901	-.1717471	.1141853	-.0569997	.2868939	.8950011	.0845939	.0845939	-.1822052	.4362566	.2631268	-.1423641	-.3878687	-.1903223	-.6020065	-.9929082	-.6020065	.0473125	-.1903223	-.4393922	-.1695239	.3373553	.2876889
InsH2Bfabp_CD15_10dpf_VAST02_plate01_HMOX1_200911_G04	200911	1	NC896	insH2Bfabp	CD15	HMOX1	1	0	0	2	1	10	1	1	2	7.1877293	.3062664	.53910454	.170148	.9352992	1	16	65																							0	3578.185	830583.5	1027807	8_HMOX1	1	3	2	5.033333	3	1	5	-1.88951	-2.069902	-1.88951	-1.616981	-.8207921	-2.493243	-.4477675	-.4377901	-.6275435	-.5595922	-.2104284	-1.778823																		
InsH2Bfabp_CD15_10dpf_VAST02_plate01_HMOX1_200911_E08	200911	1	NC924	insH2Bfabp	CD15	HMOX1	1	0	0	2	1	10	0	0	1	15.729319	.2722368	1.0782091	.2722368	1.94854	1	44	93															26	692206	1687	2189.6817	2374.8716	3693993	-473.0595	-1.76e+07	0	4304.801	1143114	1449618	8_HMOX1	1	3	2	7.55	3	1	5	1.101709	.5207167	.5244005	1.049131	.0590137	2.493243	.4138112	-1.238894	.3487557	.9674216	1.062786	.6001788	-.1697986	-.7377372	-.7752326	-1.086838	-1.033853													
InsH2Bfabp_CD15_10dpf_VAST02_plate01_HMOX1_200911_A03	200911	1	NC882	insH2Bfabp	CD15	HMOX1	1	0	0	2	1	10	.0227533	0	1	18.212339	.3062664	.4915365	.2722368	1.0132408	1	2	51															42	801561	4800	3020.2337	2407.355	1.45e+07	318.8021	-7546925	0	4423.947	1250855	1570907	8_HMOX1	1	3	2	3.55	3	1	5	2.519125	2.069902	2.104968	.6289042	1.351702	1.702789	.6266873	-.4377901	-.5157048	.9674216	-.9982012	1.365669	1.029232	-.4358834	-.0845939	-.0604375	-.4032736													
InsH2Bfabp_CD15_10dpf_VAST02_plate01_HMOX1_200911_D04	200911	1	NC893	insH2Bfabp	CD15	HMOX1	1	0	0	2	1	10	.9748417	1	2	18.113018	.340296	.76108877	.1361184	1.7147152	1	13	62	422191	7037	5501	26824	7961	60	1.156e+10	1	4455405	164362	128	303	194	105	0	1183493	0		1503.8372				0	4151.02	1105745	1413475	8_HMOX1	1	3	2	4.833333	3	1	5	.4253408	.2766469	.3302958	0	-.029494	-.6449072	-.6266873	.313572	.1717471	-1.4342	.6275435	1.269393	2.123549	-1.828892	-1.828892			-.1423641	.1903223	.1903223	0	1.505968	2.34813	1.505968	-.1423641	-.3373553	-.4393922	.9051525	.1423641	-1.032396
InsH2Bfabp_CD15_10dpf_VAST02_plate01_HMOX1_200911_G09	200911	1	NC934	insH2Bfabp	CD15	HMOX1	1	0	0	2	1	10	1	1	2	10.96192	.3062664	.65009666	.2041776	1.6367736	1	5	103	346204	7065	6006	10956	3861	49	3.878e+09	1	4184650	164604	123	232	214	135	14	775020	992	1486.0423	1331.7816	1474154	65.7087	4616926	12	4380.354	1085199	1338932	8_HMOX1	1	3	3	8.25	3	1	5	2.104968	.1776799	-.0590137	-.6289042	.2686029	.5316958	-.2822162	-.4377901	.0379883	.1141853	.2494273	-.7000902	.6656764	-1.157199	-1.185158	-1.726056	.3707237	-.8827738	-.4393922	.2387225	.3878687	-.5462332	-.5462332	-.4393922	-.4921101	-.2876889	-.7824294	-.7050659	.6597193	.4393922
InsH2Bfabp_CD15_10dpf_VAST02_plate01_HMOX1_200911_G08	200911	1	NC926	insH2Bfabp	CD15	HMOX1	1	0	0	2	1	10	0	0	1	17.616414	.2382072	1.1733452	.2382072	2.1044232	1	46	95	389562	5814	4198	12738	4175	67	5.037e+09	1	6006403	206099	140	360	217	139									0	4188.619	1069826	1422642	8_HMOX1	1	3	2	7.683333	3	1	5	.5585475	.0160688	.3932733	.4908544	.2993069	.3564294	.9674216	-1.993984	.5375191	.5595922	1.290233	1.10579						.4393922	.0473125	-.4921101	-.8483799	-.1423641	-.1423641	-.1423641	.7197189	.9929082	.0947312	1.663793	.8483799	.6597193
InsH2Bfabp_CD15_10dpf_VAST02_plate01_HMOX1_200911_A07	200911	1	NC912	insH2Bfabp	CD15	HMOX1	1	0	0	2	1	10	.0370862	0	1	14.835432	.340296	.7928008	.2041776	.1558832	1	32	81															29	953459	1504	1838.2294	1967.5057	2764697	-339.3049	-8979352	0				8_HMOX1	1	3	2	6.458333	3	1	5								.313572	-1.876359	.1141853	.7478586	.3722894	1.758563	-.7012515	-.8336214	-1.416509	-.4697212													
InsH2Bfabp_CD15_10dpf_VAST02_plate01_HMOX1_200911_D06	200911	1	NC909	insH2Bfabp	CD15	HMOX1	1	0	0	2	1	10	0	0	1	18.212339	.3062664	.52324853	.4423848	2.4941312	1	29	78															50	740012	3680	3135.5598	2742.9887	1.15e+07	34.36033	-1.84e+07	2	4298.346		1466381	8_HMOX1	1	3	2	5.983333	3	1	5	.9993048		.7025232	.8207921	1.88951	.1272606	-.2183448	-.4377901	.9674216	2.428737	-.3894143	1.365669	.2562565	-.3149377	-.3747248	-.3067468	-1.143064													
InsH2Bfabp_CD15_10dpf_VAST02_plate01_HMOX1_200911_D03	200911	1	NC885	insH2Bfabp	CD15	HMOX1	1	0	0	2	1	10	1	1	2	16.424565	.3743256	.52324853	.170148	2.0264816	1	5	54	276263	5213	4657	12149	5094	53	3.253e+09	1	3656443	138547	113	265	166	143	10	656050	928	2721.4116	2282.475	2525470	168.7225	-1.66e+07	0	4041.583	1021436	1383209	8_HMOX1	1	3	2	3.766667	3	1	5	-.1182339	-.0804273	.177872	.1182339	-1.217197	.6844819	1.018076	.9271548	.4307273	-.5595922	-.3894143	.7349572	-.3149377	-1.244045	-1.244045	-1.504199	-.9836224	-.6306003	-1.073562	-.9182451	-.3878687	-.9929082	-.2876889	.2876889	-.7824294	-.8483799	-1.260339	.0241045	-.8827738	.9182451
InsH2Bfabp_CD15_10dpf_VAST02_plate01_HMOX1_200911_D07	200911	1	NC915	insH2Bfabp	CD15	HMOX1	1	0	0	2	1	10	1	1	2	14.736111	.340296	1.3001933	.2382072	2.4941312	1	35	84	469273	7821	6123	8390	2346	60	4.104e+09	2	5544348	187402	164	259	206	136	59	621262	4639	2155.6935	1908.0767	1.00e+07	48.94414	-352130.2	0	4142.761	1051104	1371605	8_HMOX1	1	3	2	6.933333	3	1	5	.3616052	-.0482231	.1182339	-.5933586	-.4578519	-.8552639	.7856053	.313572	.9674216	.5595922	1.48947	.3292913	-.6656764	-.1270809	-.1984454	-.4362566	-.0604375	-.1423641	.3373553	.6597193	.5462332	-.4921101	-1.161883	-1.161883	.4921101	.4393922	.9182451	-.0241045	.4393922	.5189816
InsH2Bfabp_CD15_10dpf_VAST02_plate01_HMOX1_200911_A08	200911	1	NC920	insH2Bfabp	CD15	HMOX1	1	0	0	2	1	10	1	1	2	17.417773	.3062664	.71352072	.2041776	.9352992	1	40	89	662502	9331	7016	10265	3480	71	7.016e+09	2	7938012	232063	187	284	256	129	16	777937	1280	2483.968	2137.9596	3179479	103.4088	-1.26e+07	0				8_HMOX1	1	3	2	7.275	3	1	5								-.4377901	-.6275435	.1141853	.4516583	.9674216	.7012515	-1.078302	-1.029232	-1.203157	-.6839988	.9182451	1.672937	1.906358	.9929082	.2387225	-.8483799	-.7197189	1.906358	1.37281	1.672937	.5862727	1.672937	.1903223
InsH2Bfabp_CD15_10dpf_VAST02_plate01_HMOX1_200911_D09	200911	1	NC931	insH2Bfabp	CD15	HMOX1	1	0	0	2	1	10	0	0	1	14.934752	.2722368	1.4746095	.2722368	2.338248	1	2	100	378854	6765	4620	12131	3846	56	4.570e+09	1	4220689	164143	127	273	162	148	97	811994	7127	2257.8458	2096.8039	1.61e+07	-73.6935	1319828	0	4069.164	1121790	1459547	8_HMOX1	1	3	3	8.033334	3	1	5	-.029494	.3784071	.6289042	.9993048	.4578519	-1.055626	.4822482	-1.238894	.7229722	.9674216	2.000424	.4159872	1.185158	.1412905	.1128968	-.0302049	.0302049	-.4393922	-.2387225	.1423641	-.4921101	-.3373553	-.3373553	-.4921101	-.3373553	-.3878687	-.5462332	.1695239	-1.073562	1.073562
InsH2Bfabp_CD15_10dpf_VAST02_plate01_HMOX1_200911_A09	200911	1	NC928	insH2Bfabp	CD15	HMOX1	1	0	0	2	1	10	.8282966	1	2	10.763278	.3062664	1.0940651	.170148	1.558832	1	48	97															43	647117	2928	2381.8405	2148.183	6974029	-10.89561	-9000960	7	4101.735	964074.4	1275259	8_HMOX1	1	3	2	7.816667	3	1	5	.177872	-.6346741	-.4908544	-.7025232	-1.516426	.5686108	.8729028	-.4377901	-.0569997	-.5595922	1.13214	-.8454682	-.4670705	-.4051146	-.5308747	-.5735608	-.5037205													
InsH2Bfabp_CD15_10dpf_VAST02_plate01_HMOX1_200911_E04	200911	1	NC894	insH2Bfabp	CD15	HMOX1	1	0	0	2	1	10	1	1	2		.2722368	.53910454	.170148	1.0911824	1	14	63															0	397578	0		776.4941				0	3755.517	935602.8	1054379	8_HMOX1	1	4	2	4.9	4	1	5	-1.157523	-.8931164	-1.616981	-.3932733	.177872	.0953326	1.324958	-1.238894	-.3894143	-.5595922	-.2104284		-1.185158	-1.828892	-1.828892															
InsH2Bfabp_CD15_10dpf_VAST02_plate01_HMOX1_200911_B05	200911	1	NC899	insH2Bfabp	CD15	HMOX1	1	0	0	2	1	10	1	1	2	15.629998	.340296	1.3477614	.2382072	3.117664	1	19	68	531717	7596	6507	17239	5138	70	9.219e+09	1	4219317	195073	144	228	184	142									15	4144.002	1110650	1410739	8_HMOX1	1	4	2	5.233333	4	1	5	.3932733	.3101982	.2993069	-.3302958	-.5244005	1.23942	-.9191355	.313572	1.616156	.5595922	1.616156	.5682099						.7824294	.9182451	.4921101	.6597193	1.161883	.6597193	.3878687	-.3878687	.7507051	.2631268	-.9051525	-.2387225	.8483799
InsH2Bfabp_CD15_10dpf_VAST02_plate01_HMOX1_200911_B03	200911	1	NC883	insH2Bfabp	CD15	HMOX1	1	0	0	2	1	10	.7734295	1	2	20.596039	.3062664	.71352072	.3062664	2.4941312	1	3	52	328375	4691	4273	4537	1520	70	1.538e+09	1	5349654	176987	136	293	216	111	114	650350	9424	3511.147	2889.8513	3.31e+07	235.0218	-253666.8	17				8_HMOX1	1	4	2	3.625	4	1	5								-.4377901	.9674216	1.549706	.4516583	1.928738	-.4358834	.3149377	.3446772	.4362566	-.0302049	.7824294	-.4921101	-1.161883	-.7824294	-1.260339	-1.37281	-1.37281	.3373553	.2387225	-.1662953	.7683021	.7824294	-.8483799
InsH2Bfabp_CD15_10dpf_VAST02_plate01_HMOX1_200911_B02	200911	1	NC877	insH2Bfabp	CD15	HMOX1	1	0	0	2	1	10	1	1	2	17.517094	.340296	1.3794734	.2041776	2.727956	1	46	46	85086	3151	3388	10284	2974	27	7.998e+08	1	1371867	69295	96	224	151	48	232	767762	18070	5512.2525	4722.3939	9.96e+07	53.41549	2.34e+07	27	3950.045	1075270	1384869	8_HMOX1	1	4	1	3.1	4	1	5	-.3932733	.1127151	.2079166	1.217197	.7407855		1.403413	.313572	1.382994	.1141853	1.77585	1.057414	.5308747	1.453563	1.376912	2.51073	1.143064	-1.906358	-1.672937	-1.505968	-1.505968	-1.37281	-.7824294	-.9929082	-1.672937	-1.672937	-1.672937	-.9803303	-1.37281	-1.37281
InsH2Bfabp_CD15_10dpf_VAST02_plate01_HMOX1_200911_E02	200911	1	NC879	insH2Bfabp	CD15	HMOX1	1	0	0	2	1	10	0	0	1	20.000114	.2722368	.44396845	.170148	3.3514888	1	48	48															204	769022	17057	3431.8592	3001.7076	5.85e+07	22.50381	2.26e+07	0				8_HMOX1	1	4	1	3.291667	4	1	5								-1.238894	2.000424	-.5595922	-1.549706	1.778823	.5635893	1.078302	1.244045	1.143064	1.086838													
InsH2Bfabp_CD15_10dpf_VAST02_plate01_HMOX1_200911_B07	200911	1	NC913	insH2Bfabp	CD15	HMOX1	1	0	0	2	1	10	0	0	1	10.167354	.340296	.63424064	.2041776	.389708	1	33	82	350150	5558	4316	13604	4264	63	4.761e+09	1	4198645	173371	146	223	178	149	62	662668	4608	2540.6814	2173.4068	1.17e+07	117.9017	-4858197	15	4259.385	1084900	1263745	8_HMOX1	1	4	2	6.8	4	1	5	.8207921	.1451209	-.6289042	1.101709	.1182339	.7251591		.313572	-1.13214	.1141853	.152506	-.9674216	-.2854742	-.0704692	-.227256	-.2440025	-.2130021	.118514	-.3373553	-.6597193	-.7197189	-.2387225	.0473125	-.0473125	-.4393922	0	.3373553	-1.104836	-.3624964	1.209645
InsH2Bfabp_CD15_10dpf_VAST02_plate01_HMOX1_200911_B04	200911	1	NC891	insH2Bfabp	CD15	HMOX1	1	0	0	2	1	10	1	1	2	14.63679	.3743256	.7928008	.2722368	1.94854	1	11	60															36	374580	2091	2666.4165	2526.0651	5575477	-176.4088	-1.92e+07	0				8_HMOX1	1	4	2	4.7	4	1	5								.9271548	.3487557	.9674216	.7478586	.2868939	-1.376912	-.5801733	-.6309245	-.762464	-1.203157													
InsH2Bfabp_CD15_10dpf_VAST02_plate01_HMOX1_200911_B08	200911	1	NC921	insH2Bfabp	CD15	HMOX1	1	0	0	2	1	10	1	1	2	13.643582	.4083552	.99892901	.3062664	1.0911824	1	41	90	327753	5651	4172	10337	3278	58	3.586e+09	2	4439047	166793	118	272	185	150	181	756860	15309	2834.9936	2402.9545	4.34e+07	138.8034	2.15e+07	11	3832.773	988433.8	1270743	8_HMOX1	1	4	2	7.35	4	1	5	-.7801644	-.4484255	-.5933586	-.4908544	-.3932733	1.112734	.1867561	1.608653	-.3894143	1.549706	.9084579	-.0809473	.4670705	.8537231	.9378634	.8459325	.9836224	-.2631268	-.5462332	-.5462332	-.9929082	-.6597193	-.7197189	-.8483799	-.1903223	-.1423641	-.9929082	.1208042	-.1903223	1.37281
InsH2Bfabp_CD15_10dpf_VAST02_plate01_HMOX1_200911_E01	200911	1	NC873	insH2Bfabp	CD15	HMOX1	1	0	0	2	1	10	0	0	1	18.410981	.340296	1.6014576	.2722368	2.8838392	1	42	42															104	791561	7477	4809.3828	4037.4262	3.60e+07	166.3998	-2.43e+07	0	3947.622	1141798	1431390	8_HMOX1	1	4	1	2.75	4	1	5	-.4253408	.4842547	.4253408	.6652629	.4908544		.9191355	.313572	1.48947	.9674216	2.428737	1.476592	.8537231	.2562565	.1412905	.5383123	-1.605273													
InsH2Bfabp_CD15_10dpf_VAST02_plate01_HMOX1_200911_B09	200911	1	NC929	insH2Bfabp	CD15	HMOX1	1	0	0	2	1	10	1	1	2	11.955128	.4083552	.4915365	.1361184	.4676496	1	49	98	256920	6588	5639	11777	3925	39	2.826e+09	1	2844855	113064	110	216	172	119	136	708854	11920	2449.0289	2007.7495	2.92e+07	223.561	1.65e+07	36	3962.561	1189485	1308636	8_HMOX1	1	4	2	7.883333	4	1	5	-.3616052	.9934046	-.2686029	1.281552	.7801644	.9506695	-1.018076	1.608653	-1.029957	-1.4342	-.9982012	-.4906756	.0281681	.4358834	.5635893	.1822052	.8034983	-1.37281	-1.161883	0	.1423641	-1.161883	-.3878687	-.3878687	-1.260339	-1.260339	-1.505968	-1.249346	-.6597193	-.5462332
InsH2Bfabp_CD15_10dpf_VAST02_plate01_HMOX1_200911_E06	200911	1	NC910	insH2Bfabp	CD15	HMOX1	1	0	0	2	1	10	0	0	1	6.5918044	.3743256	.50739251	.1361184	.3117664	1	30	79	132362	2877	3066	830	314	46	96582992	2	2913491	134893	124	575	119	39	8	318060	624	2237.1506	1949.8017	1395982	80.70331	-9933490	0	3864.604	901717.8	1129790	8_HMOX1	1	4	2	6.05	4	1	5	-.6652629	-1.303783	-1.281552	-1.281552	-.3616052	-.3564294	-1.593219	.9271548	-1.290233	-1.4342	-.6508373	-1.928738	-1.758563	-1.341447	-1.307593	-1.879026	-.5735608	-1.073562	-1.505968	-1.672937	-1.672937	-1.672937	-1.906358	-1.672937	-1.161883	-1.073562	-.6894088	2.341027	-1.505968	-1.906358
InsH2Bfabp_CD15_10dpf_VAST02_plate01_HMOX1_200911_F08	200911	1	NC925	insH2Bfabp	CD15	HMOX1	1	0	0	2	1	10	0	0	1	12.15377	.340296	.66595267	.2722368	1.8705984	1	45	94	387346	5306	4672	14107	4170	73	5.303e+09	1	5358953	176858	128	347	176	120	52	678662	4768	1927.5233	1791.9153	9190431	-40.86819	1558201	0	3984.306	985233.8	1293263	8_HMOX1	1	5	2	7.616667	5	1	5	-.2686029	-.5207167	-.3932733	-1.217197	-.8628221	-.9506695	.3803256	.313572	.2888094	.9674216	.3487557	-.4159872	-.227256	-.2854742	-.1697986	-.4697212	.0604375	1.073562	-.0473125	-.8483799	-.3373553	-.0473125	.1903223	-.1903223	.3878687	.1903223	-.4393922	1.496147	-.5189816	-.4655894
InsH2Bfabp_CD15_10dpf_VAST02_plate01_HMOX1_200911_C01	200911	1	NC871	insH2Bfabp	CD15	HMOX1	1	0	0	2	1	10	1	1	2	11.557845	.3743256	.47568048	.1361184	1.6367736	1	40	40															34	224199	1855	2313.0873	2224.6352	4290777	-170.7097	-1.35e+07	0	3788.768	901329.1	1143368	8_HMOX1	1	5	1	2.616667	5	1	5	-1.101709	-1.382994	-1.101709	.2993069	.3932733	-2.075128	-1.324958	.9271548	.0379883	-1.4342	-1.207414	-.6001788	-2.535274	-.6309245	-.6656764	-.8899477	-.762464													
InsH2Bfabp_CD15_10dpf_VAST02_plate01_HMOX1_200911_H05	200911	1	NC905	insH2Bfabp	CD15	HMOX1	1	0	0	2	1	10	.9871457	1	2	16.225923	.340296	.50739251	.2722368	1.4029488	1	25	74	705298	8396	7283	15936	5467	84	1.091e+10	3	8013439	231949	188	300	211	151	218	745832	18362	3646.9981	3299.325	6.70e+07	-116.8445	2.40e+07	0	4351.6	1187616	1482621	8_HMOX1	1	5	2	5.716667	5	1	5	1.516426	.9420758	.8628221	.9064346	1.129176	1.478625	.8284646	.313572	-.1141853	.9674216	-.6508373	.6493239	.3446772	1.275175	1.539856	1.338533	1.26794	1.37281	1.906358	1.161883	1.37281	1.37281	.3373553	.5462332	2.34813	1.260339	1.906358	.8347719	.5738966	1.505968
InsH2Bfabp_CD15_10dpf_VAST02_plate01_HMOX1_200911_C08	200911	1	NC922	insH2Bfabp	CD15	HMOX1	1	0	0	2	1	10	1	1	2	12.650374	.3743256	1.014785	.2722368	2.6500144	1	42	91	316351	6456	5509	10396	3497	49	3.187e+09	1	3771704	157790	138	240	182	127	67	797850	4992	2796.4882	2305.268	1.40e+07	216.6507	-5693396	20	3967.021		1366416	8_HMOX1	1	5	2	7.416667	5	1	5	-.3302958		.0590137	-.0590137	1.429219		-.1241019	.9271548	1.247754	.9674216	.9982012	-.3292913	.9378634	.0281681	-.0281681	-.0907253	-.2752391	-.8827738	-.7197189	-.1423641	.0473125	-1.073562	-.6597193	-.6597193	-.7197189	-.5462332	0	-.3957253	-.2876889	.0473125
InsH2Bfabp_CD15_10dpf_VAST02_plate01_HMOX1_200911_F05	200911	1	NC903	insH2Bfabp	CD15	HMOX1	1	0	0	2	1	10	0	0	1	16.225923	.3743256	.41225642	.2722368	.3117664	1	23	72	385841	7717	7175	11253	4137	50	4.158e+09	1	6088836	165118	166	236	215	131	40	763756	2917	2302.76	2034.3444	6717151	45.61527	-6592066	16	4327.691	1197112	1533074	8_HMOX1	1	5	2	5.566667	5	1	5	1.217197	1.166061	1.429219	1.351702	.9993048	1.310954	1.593219	.9271548	-1.290233	.9674216	-2.166107	.6493239	.4987188	-.4828342	-.5635893	-.6839988	-.338562	-.7507051	-.0947312	.6020065	1.161883	-.4393922	-.4921101	-.2387225	.8483799	-.2387225	1.032396	-.5862727	.7197189	.2876889
InsH2Bfabp_CD15_10dpf_VAST02_plate01_HMOX1_200911_F04	200911	1	NC895	insH2Bfabp	CD15	HMOX1	1	0	0	2	1	10	1	1	2	10.266674	.3062664	.71352072	.170148	1.0911824	1	15	64															0	1467407	0		1009.5948				0	4077.508	957808.8	1251603	8_HMOX1	1	5	2	4.966667	5	1	5	.029494	-.7575541	-.7025232	-.9518433	-.9064346	.7670732	1.128144	-.4377901	-.3894143	-.5595922	.4516583	-.9252446	2.535274	-1.828892	-1.828892															
InsH2Bfabp_CD15_10dpf_VAST02_plate01_HMOX1_200911_C03	200911	1	NC884	insH2Bfabp	CD15	HMOX1	1	0	0	2	1	10	.8124151	1	2	12.253091	.340296	.50739251	.2041776	1.0132408	1	4	53	511537	4781	4423	17759	6664	107	8.928e+09	2	6676992	250322	166	280	224	127	72	590499	5884	2036.3215	1817.9042	1.20e+07	36.97523	3740903	0	3820.088	960291.1	1241943	8_HMOX1	1	5	2	3.7	5	1	5	-.9518433	-.6744897	-.8207921	-.1182339	-.7407855	-.4249322	.1553528	.313572	-.5157048	.1141853	-.6508373	-.357884	-.7752326	.0563585	.0563585	-.2130021	.2752391	2.34813	.4921101	-1.073562	-.6597193	.9182451	.8483799	1.073562	1.073562	1.906358	1.032396	.4484255	.9929082	.0473125
InsH2Bfabp_CD15_10dpf_VAST02_plate01_HMOX1_200911_H03	200911	1	NC889	insH2Bfabp	CD15	HMOX1	1	0	0	2	1	10	1	1	2	9.7700703	.3062664	.55496056	.1361184	.9352992	1	9	58	28092	1652	929	2660	750	17	74442064	1	544276	32429	64	152	115	44	8	327272	352	2031.6591	1550.2452	715144	351.117	-1257870	0	3654.594	859070.1	1072937	8_HMOX1	1	5	2	4.033333	5	1	5	-1.616981	-1.696752	-1.429219	-.5244005	-.9993048	-.4954916	-1.714594	-.4377901	-.6275435	-1.4342	-.0569997	-1.10579	-1.639431	-1.341447	-1.414199	-2.51073	-.1210967	-2.34813	-2.34813	-1.906358	-1.906358	-1.906358	-1.505968	-1.505968	-1.906358	-1.906358	-1.906358	-1.898029	-1.672937	-1.505968
InsH2Bfabp_CD15_10dpf_VAST02_plate01_HMOX1_200911_F09	200911	1	NC933	insH2Bfabp	CD15	HMOX1	1	0	0	2	1	10	1	1	2	8.0816166	.340296	.50739251	.170148	.8573576	1	4	102															58	348153	3696	3685.3423	2957.7256	1.36e+07	328.3731	-2.13e+07	0	3589.079	903377.7	999828.5	8_HMOX1	1	5	3	8.183333	5	1	5	-1.737194	-1.232001	-2.104968	.5585475	-1.049131	-.4599256	-.7856053	.313572	-.7229722	-.5595922	-.6508373	-1.476592	-1.539856	-.1841031	-.3446772	-.1515802	-1.416509													
InsH2Bfabp_CD15_10dpf_VAST02_plate01_HMOX1_200911_F01	200911	1	NC874	insH2Bfabp	CD15	HMOX1	1	0	0	2	1	10	0	0	1	17.02049	.3062664	1.1099211	.2041776	1.7926568	1	43	43															151	544820	13199	2443.3242	2218.8297	3.22e+07	-33.55803	1.46e+07	7	3877.375	933569	1252560	8_HMOX1	1	5	1	2.816667	5	1	5	-.6289042	-.9420758	-.6652629	-1.351702	-1.616981	-.2566249	-.5530241	-.4377901	.2494273	.1141853	1.207414	.8846525	-1.029232	.4987188	.7377372	.3707237	.762464													
InsH2Bfabp_CD15_10dpf_VAST02_plate01_HMOX1_200911_F03	200911	1	NC887	insH2Bfabp	CD15	HMOX1	1	0	0	2	1	10	1	1	2	16.623206	.340296	.72937674	.2041776	2.1044232	1	7	56	473787	10081	7286	15958	5294	47	7.126e+09	1	4684576	167202	117	281	238	120	173	631589	13056	4128.36	3626.6167	5.39e+07	-25.31446	3304239	0	3821.679		1275035	8_HMOX1	1	5	2	3.9	5	1	5	-.8628221		-.5585475	-.177872	.9064346	-.7670732	-1.253905	.313572	.5375191	.1141853	.5375191	.807541	-.5969185	.7752326	.7012515	1.033853	.2440025	-.9929082	.4393922	2.34813	1.505968	.2876889	.3878687	.4921101	-.0473125	-.0473125	-1.073562	.5299395	1.161883	-.4655894
InsH2Bfabp_CD15_10dpf_VAST02_plate01_HMOX1_200911_C07	200911	1	NC914	insH2Bfabp	CD15	HMOX1	1	0	0	2	1	10	1	1	2	11.855807	.3062664	.44396845	.170148	.2338248	1	34	83															251	752268	19800	2123.2557	1859.3106	4.20e+07	74.59083	3.28e+07	0	4101.501	1071920	1356622	8_HMOX1	1	5	2	6.866667	5	1	5	.1479871	.0804273	0	.088585	.029494	-.0953326	.2822162	-.4377901	-1.549706	-.5595922	-1.549706	-.5524426	.4051146	1.758563	1.639431	.762464	1.605273													
InsH2Bfabp_CD15_10dpf_VAST02_plate01_HMOX1_200911_C04	200911	1	NC892	insH2Bfabp	CD15	HMOX1	1	0	0	2	1	10	.9492656	1	2	9.7700703	.3062664	.66595267	.170148	1.6367736	1	12	61															0	826832	0		935.89706				0	3720.836	852595.2	1105476	8_HMOX1	1	5	2	4.766667	5	1	5	-1.351702	-1.851466	-1.351702	-.9993048	-1.281552	-1.580799	-.9674216	-.4377901	.0379883	-.5595922	.3487557	-1.10579	1.307593	-1.828892	-1.828892															
InsH2Bfabp_CD15_10dpf_VAST02_plate01_HMOX1_200911_H08	200911	1	NC927	insH2Bfabp	CD15	HMOX1	1	0	0	2	1	10	0	0	1	11.061241	.340296	.55496056	.2382072	.7014744	1	47	96	459317	6207	4074	16995	5264	74	7.769e+09	1	4625901	206061	139	279	189	123	158	552642	11551	2600.3624	2452.653	3.00e+07	-155.0229	6931992	0	3671.76	933165.3	1180573	8_HMOX1	1	5	2	7.75	5	1	5	-1.516426	-.9934046	-.9064346	-.6652629	-.3147636	-1.857141	-.030951	.313572	-.7990828	.5595922	-.0569997	-.6660544	-.9378634	.6138328	.4987188	.2440025	.4697212	1.161883	.2387225	-.2387225	-1.073562	.6597193	.5462332	.4393922	-.0947312	.9182451	.0473125	.3697907	-.0236496	-.1662953
InsH2Bfabp_CD15_10dpf_VAST02_plate01_HMOX1_200911_F07	200911	1	NC917	insH2Bfabp	CD15	HMOX1	1	0	0	2	1	10	1	1	2	9.7700703	.2722368	.76108877	.170148	1.2470656	1	37	86	389175	7076	4787	20576	5719	55	7.763e+09	1	4268353	161967	126	214	191	138									0	3821.528	898861.7	1165470	8_HMOX1	1	5	2	7.066667	5	1	5	-.9064346	-1.471982	-.9518433	-1.88951	-1.429219	-.2239646	-.0619316	-1.238894	-.2494273	-.5595922	.6275435	-1.10579						-.5189816	0	.2876889	-.2387225	.6020065	1.073562	.6597193	-.2876889	-.4921101	-.6020065	-1.496147	.0710019	.6020065
InsH2Bfabp_CD15_10dpf_VAST02_plate01_HMOX1_200911_C06	200911	1	NC908	insH2Bfabp	CD15	HMOX1	1	0	0	2	1	10	1	1	2	11.955128	.4083552	.50739251	.3062664	.3117664	1	28	77															14	396123	1104	3172.9284	2966.3018	3502913	-194.2557	-3.16e+07	0	4125.757	1019507	1335208	8_HMOX1	1	5	2	5.916667	5	1	5	.2381501	-.1127151	-.088585	-.7407855	-.4253408	.3904518	-.4138112	1.608653	-1.290233	1.549706	-.6508373	-.4906756	-1.244045	-1.157199	-1.078302	-1.143064	-2.095297													
InsH2Bfabp_CD15_10dpf_VAST02_plate01_HMOX1_200911_H07	200911	1	NC919	insH2Bfabp	CD15	HMOX1	1	0	0	2	1	10	0	0	1	14.835432	.3062664	.99892901	.2382072	2.6500144	1	39	88	382007	6702	5107	12325	4039	57	5.033e+09	1	4044044	163255	135	274	166	126	166	738430	11985	2837.2967	2416.0057	3.40e+07	125.5613	1.18e+07	0	3978.347	1003926	1303432	8_HMOX1	1	5	2	7.2	5	1	5	-.2993069	-.2434042	-.3302958	-1.429219	-.7025232	.2239646	.7039218	-.4377901	1.247754	.5595922	.9084579	.3722894	.227256	.6656764	.5969185	.4697212	.6839988	-.3624964	-.1903223	.0947312	-.1423641	-.1903223	-.1903223	-.2876889	-.6020065	-.4393922	-.2387225	.2186495	-.8827738	-.0710019
InsH2Bfabp_CD15_10dpf_VAST02_plate01_HMOX1_200911_C09	200911	1	NC930	insH2Bfabp	CD15	HMOX1	1	0	0	2	1	10	0	0	1	10.068033	.3743256	.80865682	.3062664	1.7147152	1	1	99	286252	4337	3611	12264	4739	66	3.362e+09	1	5043374	174310	132	286	186	141	195	628617	13938	2503.6077	2202.7056	3.49e+07	45.9306	1.76e+07	0	3887.91	988792.8	1324397	8_HMOX1	1	5	3	7.966667	5	1	5	-.5244005	-.413163	-.177872	-1.516426	-.6469766	-.6063177	2.502106	.9271548	.1717471	1.549706	.8254945	-1.011394	-.6309245	.9378634	.8138509	.5037205	.8459325	.3624964	-.9929082	-1.260339	-1.37281	-.7824294	-.2387225	.1423641	.1903223	.0473125	-.2876889	.6445316	-.1423641	.7824294
InsH2Bfabp_CD15_10dpf_VAST02_plate01_HMOX1_200911_H09	200911	1	NC935	insH2Bfabp	CD15	HMOX1	1	0	0	2	1	10	.0473924	0	1	7.2870501	.3062664	.4915365	.170148	.5455912	1	6	104																							0	3675.998	927363.3	1064309	8_HMOX1	1	5	3	8.316667	5	1	5	-1.429219	-1.047494	-1.516426	-.9064346	.2381501	-.5686108	-1.188674	-.4377901	-.9375322	-.5595922	-.9982012	-1.660698																		
