filename	date	plate	index	line	diet	Exp	overfeeding	cholesterol	glucose	VAST	Imaged	age	glo1_nwt	glo1_dich	qRNA	protein	ldl	gluc	tc	tg	Anders_batch	pos_bio	Löpnr	Volume	CellVolume_Av	CellVolume_Stdev	CellInt_Av	CellInt_Stdev	NrCells	CellInt_Tot	isletNr	IV	ISA	IED	IPAL1	IPAL2	IPAL3	LiverLipN	LiverArea	LiverLipArea	LiverLipInt_Av	LiverLipIntBG	LiverLipInt_Tot	LiverLipInt_Av_Res	LiverLipInt_Tot_Res	vld_area	length	dorsal_area	lateral_area	file	batch	tank	batch_bio	tod	tank_n	batch_n	nr_tanks	intlength	intdorsal_area	intlateral_area	intangle	inteye_area	intcurvature	intpig_dorsal_tail	intldl	inttg	inttc	intgluc	intprotein	intLiverArea	intLiverLipN	intLiverLipArea	intLiverLipInt_Tot	intLiverLipInt_Tot_Res	intNrCells	intVolume	intCellVolume_Av	intCellVolume_Stdev	intCellInt_Tot	intCellInt_Av	intCellInt_Stdev	intIV	intISA	intIED	intIPAL1	intIPAL2	intIPAL3
InsH2Bfabp_CD15_10dpf_VAST02_plate01_GLO1_200914_E03	200914	1	NC473	insH2Bfabp	CD15	GLO1	1	0	0	2	1	10	1	1	2	10.06083	.2041776	.36468837	.3743256	.389708	1	17	17															9	597226	736	2160.5462	1999.5407	1590162	-51.80561	-7785940	16	3616.409	919677.1	1214802	9_GLO1	1	1	1	4.65	1	1	4	-1.243523	-1.0467	-.9011259	-.0436074	-1.456338	.181652	1.015779	-.8727259	-1.534121	.1079158	-.5447325	-1.477525	-1.626828	-.6450915	-.5878935	-1.191816	-.4460577													
InsH2Bfabp_CD15_10dpf_VAST02_plate01_GLO1_200914_C03	200914	1	NC471	insH2Bfabp	CD15	GLO1	1	0	0	2	1	10	1	1	2		.2041776	.25369626	.170148	.5455912	1	15	15																							0	3405.432	907534.8	1137088	9_GLO1	1	1	1	4.516667	1	1	4	-2.02629	-1.179761	-1.397068	0	-1.075723	1.166919	.3157235	-.8727259	-1.229859	-1.06018	-1.229859																			
InsH2Bfabp_CD15_10dpf_VAST02_plate01_GLO1_200914_G01	200914	1	NC462	insH2Bfabp	CD15	GLO1	1	0	0	2	1	10	1	1	2	18.896333	.2382072	.44396845	.4083552	1.4029488	1	6	6															8	436612	496	1760.3669	1959.5876	873142	-401.3831	-7641866	0	3740.627	980149.6	1157649	9_GLO1	1	1	1	3.683333	1	1	4	-.8694237	-.6374841	-1.291353	.1752674	-.1722413	-.4682027	-2.617812	-.5221549	-.8871465	.3601299	.0195843	.305888	-1.838167	-.7351237	-.7044829	-1.459439	-.4154975													
InsH2Bfabp_CD15_10dpf_VAST02_plate01_GLO1_200914_G05	200914	1	NC488	insH2Bfabp	CD15	GLO1	1	0	0	2	1	10	1	1	2	16.498125	.2722368	.45982446	.3062664	2.6500144	1	32	32	345891	5863	5264	7853	2524	59	2.691e+09	1	4449157	150185	129	268	173	134	0	966344	0		2155.0407				31	4410.712	1190024	1513276	9_GLO1	1	1	1	6.183333	1	1	4	.9011259	.3917566	.2159075	2.019086	.5894558	.8976552	-.4840948	-.2675282	-.2070927	-.3186394	.0784124	-.1560812	1.343082	-1.436207	-1.436207			-.404226	-.568394	-.3727933	-.1610005	-.7115489	-.1906023	-.2503385	-.5011308	-.6029956	-.7887937	-.2203721	-.6029956	.0437342
InsH2Bfabp_CD15_10dpf_VAST02_plate01_GLO1_200914_C04	200914	1	NC479	insH2Bfabp	CD15	GLO1	1	0	0	2	1	10	1	1	2	15.235911	.2041776	.66595267	.340296	2.0264816	1	23	23	524161	7823	6804	8009	2446	67	4.505e+09	1	5312543	201752	144	277	183	141	200	853588	16495	3207.0827	2804.007	5.29e+07	-24.1474	2.62e+07	0	4495.889	1241614	1611566	9_GLO1	1	1	1	5.083333	1	1	4	1.155555	.7593904	.72234	.9908903	.6151411	-.4183713	.6400749	-.8727259	-.4998403	-.1276354	.8871465	-.5177236	.532558	1.722905	1.722905	1.382994	1.644854	.0875522	.568394	1.164587	1.435436	.7887937	-.1021915	-.3109825	-.0437342	.1610005	-.0875522	.1021915	-.3572158	.5513477
InsH2Bfabp_CD15_10dpf_VAST02_plate01_GLO1_200914_E08	200914	1	NC506	insH2Bfabp	CD15	GLO1	1	0	0	2	1	10	1	1	2	15.362132	.3062664	.26955227	.1361184	1.169124	1	1	50	397547	7795	5919	11340	3318	51	4.376e+09	1	4888277	170430	126	271	237	136	1	847122	16	2019.625	1795.8734	32314	65.22331	-4954230	0	4377.446	1162688	1535153	9_GLO1	1	1	2	8.05	1	1	4	.6677808	.2656923	.3271033	.7091025	.2710861	-.2743915	.0665969	-.1375134	-1.043158	-1.417797	-1.06018	-.473777	.452452	-.9549111	-.9929082	-2.539185	-.1256613	-.6383348	-.2503385	1.108973	.5344601	.568394	1.164587	.7115489	-.1315391	-.3109825	-.8499573	-.0729317	1.136341	.1757821
InsH2Bfabp_CD15_10dpf_VAST02_plate01_GLO1_200914_E06	200914	1	NC492	insH2Bfabp	CD15	GLO1	1	0	0	2	1	10	1	1	2	12.206595	.340296	.25369626	.340296	1.94854	1	36	36															0	917763	0		2566.0346				6	3638.844	931610.1	1241314	9_GLO1	1	1	1	6.5	1	1	4	-1.075723	-.7916386	-.8084989	-.8891675	-1.342336	1.261282	.2694146	-.0293788	-.5907506	-.1276354	-1.229859	-1.06512	1.052756	-1.436207	-1.436207															
InsH2Bfabp_CD15_10dpf_VAST02_plate01_GLO1_200914_C02	200914	1	NC465	insH2Bfabp	CD15	GLO1	1	0	0	2	1	10	.9827221	1	2	12.837703	.2041776	.38054438	.3062664	.389708	1	9	9	442768	6918	6075	13742	4984	64	5.811e+09	1	4591001	171903	137	258	164	136									0	3703.027	928664.3	1167339	9_GLO1	1	1	1	3.9	1	1	4	-.9674216	-.9299809	-1.243523	-.3330051	-.3957253	1.744448	-.7240638	-.8727259	-1.534121	-.3186394	-.4128896	-.9071243						-.1021915	.0729317	.404226	.6744897	1.358142	1.742647	1.894644	-.3417246	-.2805315	-.5344601	-.3727933	-.7887937	.1757821
InsH2Bfabp_CD15_10dpf_VAST02_plate01_GLO1_200914_A09	200914	1	NC509	insH2Bfabp	CD15	GLO1	1	0	0	2	1	10	1	1	2	18.517669	.340296	.4915365	.4083552	3.507372	1	4	53	453268	5596	4771	6096	1784	81	2.816e+09	1	6279390	215121	155	321	184	149	0	880862	0		2133.1796				19				9_GLO1	1	1	2	8.291666	1	1	4								-.0293788	.0293788	.3601299	.167232	.2553541	.8315547	-1.436207	-1.436207			.6744897	.1315391	-.6029956	-.4683492	-.5344601	-.7887937	-1.224058	.3417246	.5011308	.4846749	.7496121	-.2957227	1.006961
InsH2Bfabp_CD15_10dpf_VAST02_plate02_GLO1_200914_C02	200914	2	NC523	insH2Bfabp	CD15	GLO1	1	0	0	2	1	10	1	1	2	15.219028	.2041776	.68180869	.3743256	3.7411968	1	18	67															106	792326	7127	3675.1583	2956.8179	2.62e+07	250.3891	-3815053	0	4244.393	1110575	1524880	9_GLO1	1	1	2	9.383333	1	1	4	.1289011	.0956362	.2599896	-.2872603	-.3271033	-1.166919	-.4593015	-.8727259	.1375134	.1079158	1.00999	-.5513477	-.011824	.452452	.2753871	.2677537	-.0139262													
InsH2Bfabp_CD15_10dpf_VAST02_plate01_GLO1_200914_G06	200914	1	NC493	insH2Bfabp	CD15	GLO1	1	0	0	2	1	10	1	1	2	13.46881	.3743256	.4915365	.3062664	2.5720728	1	37	37															0	1117459	0		3341.5313				36	4383.359	1229067	1503541	9_GLO1	1	1	1	6.6	1	1	4	.72234	.6084982	.1722413	.4267448	-2.02629	-.6256698	1.271531	.1276354	-.2675282	-.3186394	.167232	-.8499573	1.722905	-1.436207	-1.436207															
InsH2Bfabp_CD15_10dpf_VAST02_plate02_GLO1_200914_C01	200914	2	NC518	insH2Bfabp	CD15	GLO1	1	0	0	2	1	10	.9677655	1	2	16.743389	.4083552	.53910454	.4423848	2.4941312	1	13	62	616611	6045	5346	7868	2780	102	4.706e+09	1	8313053	270367	188	323	228	136	83	712146	6425	3500.1921	2878.6793	2.25e+07	174.3876	-5835081	0	4360.298	1165769	1583737	9_GLO1	1	1	2	8.983334	1	1	4	.5641537	.2905068	.5392076	.0436074	-.1073266	-.0225842	.200988	.2675282	-.3393116	.5561256	.3497018	-.0973095	-.7044829	.2631268	.2023762	.1256613	-.2389929	1.742647	1.358142	-.2503385	-.0437342	.9144792	-.1610005	.0437342	1.288206	1.622711	1.522408	.7887937	.8499573	.1757821
InsH2Bfabp_CD15_10dpf_VAST02_plate01_GLO1_200914_A04	200914	1	NC477	insH2Bfabp	CD15	GLO1	1	0	0	2	1	10	1	1	2	20.28477	.4083552	.20612821	.340296	.2338248	1	21	21															142	824594	11366	2130.5221	1981.4191	2.42e+07	-58.87819	1.52e+07	0	4643.804	1382492	1721699	9_GLO1	1	1	1	4.95	1	1	4	2.02629	1.622194	1.674578	.2872603	.9173212	.7697614	.7532038	.2675282	-2.417559	-.1276354	-1.566689	.4956306	.2265744	.7664708	.7664708	.2104284	.9454201													
InsH2Bfabp_CD15_10dpf_VAST02_plate01_GLO1_200914_G08	200914	1	NC507	insH2Bfabp	CD15	GLO1	1	0	0	2	1	10	.888023	1	2	9.808387	.2041776	.19027219	.170148	1.3250072	1	2	51															0	624480	0		3010.1744				16	3976.785	979745.8	1323694	9_GLO1	1	1	2	8.15	1	1	4	-.2599896	-.667016	-.3726597	-1.188129	-1.243523	.2277767	0	-.8727259	-.9315628	-1.06018	-1.921351	-1.813418	-1.403804	-1.436207	-1.436207															
InsH2Bfabp_CD15_10dpf_VAST02_plate02_GLO1_200914_A01	200914	2	NC516	insH2Bfabp	CD15	GLO1	1	0	0	2	1	10	1	1	2	18.385008	.3743256	.61838462	.3743256	2.4941312	1	11	60	186318	4140	3418	8383	2656	45	1.597e+09	1	3331893	112488	148	207	160	120	29	658044	4032	2625.1297	2496.2615	1.06e+07	-216.3324	-9497199	7	4377.619	1244036	1611581	9_GLO1	1	1	2	8.833333	1	1	4	.6948019	.8247319	.7504371	1.332766	1.114751	-.2510159	.4105317	.1276354	-.3393116	.1079158	.7118422	.2353289	-1.185426	-.3373553	-.250906	-.5084881	-.5404469	-1.322365	-1.522408	-1.435436	-1.894644	-1.224058	.0437342	-.1610005	-1.164587	-1.288206	.1757821	-1.435436	-1.006961	-.7496121
InsH2Bfabp_CD15_10dpf_VAST02_plate01_GLO1_200914_A07	200914	1	NC495	insH2Bfabp	CD15	GLO1	1	0	0	2	1	10	1	1	2	15.867018	.2382072	.65009666	.2722368	3.5853136	1	39	39	552545	6657	5609	10859	3206	83	5.958e+09	1	6828890	231434	180	260	218	143	0	1249192	0		3064.2341				16	4012.898	1020853	1372069	9_GLO1	1	1	1	7	1	1	4	-.1940281	-.2905068	-.2378908	-.2646172	-.7504371	1.212751	-.5346088	-.5221549	.0784124	-.4998403	.8305109	-.316085	1.838167	-1.436207	-1.436207			.9144792	.6383348	.2805315	.1906023	1.435436	.8292257	.568394	.6744897	.6744897	1.056592	-.3417246	.6029956	.6383348
InsH2Bfabp_CD15_10dpf_VAST02_plate01_GLO1_200914_C07	200914	1	NC497	insH2Bfabp	CD15	GLO1	1	0	0	2	1	10	.8854752	1	2	14.099917	.170148	.60252861	.2382072	1.94854	1	41	41																							9	3810.188	985293.6	1339934	9_GLO1	1	1	1	7.266667	1	1	4	-.6151411	-.5800146	-.3497908	.4029887	-.9337607		-1.093131	-1.250992	-.5907506	-.6622477	.6380556	-.7178201																		
InsH2Bfabp_CD15_10dpf_VAST02_plate01_GLO1_200914_G09	200914	1	NC514	insH2Bfabp	CD15	GLO1	1	0	0	2	1	10	1	1	2	10.06083	.1020888	.28540829	.1361184	.8573576	1	9	58																							0				9_GLO1	1	1	2	8.641666	1	1	4								-1.809892	-1.131577	-1.417797	-.9315628	-1.477525																		
InsH2Bfabp_CD15_10dpf_VAST02_plate02_GLO1_200914_C03	200914	2	NC529	insH2Bfabp	CD15	GLO1	1	0	0	2	1	10	0	0	1	16.157096	.4423848	.34883235	.3743256	2.727956	1	24	73	580713	6599	5074	6983	2192	88	4.122e+09	1	7194071	238018	169	270	181	167									0				9_GLO1	1	1	2	9.808333	1	1	4								.4022501	-.167232	.1079158	-.6024495	-.2054644						1.136341	.9596939	.2503385	-.2203721	.4360634	-.3727933	-.6383348	.8710608	.8292257	.9144792	-.1168527	-.4200915	2.109706
InsH2Bfabp_CD15_10dpf_VAST02_plate02_GLO1_200914_A02	200914	2	NC522	insH2Bfabp	CD15	GLO1	1	0	0	2	1	10	1	1	2	14.867252	.2722368	.55496056	.340296	3.0397224	1	17	66	461892	7698	5538	13102	4227	60	6.414e+09	1	4443430	167001	138	300	172	136	65	604720	4768	4519.8029	3750.9223	2.16e+07	89.27909	-2.56e+07	0	3868.678	1005002	1313585	9_GLO1	1	1	2	9.266666	1	1	4	-.4662653	-.4176672	-.4190034	.3330051	-.0858019	-.2046599	-.1784023	-.2675282	-.0587829	-.1276354	.4128896	-.5971794	-1.543781	.0354786	-.0828608	.0139262	-1.382994	-.3109825	.3109825	1.006961	.1021915	1.622711	1.435436	1.435436	-.5344601	-.3727933	-.4360634	.404226	-.656305	.1757821
InsH2Bfabp_CD15_10dpf_VAST02_plate01_GLO1_200914_E07	200914	1	NC499	insH2Bfabp	CD15	GLO1	1	0	0	2	1	10	1	1	2	16.87679	.4764144	.3012643	.1020888	.389708	1	43	43	74802	4987	3823	10072	1827	15	6.856e+08	1	1551271	66567	95	238	137	65	45	1004712	4512	2625.26	2268.69	1.18e+07	72.02334	-3331793	0	4460.18	1312030	1651372	9_GLO1	1	1	1	7.516667	1	1	4	1.038268	1.229064	1.19838	-.3561355	.8385722	-.5452442	1.866676	.5791321	-1.534121	-1.862732	-.8031726	-.0778033	1.470193	-.1782959	-.1304298	-.4154975	.0139262	-2.52324	-1.894644	-1.006961	-1.622711	-1.894644	.568394	-1.006961	-1.894644	-1.894644	-1.622711	-1.006961	-1.622711	-1.894644
InsH2Bfabp_CD15_10dpf_VAST02_plate01_GLO1_200914_E05	200914	1	NC486	insH2Bfabp	CD15	GLO1	1	0	0	2	1	10	1	1	2	15.993239	.3743256	.42811243	.2722368	.6235328	1	30	30															178	834227	16592	2938.1853	2615.6684	4.88e+07	-54.50889	2.61e+07	10	4468.649	1314453	1647544	9_GLO1	1	1	1	6.033333	1	1	4	1.075723	1.281552	1.114751	1.027154	.5392076	.0904521	-.0665969	.1276354	-1.169537	-.4998403	-.0784124	-.2957227	.3248653	1.234595	1.838167	1.136959	1.545513													
InsH2Bfabp_CD15_10dpf_VAST02_plate01_GLO1_200914_H04	200914	1	NC482	insH2Bfabp	CD15	GLO1	1	0	0	2	1	10	1	1	2	5.3906353						26	26	582984	7571	6577	2016	577	77	1.250e+09	1	8469805	242977	181	347	207	128									133	4508.409	1285816	1650640	9_GLO1	1	1	1	5.333333	1	1	4	1.19838	1.0467	1.155555	.2646172	.3271033	-1.042247	-.200988					-2.662688						.4360634	1.108973	.9144792	1.056592	-1.522408	-2.52324	-2.52324	1.358142	.9596939	1.164587	1.224058	.2054644	-.326315
InsH2Bfabp_CD15_10dpf_VAST02_plate01_GLO1_200914_C05	200914	1	NC484	insH2Bfabp	CD15	GLO1	1	0	0	2	1	10	1	1	2	20.410991	.4423848	.20612821	.170148	2.1823648	1	28	28	563280	6787	6087	5322	1762	83	2.840e+09	1	8201254	272125	155	408	223	138	218	873176	18529	3049.0801	2682.4794	5.65e+07	-28.23192	3.24e+07	13	4515.375	1384017	1698925	9_GLO1	1	1	1	5.9	1	1	4	1.243523	1.718451	1.456338	2.224915	1.075723	.4935534	1.093131	.4022501	-.4235761	-1.06018	-1.566689	.5513477	.6744897	2.193076	2.595914	1.644854	2.539185	.9144792	.7496121	.3417246	.7887937	-.5011308	-1.358142	-1.358142	1.224058	1.742647	.4846749	2.52324	.7496121	.3572158
InsH2Bfabp_CD15_10dpf_VAST02_plate01_GLO1_200914_C09	200914	1	NC510	insH2Bfabp	CD15	GLO1	1	0	0	2	1	10	1	1	2	12.459038	.2041776	.38054438	.3062664	2.6500144	1	5	54	324005	6480	5580	11018	4309	50	3.363e+09	1	4065774	147423	116	254	210	131	0	769580	0		2462.7983				0	3899.049	980314	1291663	9_GLO1	1	1	2	8.366667	1	1	4	-.3957253	-.6084982	-.5894558	-1.145085	-1.038268	-1.261282	.5346088	-.8727259	-.2070927	-.3186394	-.4128896	-.9674216	-.2023762	-1.436207	-1.436207			-.7115489	-.7115489	.1610005	.1315391	-.1021915	1.056592	1.522408	-.7115489	-.6744897	-1.224058	-.5011308	.3109825	-.0875522
InsH2Bfabp_CD15_10dpf_VAST02_plate01_GLO1_200914_G03	200914	1	NC475	insH2Bfabp	CD15	GLO1	1	0	0	2	1	10	1	1	2	7.6626219	.2382072	.19027219	.2041776	1.2470656	1	19	19															0	242182	0		1400.3841				0	3343.475	735897.2	910316.2	9_GLO1	1	1	1	4.783333	1	1	4	-2.629661	-2.592656	-2.629661		-2.629661	-.5984352	-2.21809	-.5221549	-.9778975	-.8444151	-1.921351	-2.066729	-2.595914	-1.436207	-1.436207															
InsH2Bfabp_CD15_10dpf_VAST02_plate02_GLO1_200914_E02	200914	2	NC525	insH2Bfabp	CD15	GLO1	1	0	0	2	1	10	0	0	1	17.095164	.2722368	.26955227	.3743256	4.7544376	1	20	69	269398	3499	3879	6850	2299	77	1.834e+09	3	6431573	177347	192	275	194	174	145	641758	13263	3608.3759	2956.7563	4.79e+07	183.6848	1.79e+07	0	4533.621	1305974	1677601	9_GLO1	1	1	2	9.533334	1	1	4	1.291353	1.179761	1.397068	.9558848	1.038268	.9674216	1.177645	-.2675282	.2675282	.1079158	-1.06018	-.0194324	-1.234595	.7985898	1.094844	1.036433	.9899016	.4360634	-.9596939	-2.109706	-1.358142	-1.056592	-.4683492	-.4360634	.4683492	-.1906023	1.622711	.0583267	-.1021915	2.52324
InsH2Bfabp_CD15_10dpf_VAST02_plate01_GLO1_200914_E02	200914	1	NC466	insH2Bfabp	CD15	GLO1	1	0	0	2	1	10	1	1	2							10	10															55	267652	4135	2374.3666	2219.5231	9818006	-116.5988	-4299286	16	3408.696	794605.1	974362.5	9_GLO1	1	1	1	4.116667	1	1	4	-1.882051	-1.833915	-2.231606	-2.019086	-.5894558	-.5716375	-2.011736						-1.984772	-.1066151	-.2265744	-.6399237	-.0976349													
InsH2Bfabp_CD15_10dpf_VAST02_plate02_GLO1_200914_E03	200914	2	NC531	insH2Bfabp	CD15	GLO1	1	0	0	2	1	10	0	0	1	9.3561021	.2382072	.42811243	.2382072	2.8058976	1	26	75	160598	4118	4208	6981	2457	39	9.445e+08	2	1955920	82708	115	164	151	91									0	3629.087	914682.6	1174098	9_GLO1	1	1	2	9.95	1	1	4	-1.155555	-1.088917	-1.19838	-.6273425	-.4902859	.5452442	-.6675439	-.5221549	-.1474048	-.6622477	-.0784124	-1.924727						-1.522408	-1.742647	-1.522408	-1.056592	-1.622711	-.404226	-.2805315	-1.622711	-1.622711	-1.288206	-1.894644	-1.224058	-1.522408
InsH2Bfabp_CD15_10dpf_VAST02_plate01_GLO1_200914_C01	200914	1	NC458	insH2Bfabp	CD15	GLO1	1	0	0	2	1	10	1	1	2	10.313273	.2382072	.47568048	.170148	1.4808904	1	2	2	235317	4802	4432	15847	5920	49	3.788e+09	1	2975893	117733	137	182	149	128									3	3776.946	929337.2	1264567	9_GLO1	1	1	1	3.416667	1	1	4	-.7504371	-.8938006	-.6948019	-1.51239	-1.155555	0	-1.752744	-.5221549	-.8305109	-1.06018	.1177699	-1.346025						-.8499573	-1.224058	-1.108973	-.9144792	.1906023	2.52324	2.52324	-1.288206	-1.164587	-.5344601	-1.742647	-1.288206	-.326315
InsH2Bfabp_CD15_10dpf_VAST02_plate02_GLO1_200914_A03	200914	2	NC527	insH2Bfabp	CD15	GLO1	1	0	0	2	1	10	0	0	1	18.971301	.4423848	.28540829	.4083552	2.4941312	1	22	71															22	872552	4000	2483.39	2256.7541	9933560	-54.72946	-4986156	0	4482.508	1380248	1719097	9_GLO1	1	1	2	9.666667	1	1	4	1.114751	1.538979	1.593219	1.666308	2.629661	1.494155	1.503371	.4022501	-.3393116	.3601299	-.9315628	.3365792	.6450915	-.4393922	-.2753871	-.6061059	-.1537869													
InsH2Bfabp_CD15_10dpf_VAST02_plate01_GLO1_200914_A03	200914	1	NC469	insH2Bfabp	CD15	GLO1	1	0	0	2	1	10	1	1	2	12.080374	.2382072	.4915365	.3062664	2.1823648	1	13	13															167	724888	11835	3707.9131	3155.1807	4.39e+07	31.91212	9600016	0	3794.063	926585.7	1194031	9_GLO1	1	1	1	4.383333	1	1	4	-.6948019	-.9674216	-1.038268	-.7663329	-.2378908	-1.004131	-.6955261	-.5221549	-.4235761	-.3186394	.167232	-1.100033	-.5600113	1.073562	.8654489	.8616341	.6061059													
InsH2Bfabp_CD15_10dpf_VAST02_plate01_GLO1_200914_C08	200914	1	NC504	insH2Bfabp	CD15	GLO1	1	0	0	2	1	10	1	1	2	9.9346085	.2722368	.3012643	.2041776	1.4808904	1	48	48	289866	8282	6603	10043	3077	35	3.139e+09	1	2791000	128222	118	187	172	125	179	791985	16031	2233.6685	1998.0609	3.58e+07	23.19094	2.65e+07	4	4153.128	1106792	1454523	9_GLO1	1	1	1	7.916667	1	1	4	0	.0477635	-.0858019	.7374157	.1505358	-.7103655	-.3627199	-.2675282	-.8305109	-.8444151	-.8031726	-1.604849	-.0354786	1.37281	1.543781	.6061059	1.763728	-1.742647	-.8292257	1.435436	1.108973	-.2203721	.5344601	.3417246	-1.358142	-1.006961	-1.164587	-1.622711	-.656305	-.5344601
InsH2Bfabp_CD15_10dpf_VAST02_plate01_GLO1_200914_E01	200914	1	NC460	insH2Bfabp	CD15	GLO1	1	0	0	2	1	10	1	1	2	12.332817	.0680592	.25369626	.170148	.3117664	1	4	4	276140	5523	4953	10553	3719	50	2.914e+09	1	3983453	135523	124	283	152	94									0	3472.816	845297.9	1090163	9_GLO1	1	1	1	3.55	1	1	4	-1.593219	-1.538979	-1.521218	-.9908903	-1.114751	-.7397372	-1.657863	-2.266227	-1.921351	-1.06018	-1.229859	-.9989282						-.7115489	-.9144792	-.6383348	-.326315	-.4683492	.7887937	1.006961	-.8710608	-.9144792	-.9830529	.2054644	-1.164587	-1.435436
InsH2Bfabp_CD15_10dpf_VAST02_plate01_GLO1_200914_A08	200914	1	NC502	insH2Bfabp	CD15	GLO1	1	0	0	2	1	10	1	1	2	11.196823	.0680592	.42811243	.2722368	1.94854	1	46	46															178	871334	15219	3140.1929	2661.3975	4.78e+07	89.58162	2.41e+07	18	4329.17	1137940	1490801	9_GLO1	1	1	1	7.783333	1	1	4	.3726597	.1921572	.0858019	.8891675	.1289011	.7397372	-.0221844	-2.266227	-.5907506	-.4998403	-.0784124	-1.213847	.6162404	1.234595	1.286946	.9899016	1.313873													
InsH2Bfabp_CD15_10dpf_VAST02_plate01_GLO1_200914_E09	200914	1	NC512	insH2Bfabp	CD15	GLO1	1	0	0	2	1	10	1	1	2	15.614575	.340296	.41225642	.2382072	2.6500144	1	7	56															167	798518	15907	3066.9906	2664.3218	4.88e+07	12.6757	2.51e+07	0	4348.271		1552365	9_GLO1	1	1	2	8.5	1	1	4	.4425108		.3957253	.4750061	1.19838	-1.649237	.1559072	-.0293788	-.2070927	-.6622477	-.167232	-.4200915	.011824	1.073562	1.470193	1.191816	1.459439													
InsH2Bfabp_CD15_10dpf_VAST02_plate01_GLO1_200914_D05	200914	1	NC485	insH2Bfabp	CD15	GLO1	1	0	0	2	1	10	1	1	2	14.226139	.4423848	.20612821	.1361184	2.1044232	1	29	29	688134	7168	5841	10145	3009	96	6.984e+09	1	7510226	256522	173	280	220	147	204	815218	17488	3103.9502	2728.8572	5.43e+07	-32.10062	2.92e+07	86	4569.04	1249748	1645316	9_GLO1	1	2	1	5.966667	2	1	4	1.521218	.8587541	1.075723	1.51239	.2378908	-.4935534	.3865153	.4022501	-.4559339	-1.417797	-1.566689	-.6929004	.1543186	1.984772	1.984772	1.545513	2.128045	1.477525	1.742647	.6029956	.4683492	2.52324	.6029956	.3109825	1.006961	1.288206	1.006961	.1610005	.6744897	.8710608
InsH2Bfabp_CD15_10dpf_VAST02_plate01_GLO1_200914_H07	200914	1	NC501	insH2Bfabp	CD15	GLO1	1	0	0	2	1	10	1	1	2	17.886562	.2382072	.57081658	.170148	.5455912	1	45	45	299172	6233	7042	6469	2278	48	2.024e+09	1	4578823	153444	132	252	207	113	0	930943	0		2880.8034				17	4173.46	1106253	1484939	9_GLO1	1	2	1	7.716667	2	1	4	.0214258	.0238749	.0643168	-.1092005	-.5145928	-1.123415	.1334907	-.5221549	-1.229859	-1.06018	.477772	.0583267	1.185426	-1.436207	-1.436207			-.9830529	-.7887937	-.1315391	1.622711	-1.006961	-.6029956	-.4683492	-.4360634	-.4683492	-.6929004	-.5344601	.2054644	-1.006961
InsH2Bfabp_CD15_10dpf_VAST02_plate01_GLO1_200914_H09	200914	1	NC515	insH2Bfabp	CD15	GLO1	1	0	0	2	1	10	1	1	2	13.595031	.170148	.25369626	.1361184	.9352992	1	10	59															33	754040	2624	4105.1014	2978.9363	1.08e+07	652.3187	-1.97e+07	0	3828.415	906338.5	1264403	9_GLO1	1	2	2	8.716666	2	1	4	-.5641537	-1.229064	-.72234	.5751093	-1.521218	.1587398	-.8447865	-1.250992	-1.095181	-1.417797	-1.229859	-.822394	-.3248653	-.3000344	-.3751523	-.4770404	-1.191816													
InsH2Bfabp_CD15_10dpf_VAST02_plate01_GLO1_200914_H06	200914	1	NC494	insH2Bfabp	CD15	GLO1	1	0	0	2	1	10	1	1	2	18.012783	.4423848	.44396845	.7146216	2.9617808	1	38	38	224430	4775	4152	7318	2273	47	1.643e+09	2	2256958	114754	112	201	133	125									15	3837.483	1008397	1302864	9_GLO1	1	2	1	6.666667	2	1	4	-.5145928	-.3406948	-.5145928	-.0217985	-.2599896	.4682027	1.053667	.4022501	-.1079158	1.862732	.0195843	.1462539						-1.108973	-1.358142	-1.164587	-1.164587	-1.108973	-.3417246	-.5011308	-1.522408	-1.224058	-1.358142	-1.522408	-1.742647	-.5344601
InsH2Bfabp_CD15_10dpf_VAST02_plate01_GLO1_200914_F04	200914	1	NC481	insH2Bfabp	CD15	GLO1	1	0	0	2	1	10	1	1	2	15.362132	.2722368	.57081658	.3062664	2.8838392	1	25	25															3	778259	336	2311.7649	2161.1764	776753	-105.3029	-1.21e+07	3	4354.5	1241270	1568335	9_GLO1	1	2	1	5.25	2	1	4	.5392076	.6971414	.4902859	.2421091	.9173212	-.6815943	-.6130807	-.2675282	-.1276354	-.3186394	.477772	-.473777	-.1304298	-.8654489	-.8315547	-1.545513	-.7835004													
InsH2Bfabp_CD15_10dpf_VAST02_plate02_GLO1_200914_D03	200914	2	NC530	insH2Bfabp	CD15	GLO1	1	0	0	2	1	10	.928142	1	2	15.688062	.3062664	.84036885	.4083552	3.507372	1	25	74	606894	6322	5435	9725	3163	96	6.015e+09	2	7807628	263454	156	351	220	152	9	848430	560	5079.9786	4132.9943	2844788	165.5503	-5.25e+07	10	4211.805	1201104	1504319	9_GLO1	1	2	2	9.883333	2	1	4	.0643168	.4972006	.1940281	.9220131	.2710861	-.5192254	-1.271531	-.1375134	.0293788	.3601299	1.534121	-.3989603	.4788077	-.6450915	-.6744897	-.9899016	-2.539185	1.477525	1.224058	.0145739	.0145739	1.522408	.4683492	.5011308	1.108973	1.435436	.5856072	1.288206	.6744897	1.322365
InsH2Bfabp_CD15_10dpf_VAST02_plate01_GLO1_200914_D03	200914	1	NC472	insH2Bfabp	CD15	GLO1	1	0	0	2	1	10	1	1	2							16	16	180968	5027	5287	8618	3087	36	1.289e+09	1	3257989	107354	144	245	139	108	139	708744	9636	2276.2954	2045.2361	2.19e+07	6.069086	1.16e+07	23	4270.443	1059793	1455899	9_GLO1	1	2	1	4.583333	2	1	4	.1940281	-.1437292	-.0428615	-.1974463	-.6412388	-.181652	-1.503371						-.7351237	.7044829	.5600113	.0696849	.7461852	-1.622711	-1.622711	-.9596939	-.1315391	-1.435436	.1610005	.3727933	-1.224058	-1.435436	-.0875522	-.7115489	-1.522408	-1.136341
InsH2Bfabp_CD15_10dpf_VAST02_plate01_GLO1_200914_F05	200914	1	NC487	insH2Bfabp	CD15	GLO1	1	0	0	2	1	10	1	1	2	13.847474	.170148	.45982446	.3062664	3.6632552	1	31	31	324219	6004	4694	10988	4000	54	3.700e+09	1	4072822	143152	124	309	181	105	159	727934	12800	5160.53	4106.0698	6.61e+07	280.2024	1.13e+07	49	4213.456	1102425	1415644	9_GLO1	1	2	1	6.1	2	1	4	.0858019	0	-.1505358	-.1311557	.0643168	-.1587398	-.2694146	-1.250992	.1079158	-.3186394	.0784124	-.7821805	-.5055002	.9182451	1.012455	1.914506	.7098812	-.568394	-.6744897	-.2805315	-.568394	.1315391	.9596939	1.164587	-.6744897	-.7496121	-.9830529	.5344601	-.4200915	-1.224058
InsH2Bfabp_CD15_10dpf_VAST02_plate01_GLO1_200914_D07	200914	1	NC498	insH2Bfabp	CD15	GLO1	1	0	0	2	1	10	1	1	2	16.119461	.2041776	.61838462	.4083552	3.0397224	1	42	42	520612	7888	6269	13354	4027	66	6.886e+09	2	5821598	201949	163	274	190	138	163	884362	11501	5222.5946	4497.3528	6.01e+07	-153.3034	-3145361	40	4142.235	1098463	1499818	9_GLO1	1	2	1	7.366667	2	1	4	-.0214258	-.0238749	.1289011	.6813467	-.6151411	1.312981	-.9440722	-.8727259	-.0587829	.3601299	.7118422	-.2453292	.9003679	.9737339	.7985898	1.763728	.0417893	.0145739	.5344601	1.224058	.9144792	2.109706	1.522408	1.224058	.1315391	.1906023	.7496121	0	-.1757821	.3572158
InsH2Bfabp_CD15_10dpf_VAST02_plate01_GLO1_200914_B04	200914	1	NC478	insH2Bfabp	CD15	GLO1	1	0	0	2	1	10	1	1	2	15.235911	.340296	.3012643	.3062664	1.94854	1	22	22	580943	9221	7926	8364	2946	63	4.629e+09	2	7514730	248384	171	264	237	152	185	770580	14701	2879.4963	2537.3827	4.23e+07	-14.04686	2.14e+07	0	4350.563	1192760	1587999	9_GLO1	1	2	1	5.016667	2	1	4	.4902859	.4176672	.5641537	-.1531742	.4662653	-.3695582	1.134375	-.0293788	-.5907506	-.3186394	-.8031726	-.5177236	-.1782959	1.470193	1.234595	.7835004	1.136959	-.1757821	1.006961	2.109706	2.109706	.8710608	.0145739	.1610005	1.056592	1.006961	.9596939	-.3109825	1.136341	1.322365
InsH2Bfabp_CD15_10dpf_VAST02_plate01_GLO1_200914_H02	200914	1	NC468	insH2Bfabp	CD15	GLO1	1	0	0	2	1	10	1	1	2	6.4004071	.0680592	.38054438	.2041776	1.4029488	1	12	12	472432	4973	4652	6656	2144	95	3.275e+09	2	4681219	173019	152	272	200	111	57	638290	4192	2056.0988	1787.8119	8619166	111.9072	3806368	7				9_GLO1	1	2	1	4.283333	2	1	4								-2.266227	-.8871465	-.8444151	-.4128896	-2.269206	-1.286946	-.0591531	-.2023762	-.7461852	.2967378	1.358142	.3727933	-1.056592	-.6744897	-.1610005	-.5344601	-.7887937	-.2503385	-.2503385	.3417246	-.0437342	.0437342	-1.056592
InsH2Bfabp_CD15_10dpf_VAST02_plate01_GLO1_200914_F02	200914	1	NC467	insH2Bfabp	CD15	GLO1	1	0	0	2	1	10	1	1	2	13.342588	.2382072	.47568048	.2722368	3.0397224	1	11	11	263961	5616	4998	9222	3118	47	2.300e+09	1	3934541	124913	130	233	142	127									5	3764.059	931086.8	1264627	9_GLO1	1	2	1	4.183333	2	1	4	-.8084989	-.8247319	-.6677808	-.9220131	-.8694237	.6256698	-.5091894	-.5221549	-.0587829	-.4998403	.1177699	-.878182						-1.108973	-1.006961	-.5344601	-.2805315	-.8710608	.2805315	.404226	-.9144792	-1.056592	-.7496121	-1.108973	-1.358142	-.3884616
InsH2Bfabp_CD15_10dpf_VAST02_plate01_GLO1_200914_H05	200914	1	NC489	insH2Bfabp	CD15	GLO1	1	0	0	2	1	10	1	1	2	18.012783	.340296	.42811243	.4764144	3.507372	1	33	33	399948	6060	5825	5626	2263	66	2.304e+09	2	5259235	151530	143	256	198	101									25	4687.262	1421461	1823997	9_GLO1	1	2	1	6.25	2	1	4	2.629661	1.980752	2.629661	.1974463	1.291353	-.0904521	1.752744	-.0293788	.0293788	.7502154	-.0784124	.1462539						.0145739	-.1906023	-.2203721	.4360634	-.8292257	-1.288206	-.5344601	-.0729317	-.5344601	-.1757821	-.4360634	-.0437342	-1.288206
InsH2Bfabp_CD15_10dpf_VAST02_plate01_GLO1_200914_F07	200914	1	NC500	insH2Bfabp	CD15	GLO1	1	0	0	2	1	10	1	1	2	11.954152	.340296	.28540829	.1361184	1.6367736	1	44	44	363429	5679	4945	11914	3930	64	4.532e+09	1	4435791	186138	144	240	200	156									4	3914.089	1005436	1303536	9_GLO1	1	2	1	7.616667	2	1	4	-.3271033	-.3917566	-.4902859	-.7374157	-1.002216	.9319713	.0221844	-.0293788	-.7502154	-1.417797	-.9315628	-1.136341						-.1021915	-.5011308	-.4683492	-.3727933	.8292257	1.224058	1.108973	-.568394	-.0437342	-.0875522	-.8925596	.0437342	1.522408
InsH2Bfabp_CD15_10dpf_VAST02_plate01_GLO1_200914_D09	200914	1	NC511	insH2Bfabp	CD15	GLO1	1	0	0	2	1	10	1	1	2	13.973696	.2041776	.36468837	.2041776	1.558832	1	6	55															125	610290	9271	3799.572	3197.0118	3.52e+07	70.59084	41126.99	0	3727.166	930189.5	1213351	9_GLO1	1	2	2	8.433333	2	1	4	-.9337607	-.8587541	-.9337607	-1.104064	-.3726597	.864365	-.5603786	-.8727259	-.7897265	-.8444151	-.5447325	-.7431938	-1.470193	.6162404	.5055002	.5729675	.2104284													
InsH2Bfabp_CD15_10dpf_VAST02_plate02_GLO1_200914_B03	200914	2	NC528	insH2Bfabp	CD15	GLO1	1	0	0	2	1	10	.9802533	1	2	17.798715	.510444	.60252861	.4764144	3.0397224	1	23	72															139	799124	12720	3190.2981	2769.9946	4.06e+07	2.145712	1.46e+07	14	4339.35	1265001	1632022	9_GLO1	1	2	2	9.733334	2	1	4	.3957253	1.00627	.9337607	1.760867	.72234		.4840948	.7118422	-.0587829	.7502154	.6380556	.0194324	.0591531	.7044829	.9364207	.7098812	.8616341													
InsH2Bfabp_CD15_10dpf_VAST02_plate02_GLO1_200914_F02	200914	2	NC526	insH2Bfabp	CD15	GLO1	1	0	0	2	1	10	1	1	2	9.8251362	.1020888	.63424064	.3062664	2.4941312	1	21	70																							0	3884.514	882502.4	1144370	9_GLO1	1	2	2	9.6	2	1	4	-.4190034	-1.337828	-1.342336	-.4029887	-.5392076		-1.43797	-1.809892	-.3393116	-.3186394	.7764218	-1.720887																		
InsH2Bfabp_CD15_10dpf_VAST02_plate01_GLO1_200914_H01	200914	1	NC463	insH2Bfabp	CD15	GLO1	1	0	0	2	1	10	1	1	2	17.886562	.2382072	.26955227	.2041776	.3117664	1	7	7	467473	6317	5909	10962	3302	74	4.973e+09	2	5618616	204640	145	269	240	137	96	777364	7841	2038.1705	1860.7031	1.60e+07	1.660288	9597504	34	4384.258	1196379	1519616	9_GLO1	1	2	1	3.75	2	1	4	.7504371	.4703636	.2378908	.6273425	.7504371	.8004961	-.1111411	-.5221549	-1.921351	-.8444151	-1.06018	.0583267	-.1543186	.3751523	.3751523	-.2104284	.5729675	.2503385	.3417246	-.0145739	.5011308	1.006961	.9144792	.6383348	.0145739	.2805315	.0145739	-.1757821	1.288206	.2805315
InsH2Bfabp_CD15_10dpf_VAST02_plate01_GLO1_200914_B03	200914	1	NC470	insH2Bfabp	CD15	GLO1	1	0	0	2	1	10	1	1	2	14.983468	.170148	.3964004	.2722368	2.5720728	1	14	14	370961	6081	6086	9449	2994	61	3.584e+09	1	4776102	149074	167	239	163	143	87	782798	6785	3181.7052	2478.3372	2.16e+07	362.9448	1892464	14	4353.538	1132841	1498502	9_GLO1	1	2	1	4.45	2	1	4	.5145928	.1437292	.1073266	1.233495	-.2822162	.2046599	.5091894	-1.250992	-.2675282	-.4998403	-.2573935	-.5741128	-.0828608	.3248653	.2265744	.0417893	.2677537	-.2654048	-.4360634	-.1906023	.7496121	.0437342	.3417246	.2805315	-.1906023	-.6383348	.8710608	-.9596939	-.8710608	.6383348
InsH2Bfabp_CD15_10dpf_VAST02_plate02_GLO1_200914_D01	200914	2	NC519	insH2Bfabp	CD15	GLO1	1	0	0	2	1	10	1	1	2	15.805321	.2382072	.65009666	.340296	1.7926568	1	14	63	372379	5476	4465	12715	4182	68	4.801e+09	1	4744647	176316	139	251	197	129									19	3921.693	1029855	1357369	9_GLO1	1	2	2	9.05	2	1	4	-.304583	-.2410404	-.3271033	.8261912	-.0214258	.4431494	-1.053667	-.5221549	-.6992833	-.1276354	.8305109	-.3572158						.1315391	-.404226	-.6744897	-.8710608	.9596939	1.358142	1.288206	-.2203721	-.2203721	-.3572158	-.568394	-.0729317	-.2353289
InsH2Bfabp_CD15_10dpf_VAST02_plate01_GLO1_200914_B01	200914	1	NC457	insH2Bfabp	CD15	GLO1	1	0	0	2	1	10	1	1	2	17.886562	.1020888	.53910454	.2722368	2.338248	1	1	1															74	735674	5312	2595.6212	2485.9611	1.38e+07	-232.7952	-6071783	2	3799.062	952141.4	1310699	9_GLO1	1	2	1	3.3	2	1	4	-.6677808	-.7593904	-.4425108	-.379458	-.8385722	1.36845	-1.57592	-1.809892	-.3916559	-.4998403	.3497018	.0583267	-.426407	.118514	.0354786	-.3259735	-.2677537													
InsH2Bfabp_CD15_10dpf_VAST02_plate01_GLO1_200914_H03	200914	1	NC476	insH2Bfabp	CD15	GLO1	1	0	0	2	1	10	1	1	2	13.847474	.3062664	.19027219	.2382072	1.8705984	1	20	20	353750	7219	5367	12166	3409	49	4.002e+09	1	3334974	132921	119	221	180	118	168	717596	11853	2588.6685	2357.1404	3.07e+07	-76.59301	1.36e+07	29	4082.074	1066686	1384495	9_GLO1	1	2	1	4.85	2	1	4	-.1505358	-.1196481	-.1940281	-.1752674	-.4190034	.6815943	.4347873	-.1375134	-.6622477	-.6622477	-1.921351	-.7821805	-.6162404	1.138967	.9003679	.3554904	.8219399	-.8499573	-.5344601	.6744897	-.0145739	.3109825	1.288206	.7887937	-1.108973	-.9596939	-1.108973	-1.224058	-.4846749	-.8292257
InsH2Bfabp_CD15_10dpf_VAST02_plate01_GLO1_200914_D06	200914	1	NC491	insH2Bfabp	CD15	GLO1	1	0	0	2	1	10	1	1	2	16.624347	.2722368	.58667259	.3743256	2.0264816	1	35	35	453620	5600	4953	14641	4386	81	6.615e+09	2	7157975	208711	141	331	275	125	0	966805	0		2788.3071				8	4291.828	1117289	1480542	9_GLO1	1	2	1	6.433333	2	1	4	.304583	.1196481	.0428615	.5244005	-.6948019	1.08194	.9099823	-.2675282	-.4998403	.1079158	.5675913	-.1168527	1.403804	-1.436207	-1.436207			.6744897	.1906023	-.568394	-.326315	1.742647	1.894644	1.622711	.8292257	.3417246	-.2957227	.9144792	2.52324	-.5344601
InsH2Bfabp_CD15_10dpf_VAST02_plate01_GLO1_200914_B07	200914	1	NC496	insH2Bfabp	CD15	GLO1	1	0	0	2	1	10	1	1	2	21.420763	.170148	.53910454	.3743256	4.1309048	1	40	40	364395	4237	3850	5882	2148	86	2.051e+09	1	6368641	192705	162	303	228	121									0				9_GLO1	1	2	1	7.133333	2	1	4								-1.250992	.167232	.1079158	.3497018	.6929004						1.031459	-.4683492	-1.358142	-1.522408	-.9596939	-1.006961	-.7496121	.404226	.0729317	.7115489	.4683492	.8499573	-.7115489
InsH2Bfabp_CD15_10dpf_VAST02_plate01_GLO1_200914_D04	200914	1	NC480	insH2Bfabp	CD15	GLO1	1	0	0	2	1	10	1	1	2	10.691937	.2041776	.53910454	.2722368	1.94854	1	24	24	438906	8778	7523	13561	4920	50	5.443e+09	2	4583255	168357	137	358	140	123	139	687810	10449	3498.3596	3046.105	3.66e+07	-39.49418	4622086	1	3836.325	987013.3	1366013	9_GLO1	1	2	1	5.15	2	1	4	-.5392076	-.5244005	-.2599896	.379458	-.8084989	1.004131	-.782998	-.8727259	-.5907506	-.4998403	.3497018	-1.299424	-1.012455	.7044829	.6744897	.6399237	.3853205	-.7115489	.0437342	1.622711	1.742647	1.224058	1.622711	1.742647	-.404226	-.3417246	-.5344601	1.435436	-1.435436	-.6744897
InsH2Bfabp_CD15_10dpf_VAST02_plate01_GLO1_200914_H08	200914	1	NC508	insH2Bfabp	CD15	GLO1	1	0	0	2	1	10	.8563969	1	2	18.896333	.3743256	.52324853	.4764144	1.7926568	1	3	52															0	879861	0		1929.2881				0	4579.565	1304254	1663335	9_GLO1	1	2	2	8.216666	2	1	4	1.593219	1.13317	1.243523	-.6813467	.5145928	.297918	.6130807	.1276354	-.6992833	.7502154	.2776904	.305888	.7985898	-1.436207	-1.436207															
InsH2Bfabp_CD15_10dpf_VAST02_plate01_GLO1_200914_B02	200914	1	NC464	insH2Bfabp	CD15	GLO1	1	0	0	2	1	10	1	1	2	16.119461	.3743256	.3012643	.3743256	.2338248	1	8	8															75	826948	5697	1829.4739	1561.5049	1.04e+07	171.9063	1.05e+07	12	4308.543	1188543	1591065	9_GLO1	1	2	1	3.85	2	1	4	.3271033	.3661064	.6151411	.2197229	-.1505358		.2464812	.1276354	-2.417559	.1079158	-.8031726	-.2453292	.250906	.1543186	.1543186	-.5729675	.6744897													
InsH2Bfabp_CD15_10dpf_VAST02_plate02_GLO1_200914_D02	200914	2	NC524	insH2Bfabp	CD15	GLO1	1	0	0	2	1	10	1	1	2	24.013417	.3062664	1.3001933	.4083552	6.5470944	1	19	68	628401	6478	5651	5715	1808	97	3.586e+09	1	8992240	242600	208	367	209	150									0				9_GLO1	1	2	2	9.458334	2	1	4								-.1375134	.3083546	.3601299	2.660068	1.031459						1.622711	1.435436	.1315391	.2203721	.0729317	-1.108973	-1.164587	1.435436	.9144792	1.894644	1.622711	.2654048	1.136341
InsH2Bfabp_CD15_10dpf_VAST02_plate01_GLO1_200914_B06	200914	1	NC490	insH2Bfabp	CD15	GLO1	1	0	0	2	1	10	1	1	2	20.789656	.4764144	.68180869	.4764144	4.9103208	1	34	34	477796	6287	5752	7547	2535	76	3.559e+09	1	5696125	203582	155	265	212	138									66	4634.305	1409617	1744833	9_GLO1	1	2	1	6.333333	2	1	4	1.882051	1.833915	1.882051	1.064822	1.521218	-.297918	.9440722	.5791321	.2878814	.7502154	1.00999	.6205683						.326315	.404226	-.0729317	.3727933	.0145739	-.2805315	-.2203721	.0729317	.2203721	.4846749	-.2805315	.4200915	.3572158
InsH2Bfabp_CD15_10dpf_VAST02_plate02_GLO1_200914_B01	200914	2	NC517	insH2Bfabp	CD15	GLO1	1	0	0	2	1	10	1	1	2	17.915974	.4764144	.38054438	.2382072	1.169124	1	12	61	327874	7128	5345	8922	3131	46	2.779e+09	1	4041767	154875	147	217	158	144	118	700538	8286	3617.3103	2982.0036	3.00e+07	160.6427	-577690.7	6	4308.979	1242855	1640666	9_GLO1	1	2	2	8.916667	2	1	4	.3497908	.7916386	1.002216	.1531742	.1073266	.2743915	-.3157235	.5791321	-1.043158	-.6622477	-.4128896	.0973095	-.8654489	.5600113	.426407	.2967378	.1820346	-1.224058	-.6383348	.568394	-.0729317	-.568394	.1906023	.4360634	-.7496121	-.404226	.1315391	-1.288206	-1.108973	.7304482
InsH2Bfabp_CD15_10dpf_VAST02_plate01_GLO1_200914_D08	200914	1	NC505	insH2Bfabp	CD15	GLO1	1	0	0	2	1	10	1	1	2	9.9346085	.1361184	.41225642	.2382072	1.6367736	1	49	49	490095	5905	4778	8192	2670	83	4.240e+09	1	5947431	249351	166	274	226	136	0	784636	0		2615.0173				31	4385.792	1213755	1559438	9_GLO1	1	2	1	7.983333	2	1	4	.7791397	.5244005	.4190034	1.584661	.3726597	1.042247	-.2464812	-1.566689	-.7502154	-.6622477	-.167232	-1.604849	-.0591531	-1.436207	-1.436207			.9144792	.4683492	-.3417246	-.4360634	.5344601	-.0583267	-.1315391	.1610005	1.056592	.8088444	0	.7887937	.1757821
InsH2Bfabp_CD15_10dpf_VAST02_plate01_GLO1_200914_F09	200914	1	NC513	insH2Bfabp	CD15	GLO1	1	0	0	2	1	10	1	1	2	15.740797	.1361184	.23784024	.0680592	1.2470656	1	8	57	245762	3964	3860	6376	2423	62	1.607e+09	1	4554699	144966	142	242	234	99	178	762360	15542	3235.5605	2811.597	5.03e+07	-5.282466	2.34e+07	0	4363.536	1251513	1588612	9_GLO1	1	2	2	8.566667	2	1	4	.6151411	.8938006	.5894558	1.874442	.0428615		.9792963	-1.566689	-.9778975	-2.153875	-1.391538	-.3780057	-.250906	1.234595	1.403804	1.250516	1.250516	-.2203721	-1.164587	-1.742647	-1.435436	-1.164587	-.6744897	-.3572158	-.4683492	-.7115489	-.2353289	-.7887937	.9368471	-1.358142
InsH2Bfabp_CD15_10dpf_VAST02_plate01_GLO1_200914_F01	200914	1	NC461	insH2Bfabp	CD15	GLO1	1	0	0	2	1	10	1	1	2	18.770112	.170148	.52324853	.4423848	4.3647296	1	5	5															104	874433	7343	2252.6153	1875.4356	1.65e+07	197.4459	9839639	4				9_GLO1	1	2	1	3.616667	2	1	4								-1.250992	.2070927	.5561256	.2776904	.2754823	.7044829	.426407	.3000344	-.1537869	.6399237													
InsH2Bfabp_CD15_10dpf_VAST02_plate01_GLO1_200914_B08	200914	1	NC503	insH2Bfabp	CD15	GLO1	1	0	0	2	1	10	1	1	2	20.28477	.2041776	.58667259	.3062664	.3117664	1	47	47															0	695758	0		2406.475				0				9_GLO1	1	2	1	7.85	2	1	4								-.8727259	-1.921351	-.3186394	.5675913	.4956306	-.9737339	-1.436207	-1.436207															
InsH2Bfabp_CD15_10dpf_VAST02_plate01_GLO1_200914_D01	200914	1	NC459	insH2Bfabp	CD15	GLO1	1	0	0	2	1	10	1	1	2	10.187051	.2722368	0	.1361184	.389708	1	3	3															5	852100	224	1973.3125	1777.8415	442022	41.74863	-4155889	18	4388.997	1233927	1626878	9_GLO1	1	2	1	3.483333	2	1	4	.8084989	.6374841	.8694237	.0872978	.0214258	-.7697614	.6675439	-.2675282	-1.534121	-1.417797	-2.660068	-1.395747	.5055002	-.7985898	-.8654489	-1.644854	-.0696849													
InsH2Bfabp_CD15_10dpf_VAST02_plate01_GLO1_200914_F03	200914	1	NC474	insH2Bfabp	CD15	GLO1	1	0	0	2	1	10	1	1	2	11.827931	.2382072	.25369626	.2041776	.4676496	1	18	18	530731	8041	6650	7871	2992	66	3.962e+09	1	6221972	208681	144	337	209	131	190	837536	14011	2439.3459	2111.7721	3.42e+07	84.85004	2.24e+07	66	4342.337	1193986	1564821	9_GLO1	1	2	1	4.716667	2	1	4	.4190034	.4438613	.4662653	.3561355	.4190034	-.8004961	.0443797	-.5221549	-1.318011	-.8444151	-1.229859	-1.174212	.3498982	1.626828	1.185426	.4770404	1.191816	.0145739	.6029956	1.288206	1.224058	.2503385	-.1315391	.2503385	.3109825	.3109825	-.0875522	1.108973	.2654048	-.0875522
InsH2Bfabp_CD15_11dpf_VAST02_plate02_GLO1_200915_E01	200915	2	NC601	insH2Bfabp	CD15	GLO1	1	0	0	2	1	11	0	0	1	20.026627	.2382072	.74523275	.4083552	4.2088464	1	47	145	698644	8520	6844	4274	1212	82	3.044e+09	2	11255893	260090	212	376	217	160	0	1251501	0		1873.431				0	4550.136	1423195	1728548	9_GLO1	1	3	3	8.716666	3	1	4	1.397068	2.18935	1.768825	2.623793	1.674578			-.5221549	.1871252	.3601299	1.209261	.441412	1.984772	-1.436207	-1.436207			.7887937	1.894644	1.522408	1.522408	-.3109825	-1.894644	-2.109706	2.52324	1.358142	2.109706	2.109706	.5513477	1.679661
InsH2Bfabp_CD15_11dpf_VAST02_plate01_GLO1_200915_G08	200915	1	NC588	insH2Bfabp	CD15	GLO1	1	0	0	2	1	11	0	0	1	26.325625	.8847696	.68180869	.680592	38.814917	1	34	132	434892	9060	6641	5977	1783	48	2.718e+09	2	4191533	151151	150	267	164	118	84	964159	7744	4231.2935	3549.9277	3.28e+07	55.33479	-1.00e+07	39	4615.638	1359971	1675373	9_GLO1	1	3	3	7.233333	3	1	4	1.768825	1.465234	1.342336	1.145085	1.342336	2.611712	1.57592	1.717228	.5447325	1.637325	1.00999	1.395747	1.286946	.3000344	.3498982	.4460577	-.5729675	-.9830529	-.0145739	1.894644	1.164587	-.6744897	-.8710608	-1.288206	-.6383348	-.568394	.2503385	-.2503385	-.7887937	-.8292257
InsH2Bfabp_CD15_11dpf_VAST02_plate01_GLO1_200915_A04	200915	1	NC554	insH2Bfabp	CD15	GLO1	1	0	0	2	1	11	1	1	2	18.066268	.4423848	.38054438	.5444736	34.294304	1	49	98	399300	5186	4744	8558	2543	77	3.439e+09	1	5640396	194342	146	245	214	150	80	696282	5856	3343.1342	3011.0232	1.96e+07	-150.2875	-1.16e+07	2	3808.068	1042102	1282871	9_GLO1	1	3	2	4.7	3	1	4	-.6412388	-.2165341	-.6412388	.1092005	.0858019	-1.858747	-1.177645	.4022501	.4128896	1.06018	-.4128896	.1757821	-.9364207	.2023762	.1782959	-.0417893	-.7098812	.4360634	-.2203721	-.8292257	-.5011308	-.0145739	.1315391	-.1906023	.0437342	.1021915	.0875522	-.7115489	.5011308	1.136341
InsH2Bfabp_CD15_11dpf_VAST02_plate01_GLO1_200915_C02	200915	1	NC541	insH2Bfabp	CD15	GLO1	1	0	0	2	1	11	0	0	1	17.642712	.2722368	.3964004	.3743256	41.776698	1	36	85															0	1339872	0		2003.8409				0	3635.064	1007993	1245696	9_GLO1	1	3	2	3.583333	3	1	4	-1.114751	-.3661064	-.7791397	-1.666308	-.3497908	.5984352	-.9792963	-.2675282	.8167654	.1079158	-.2573935	0	2.595914	-1.436207	-1.436207															
InsH2Bfabp_CD15_11dpf_VAST02_plate01_GLO1_200915_E08	200915	1	NC586	insH2Bfabp	CD15	GLO1	1	0	0	2	1	11	0	0	1	30.98475	.8167104	.91964893	.6465624	39.048742	1	32	130	256963	4355	4169	3566	1310	59	8.515e+08	3	4583500	139005	153	236	169	129	93	1024800	9220	3718.2692	3229.2395	3.43e+07	-51.52919	-1596855	15	4534.086		1667986	9_GLO1	1	3	3	7.1	3	1	4	1.342336		1.291353	1.281552	1.768825	-.1359107	.8769184	1.445073	.5675913	1.473468	1.921351	2.662688	1.626828	.3498982	.4788077	.5084881	.1256613	-.404226	-1.056592	-1.224058	-1.108973	-1.742647	-2.109706	-1.894644	-.3727933	-.8710608	.404226	-1.056592	-.7115489	-.2353289
InsH2Bfabp_CD15_11dpf_VAST02_plate01_GLO1_200915_C09	200915	1	NC592	insH2Bfabp	CD15	GLO1	1	0	0	2	1	11	0	0	1	26.431515	.2041776	.68180869	.510444	45.050245	1	38	136	456754	7027	5304	6853	2238	65	3.253e+09	2	6825656	209669	138	375	234	136	107	700564	8559	4394.7201	3838.1418	3.76e+07	-146.2696	-1.14e+07	0	4563.266		1701123	9_GLO1	1	3	3	7.516667	3	1	4	1.456338		1.521218	.4507442	1.882051	-1.494155	-.2924907	-.8727259	1.250992	.9165567	1.00999	1.449182	-.8315547	.4788077	.452452	.6744897	-.6744897	-.0437342	.2203721	.5011308	-.1021915	-.1906023	-.4360634	-.568394	.6383348	.3727933	-.4360634	1.894644	.9368471	.1757821
InsH2Bfabp_CD15_11dpf_VAST02_plate01_GLO1_200915_C03	200915	1	NC548	insH2Bfabp	CD15	GLO1	1	0	0	2	1	11	.0257281	0	1	15.524928	.4083552	.38054438	.4764144	29.539866	1	43	92																							0				9_GLO1	1	3	2	4.083333	3	1	4								.2675282	.3916559	.7502154	-.4128896	-.441412																		
InsH2Bfabp_CD15_11dpf_VAST02_plate02_GLO1_200915_C02	200915	2	NC606	insH2Bfabp	CD15	GLO1	1	0	0	2	1	11	0	0	1	20.847437	.2382072	.41225642	.4423848	3.4294304	1	3	150	552646	6740	5673	4903	1419	82	2.737e+09	3	9149239	296556	198	361	238	160									23				9_GLO1	1	3	4	9.066667	3	1	4								-.5221549	-.0097917	.5561256	-.167232	.6684036						.7887937	.6744897	.3109825	.2503385	-.6383348	-1.522408	-1.622711	1.622711	1.894644	1.742647	1.522408	1.224058	1.679661
InsH2Bfabp_CD15_11dpf_VAST02_plate01_GLO1_200915_E06	200915	1	NC572	insH2Bfabp	CD15	GLO1	1	0	0	2	1	11	.0936884	0	1	17.960379	.4764144	.90379291	.510444	44.582595	1	18	116	337211	6485	5601	10325	3463	52	3.426e+09	1	3995253	140790	109	327	162	143	158	714800	11544	4374.0925	3704.1054	5.05e+07	2.863662	4380639	0	3756.623	995596.6	1201762	9_GLO1	1	3	3	6.05	3	1	4	-.8385722	-.4972006	-.9674216	-.7959055	-.1940281	1.56699	-.8135039	.5791321	1.209261	.9165567	1.76167	.1168527	-.6744897	.8654489	.8315547	1.313873	.3554904	-.6029956	-.6029956	.1906023	.1610005	-.0437342	.6744897	.8710608	-.8292257	-.8292257	-1.435436	.8499573	-.9144792	.6383348
InsH2Bfabp_CD15_11dpf_VAST02_plate01_GLO1_200915_A08	200915	1	NC582	insH2Bfabp	CD15	GLO1	1	0	0	2	1	11	1	1	2	15.842595	.4083552	.33297634	.4083552	39.43845	1	28	126																							17	3766.901	974437.3	1218151	9_GLO1	1	3	3	6.833333	3	1	4	-.7791397	-.6971414	-.8694237	-.4267448	-.0643168	1.123415	-1.134375	.2675282	.5907506	.3601299	-.6744897	-.3365792																		
InsH2Bfabp_CD15_11dpf_VAST02_plate01_GLO1_200915_G02	200915	1	NC544	insH2Bfabp	CD15	GLO1	1	0	0	2	1	11	.7978142	1	2	16.054374	.4764144	.38054438	.4083552	42.010522	1	39	88															9	726476	360	4266.4361	3304.4024	1535917	401.4418	-3.60e+07	0	3452.433	878749.1	1174711	9_GLO1	1	3	2	3.8	3	1	4	-1.674578	-1.398694	-1.155555	-1.281552	-1.397068	.2510159	.2236767	.5791321	.8444151	.3601299	-.4128896	-.2754823	-.532558	-.6450915	-.7985898	-1.250516	-1.914506													
InsH2Bfabp_CD15_11dpf_VAST02_plate01_GLO1_200915_G04	200915	1	NC560	insH2Bfabp	CD15	GLO1	1	0	0	2	1	11	1	1	2	21.878279	.8167104	.71352072	.1361184	52.298814	1	6	104	567056	6915	5451	9201	3164	82	5.245e+09	1	6793698	239970	151	355	200	154	253	932404	17898	3881.8262	3541.9432	6.95e+07	-284.0199	2.69e+07	46	3996.51	1108855	1364786	9_GLO1	1	3	3	5.133333	3	1	4	-.2378908	.0716793	-.2822162	-.6010209	.2159075	.6533766	.088847	1.445073	2.063528	-1.417797	1.131577	.7821805	1.234595	2.595914	2.193076	2.539185	1.914506	.7887937	.8292257	.3727933	.0437342	1.164587	.2503385	.5344601	.6029956	.8710608	.2805315	1.358142	.0437342	1.435436
InsH2Bfabp_CD15_11dpf_VAST02_plate01_GLO1_200915_A05	200915	1	NC561	insH2Bfabp	CD15	GLO1	1	0	0	2	1	11	0	0	1	27.490407	.3743256	.3964004	.4764144	45.985544	1	7	105															149	856144	11088	4091.8162	3398.9814	4.54e+07	107.035	5832382	6	4139.194	1138643	1526928	9_GLO1	1	3	3	5.266667	3	1	4	-.0428615	.2165341	.304583	-.7091025	-.2159075	-.3454851	.586526	.1276354	1.341718	.7502154	-.2573935	1.924727	.5600113	.8315547	.7351237	.9027348	.4154975													
InsH2Bfabp_CD15_11dpf_VAST02_plate01_GLO1_200915_G03	200915	1	NC552	insH2Bfabp	CD15	GLO1	1	0	0	2	1	11	.0381794	0	1	21.454723	.1361184	.28540829	.0680592	.389708	1	47	96	413022	5736	4487	5929	2132	72	2.294e+09	1	5455234	212111	143	317	190	126	1	1311631	32	3752.6875	3261.5197	120086	-57.9947	-3.65e+07	21	3786.929	1081341	1301981	9_GLO1	1	3	2	4.433333	3	1	4	-.72234	-.0716793	-.5392076	.6541061	.1722413	.5716375	1.3782	-1.566689	-1.534121	-2.153875	-.9315628	.7304482	2.193076	-.9549111	-.9364207	-1.914506	-2.128045	.2054644	-.1315391	-.4360634	-.8292257	-.9144792	-.9596939	-.8292257	-.0145739	.4683492	-.1757821	.6929004	-.1757821	-.4521474
InsH2Bfabp_CD15_11dpf_VAST02_plate01_GLO1_200915_E04	200915	1	NC558	insH2Bfabp	CD15	GLO1	1	0	0	2	1	11	1	1	2	26.007958	1.020888	.34883235	.0340296	42.86788	1	4	102	389672	5061	3926	8272	2878	77	3.305e+09	1	6066227	187283	183	270	213	130	1	800266	96	2380.6979	2964.2257	228547	-1053.453	-2.99e+07	73				9_GLO1	1	3	3	4.975	3	1	4								1.809892	.9315628	-2.660068	-.6024495	1.255486	.0828608	-.9549111	-.9003679	-1.763728	-1.644854	.4360634	-.2805315	-.9144792	-1.288206	-.1315391	-.0145739	.0729317	.2805315	-.0145739	1.288206	-.1168527	.4683492	-.1462539
InsH2Bfabp_CD15_11dpf_VAST02_plate02_GLO1_200915_C01	200915	2	NC599	insH2Bfabp	CD15	GLO1	1	0	0	2	1	11	0	0	1	16.157096	.2041776	.50739251	.3743256	4.676496	1	45	143															159	859230	12784	3620.9956	3008.1081	4.63e+07	131.266	1.52e+07	16	4371.963	1217792	1544604	9_GLO1	1	3	3	8.383333	3	1	4	.6412388	.5519941	.3726597	.8572543	.6948019	-1.08194	-.339128	-.8727259	.2472852	.1079158	.2271431	-.2054644	.5878935	.9182451	.9737339	.9454201	.9027348													
InsH2Bfabp_CD15_11dpf_VAST02_plate01_GLO1_200915_E02	200915	1	NC542	insH2Bfabp	CD15	GLO1	1	0	0	2	1	11	0	0	1	16.266152	.4764144	.53910454	.3743256	43.257588	1	37	86															0	680769	0		2799.5252				0	3489.633	856677.6	1085827	9_GLO1	1	3	2	3.666667	3	1	4	-1.456338	-1.465234	-1.593219	1.387736	-.9011259	-1.428482	.5603786	.5791321	.9938159	.1079158	.3497018	-.1757821	-1.094844	-1.436207	-1.436207															
InsH2Bfabp_CD15_11dpf_VAST02_plate01_GLO1_200915_C04	200915	1	NC556	insH2Bfabp	CD15	GLO1	1	0	0	2	1	11	0	0	1	26.219736	1.0549176	.72937674	.8167104	48.323792	1	2	100	458615	6370	5686	9398	3155	72	4.214e+09	1	6374042	204393	155	249	211	150	60	846178	5095	2862.2968	2547.6707	1.46e+07	-44.27652	-6606322	0	4258.279	1175548	1462149	9_GLO1	1	3	3	4.833333	3	1	4	.1722413	.3155015	0	-.065437	.7791397	-.1131522	.3627199	1.921351	1.566689	2.266227	1.169537	1.322365	.426407	.011824	-.0354786	-.2389929	-.3554904	.2054644	.2805315	.0437342	.2805315	.5011308	.3109825	.4683492	.4360634	.2503385	.4846749	-.6029956	.3572158	1.136341
InsH2Bfabp_CD15_11dpf_VAST02_plate01_GLO1_200915_E01	200915	1	NC536	insH2Bfabp	CD15	GLO1	1	0	0	2	1	11	0	0	1	20.713498	.5444736	.19027219	.4764144	35.619311	1	31	80	479665	8130	6509	6369	2423	59	2.948e+09	2	3999877	142486	126	247	183	135	12	875584	1248	1550.3093	1794.2975	1934786	-402.0966	-3017794	0	3902.228	1159772	1393408	9_GLO1	1	3	2	3.216667	3	1	4	-.3497908	.2410404	-.1722413	-1.027154	.304583	.3695582	-.0443797	.7764218	.4998403	.7502154	-1.921351	.5971794	.7351237	-.5462332	-.532558	-1.085325	.0696849	-.404226	.4360634	1.358142	.9596939	-.404226	-.7115489	-.3572158	-.7887937	-.7887937	-.8499573	-.6383348	-.3572158	.0729317
InsH2Bfabp_CD15_11dpf_VAST02_plate01_GLO1_200915_A01	200915	1	NC532	insH2Bfabp	CD15	GLO1	1	0	0	2	1	11	.9818349	1	2	21.878279	.4083552	.22198422	.4764144	22.291298	1	27	76	565694	6984	5721	9675	3371	81	5.750e+09	2	6538624	210253	156	284	201	145	66	766940	5371	3742.1743	3277.4307	2.01e+07	-88.65968	-1.68e+07	27	3736.688	1002744	1289988	9_GLO1	1	3	2	2.933333	3	1	4	-.9011259	-.4438613	-.6151411	1.447253	.3497908	.4183713	-.1334907	.2675282	.3289579	.7502154	-1.445073	.7821805	-.2265744	.0591531	.0591531	-.0139262	-1.136959	.6744897	.7887937	.4360634	.3417246	1.288206	.404226	.7496121	.5344601	.404226	.5856072	.2503385	.1021915	.8088444
InsH2Bfabp_CD15_11dpf_VAST02_plate02_GLO1_200915_A01	200915	2	NC597	insH2Bfabp	CD15	GLO1	1	0	0	2	1	11	0	0	1	24.716968	.2382072	.63424064	.3743256	4.4426712	1	43	141	498421	7439	6055	6125	2198	67	3.046e+09	3	7424990	232051	146	334	258	132	100	798583	10192	3101.4557	2647.1362	3.16e+07	68.90664	8276573	0				9_GLO1	1	3	3	8.058333	3	1	4								-.5221549	.2271431	.1079158	.7764218	1.100033	.0354786	.4006481	.5878935	.3853205	.5084881	.0875522	.5011308	.7887937	.6383348	-.2805315	-.7496121	-.6029956	.9144792	.7115489	.0875522	.9830529	1.522408	-.0145739
InsH2Bfabp_CD15_11dpf_VAST02_plate01_GLO1_200915_C08	200915	1	NC584	insH2Bfabp	CD15	GLO1	1	0	0	2	1	11	1	1	2	19.760495	.5444736	.36468837	.6125328	43.881121	1	30	128															25	813931	2304	3868.1011	3171.7306	8912105	171.1393	-2.57e+07	128	4041.777	1019582	1373011	9_GLO1	1	3	3	6.966667	3	1	4	-.1722413	-.3155015	-.2159075	-.9558848	-.72234	-.3216105	-.3865153	.7764218	1.131577	1.272699	-.5447325	.3884616	.1304298	-.3751523	-.4006481	-.7098812	-1.459439													
InsH2Bfabp_CD15_11dpf_VAST02_plate01_GLO1_200915_C05	200915	1	NC563	insH2Bfabp	CD15	GLO1	1	0	0	2	1	11	0	0	1	20.819387	.510444	.38054438	.510444	40.529632	1	9	107	379729	6436	5047	7447	2708	59	2.771e+09	1	4961698	184217	139	311	174	132	201	782192	15440	4396.0574	3873.1279	6.79e+07	-189.2431	1.81e+07	9	4230.732		1542675	9_GLO1	1	3	3	5.4	3	1	4	.1073266		.3497908	.7663329	1.002216	.0677986	-.7532038	.7118422	.6744897	.9165567	-.4128896	.6443017	-.1066151	1.838167	1.343082	2.128045	1.036433	-.404226	-.3417246	.0729317	-.2503385	-.6029956	-.3109825	-.1021915	-.1021915	-.1021915	-.3572158	.5856072	-.568394	-.0145739
InsH2Bfabp_CD15_11dpf_VAST02_plate01_GLO1_200915_A02	200915	1	NC540	insH2Bfabp	CD15	GLO1	1	0	0	2	1	11	0	0	1	27.172739	.7826808	.3964004	.7146216	46.842902	1	35	84	610358	7629	6544	6499	1818	80	4.014e+09	1	8130816	252729	166	304	254	132	68	1021684	7376	2998.7675	2674.6363	2.21e+07	-68.61103	-1807252	0	4256.336	1359792	1629854	9_GLO1	1	3	2	3.483333	3	1	4	.1505358	1.398694	.9011259	.7959055	.4425108	-2.611712		1.318011	1.445073	1.862732	-.2573935	1.813418	1.543781	.0828608	.3248653	.0976349	.0976349	.568394	1.288206	.9596939	1.006961	.3727933	-.568394	-1.056592	1.164587	1.164587	.8088444	.5011308	1.395747	-.0145739
InsH2Bfabp_CD15_11dpf_VAST02_plate02_GLO1_200915_A02	200915	2	NC605	insH2Bfabp	CD15	GLO1	1	0	0	2	1	11	0	0	1	16.977906	.170148	.80865682	.340296	3.5853136	1	2	149	416296	6505	4067	10921	2987	64	4.432e+09	1	4591302	180901	125	275	211	108	9	908853	672	2692.6027	2788.519	1809429	-519.0114	-2.46e+07	8	4010.166	1135114	1416840	9_GLO1	1	3	4	9	3	1	4	-.2159075	.167894	-.1289011	-.3100516	.1940281	-.9319713	-1.3782	-1.250992	.0784124	-.1276354	1.366204	-.0583267	1.012455	-.6450915	-.6162404	-1.136959	-1.250516	-.1021915	-.0729317	.2203721	-1.224058	.6744897	.8710608	.2203721	-.3109825	-.1610005	-.9144792	.0583267	.3572158	-1.136341
InsH2Bfabp_CD15_11dpf_VAST02_plate01_GLO1_200915_C01	200915	1	NC534	insH2Bfabp	CD15	GLO1	1	0	0	2	1	11	0	0	1	18.172158	.2722368	.57081658	.3743256	70.926856	1	29	78	411049	7211	6727	9491	3601	57	3.663e+09	1	4654736	182890	138	223	206	140	9	530704	592	3497.9527	3113.0499	2070788	-124.6884	-3.13e+07	14	3609.228	952335.8	1259304	9_GLO1	1	3	2	3.083333	3	1	4	-1.342336	-.7279133	-.7504371	-.8572543	-1.19838	.1359107	-1.322984	-.2675282	2.660068	.1079158	.477772	.1955515	-1.722905	-.6450915	-.6450915	-1.036433	-1.763728	-.5344601	-.1610005	.6383348	1.358142	.1021915	.3727933	.9144792	-.2805315	-.1315391	-.4360634	-1.164587	.1462539	.4846749
InsH2Bfabp_CD15_11dpf_VAST02_plate01_GLO1_200915_E05	200915	1	NC564	insH2Bfabp	CD15	GLO1	1	0	0	2	1	11	0	0	1	26.855071	.3743256	1.2209132	.2382072	50.116449	1	10	108	580463	6309	4518	7667	2880	92	4.476e+09	2	7109110	236541	152	341	188	144	113	929466	9392	4397.829	3658.8847	4.13e+07	83.87337	-3834855	16	4397.569		1634609	9_GLO1	1	3	3	5.5	3	1	4	.8385722		.9674216	-.0872978	2.02629	-.8976552	.7240638	.1276354	1.921351	-.6622477	2.266227	1.641107	1.094844	.5055002	.532558	.7461852	-.0417893	1.224058	.9144792	-.0437342	-.7887937	.7496121	-.2203721	.1021915	.7496121	.7887937	.3417246	1.164587	-.2353289	.7304482
InsH2Bfabp_CD15_11dpf_VAST02_plate01_GLO1_200915_G05	200915	1	NC566	insH2Bfabp	CD15	GLO1	1	0	0	2	1	11	.089593	0	1	19.654606	.6125328	.38054438	.4423848	43.725238	1	12	110	55707	2932	3349	5692	2153	19	3.074e+08	1	1776959	67319	89	211	164	54									0	3485.649	810545.6	1045138	9_GLO1	1	3	3	5.633333	3	1	4	-1.521218	-1.718451	-1.768825	-.4995509	-1.768825	-1.744448	-.9099823	.9017541	1.06018	.5561256	-.4128896	.3572158						-1.894644	-2.52324	-2.52324	-2.52324	-2.52324	-1.164587	-.7115489	-1.742647	-1.742647	-2.109706	-1.358142	-.7887937	-2.109706
InsH2Bfabp_CD15_11dpf_VAST02_plate01_GLO1_200915_D06	200915	1	NC571	insH2Bfabp	CD15	GLO1	1	0	0	2	1	11	1	1	2	28.443409	.4764144	.57081658	.7146216	46.453194	1	17	115																							47				9_GLO1	1	4	3	5.975	4	1	4								.5791321	1.391538	1.862732	.477772	2.066729																		
InsH2Bfabp_CD15_11dpf_VAST02_plate01_GLO1_200915_H07	200915	1	NC581	insH2Bfabp	CD15	GLO1	1	0	0	2	1	11	1	1	2	23.14895	.680592	.7928008	.5785032	43.257588	1	27	125															50	823204	4480	3108.1364	2725.868	1.39e+07	-24.12855	-1.11e+07	0				9_GLO1	1	4	3	6.758333	4	1	4								1.095181	.9938159	1.169537	1.295022	.8499573	.2023762	-.1543186	-.1782959	-.2967378	-.6399237													
InsH2Bfabp_CD15_11dpf_VAST02_plate01_GLO1_200915_B07	200915	1	NC575	insH2Bfabp	CD15	GLO1	1	0	0	2	1	11	1	1	2	24.313731	.5785032	.84036885	.1361184	43.959062	1	21	119	69008	3834	4612	5664	1921	18	4.419e+08	2	995303	50299	91	147	123	79	117	900023	11007	3180.0851	2787.9499	3.50e+07	-30.80819	8634833	12	4276.392	1260709	1578578	9_GLO1	1	4	3	6.333333	4	1	4	.2159075	.9674216	.5145928	.6010209	1.155555	-1.56699	.4593015	.8444151	1.169537	-1.417797	1.534121	1.06512	.9737339	.532558	.7044829	.5404469	.5404469	-2.109706	-2.109706	-1.894644	-.7115489	-2.109706	-1.224058	-.8710608	-2.109706	-2.109706	-1.813418	-2.109706	-2.109706	-1.742647
InsH2Bfabp_CD15_11dpf_VAST02_plate01_GLO1_200915_B09	200915	1	NC591	insH2Bfabp	CD15	GLO1	1	0	0	2	1	11	0	0	1	26.749182	.7486512	.68180869	.6125328	37.178143	1	37	135	578669	5459	5462	4568	1525	106	2.554e+09	3	10338684	228006	217	294	271	148	21	897116	2176	3540.0395	3073.7891	7703126	-32.87686	-2.48e+07	0				9_GLO1	1	4	3	7.45	4	1	4								1.229859	.5221549	1.272699	1.00999	1.538072	.9364207	-.4788077	-.426407	-.7835004	-1.313873	2.109706	.8710608	-.7115489	.0729317	-.7496121	-1.742647	-1.435436	2.109706	.6383348	2.52324	.3417246	1.742647	.9368471
InsH2Bfabp_CD15_11dpf_VAST02_plate01_GLO1_200915_D09	200915	1	NC593	insH2Bfabp	CD15	GLO1	1	0	0	2	1	11	0	0	1	26.219736	.3743256	.58667259	.340296	35.385486	1	39	137	413747	7013	5255	5773	2162	59	2.537e+09	2	5982859	196949	152	317	199	117	39	830790	4649	3559.6412	2962.7294	1.65e+07	127.385	-1.36e+07	26				9_GLO1	1	4	3	7.591667	4	1	4								.1276354	.477772	-.1276354	.5675913	1.322365	.2753871	-.250906	-.1066151	-.1256613	-.9027348	-.404226	-.1021915	.4683492	-.1906023	-.7887937	-1.056592	-.6744897	.1906023	.1315391	.3417246	.6929004	-.0145739	-.9368471
InsH2Bfabp_CD15_11dpf_VAST02_plate01_GLO1_200915_B08	200915	1	NC583	insH2Bfabp	CD15	GLO1	1	0	0	2	1	11	0	0	1							29	127	458269	6110	4690	6700	2325	75	3.050e+09	1	6340093	216555	149	316	217	118	29	843926	3600	3284.0658	2722.3824	1.18e+07	156.2156	-1.31e+07	0	4280.583		1591109	9_GLO1	1	4	3	6.9	4	1	4	.2599896		.6412388	-1.064822	.9674216	-2.004234	.1784023						.3751523	-.3373553	-.3000344	-.4460577	-.8616341	.2805315	.2503385	-.1610005	-.6029956	-.2503385	-.5011308	-.404226	.3727933	.5344601	.2203721	.6383348	.5513477	-.8292257
InsH2Bfabp_CD15_11dpf_VAST02_plate01_GLO1_200915_F09	200915	1	NC595	insH2Bfabp	CD15	GLO1	1	0	0	2	1	11	1	1	2	22.090058	.3743256	.44396845	.4423848	42.789938	1	41	139	420611	4084	3381	9697	3213	103	3.974e+09	1	6673477	212101	145	245	236	150	57	705420	5520	3468.3726	2845.009	1.91e+07	185.2124	-8452718	0	4280.057	1241359	1525104	9_GLO1	1	4	3	7.733333	4	1	4	.2378908	.7279133	.2822162	.5495782	.4902859	.5192254		.1276354	.9017541	.5561256	.0195843	.822394	-.7985898	-.0591531	.1304298	-.0696849	-.4770404	1.894644	-.0437342	-1.622711	-2.109706	.2805315	.4360634	.6029956	.568394	.4360634	.0145739	-.7115489	1.056592	1.136341
InsH2Bfabp_CD15_11dpf_VAST02_plate01_GLO1_200915_F04	200915	1	NC559	insH2Bfabp	CD15	GLO1	1	0	0	2	1	11	.5937922	1	2	20.395831	.7486512	.57081658	.6465624	48.479675	1	5	103	202572	4310	3611	7640	2773	47	1.472e+09	1	4621	1326	20	22	20	18	179	744606	13763	3102.1467	2654.2714	4.27e+07	60.5608	1.92e+07	0	3881.99	1051688	1309009	9_GLO1	1	4	3	5.05	4	1	4	-.4425108	-.167894	-.4662653	-1.760867	-.1289011	2.211127	.2924907	1.229859	1.637325	1.473468	.477772	.5288648	-.3498982	1.37281	1.138967	.8219399	1.085325	-1.108973	-1.435436	-1.288206	-1.742647	-1.288206	-.2503385	.0145739	-2.52324	-2.52324	-2.52324	-2.52324	-2.52324	-2.52324
InsH2Bfabp_CD15_11dpf_VAST02_plate01_GLO1_200915_H09	200915	1	NC596	insH2Bfabp	CD15	GLO1	1	0	0	2	1	11	1	1	2	14.783703	.4423848	.87208088	.340296	43.257588	1	42	140	381662	7789	6667	11011	3747	49	4.080e+09	1	3612875	153680	145	240	160	126	165	685014	13115	3655.762	3164.9267	4.79e+07	-32.58256	1.35e+07	0	3515.307	833843.4	1054888	9_GLO1	1	4	3	7.8	4	1	4	-1.397068	-1.622194	-1.674578	-1.447253	-1.593219	.3938474	-1.866676	.4022501	.9938159	-.1276354	1.637325	-.6205683	-1.052756	1.012455	1.052756	1.085325	.7835004	-.8499573	-.3109825	1.056592	1.288206	.404226	1.006961	1.056592	-.9596939	-.4360634	.0145739	-.8925596	-1.006961	-.4521474
InsH2Bfabp_CD15_11dpf_VAST02_plate01_GLO1_200915_H01	200915	1	NC539	insH2Bfabp	CD15	GLO1	1	0	0	2	1	11	1	1	2	17.007376	1.1229768	.25369626	.6125328	26.500144	1	34	83	768764	8939	8460	6399	1813	86	5.047e+09	1	9155791	251616	187	292	259	138	52	759742	5456	2946.2311	2226.7639	1.61e+07	446.0949	1801286	0	4207.472		1594923	9_GLO1	1	4	2	3.416667	4	1	4	.0428615		.6677808	.4995509	1.397068	-2.211127	-.2236767	2.153875	.3497018	1.272699	-1.229859	-.0388722	-.2753871	-.1304298	.0828608	-.1820346	.2389929	1.031459	2.52324	1.742647	2.52324	1.056592	-.6383348	-1.108973	1.742647	1.108973	1.395747	.3109825	1.622711	.3572158
InsH2Bfabp_CD15_11dpf_VAST02_plate01_GLO1_200915_D03	200915	1	NC549	insH2Bfabp	CD15	GLO1	1	0	0	2	1	11	.9859055	1	2	12.66592	.340296	.19027219	.3743256	34.450187	1	44	93															22	246150	1824	2103.9863	2010.3623	3837671	-122.0714	-5771664	0	3369.407	753123.8	1017085	9_GLO1	1	4	2	4.15	4	1	4	-2.231606	-2.18935	-2.02629	-2.623793	-1.882051	-.3938474	1.657863	-.0293788	.4450965	.1079158	-1.921351	-.9368471	-2.193076	-.4393922	-.5055002	-.9027348	-.2104284													
InsH2Bfabp_CD15_11dpf_VAST02_plate02_GLO1_200915_B01	200915	2	NC598	insH2Bfabp	CD15	GLO1	1	0	0	2	1	11	0	0	1	12.287565	.170148	.80865682	.2041776	2.5720728	1	44	142	256095	6246	5956	11309	4224	41	2.919e+09	1	2465703	88871	91	257	131	124	57	697984	4503	2854.0759	2444.1762	1.29e+07	78.58124	-6107246	0	3695.55	985577.7	1187661	9_GLO1	1	4	3	8.316667	4	1	4	-1.002216	-.5519941	-1.075723	.1311557	0	-.9674216	-1.22324	-1.250992	-.2675282	-.8444151	1.366204	-1.031459	-.9003679	-.0591531	-.1543186	-.3853205	-.2967378	-1.435436	-1.108973	-.1021915	.568394	-.4360634	1.108973	1.358142	-1.435436	-1.522408	-1.813418	-.404226	-1.894644	-.6205683
InsH2Bfabp_CD15_11dpf_VAST02_plate01_GLO1_200915_H06	200915	1	NC574	insH2Bfabp	CD15	GLO1	1	0	0	2	1	11	1	1	2	23.360728	.5785032	.93550494	.5444736	49.414974	1	20	118															135	738380	10353	3056.0032	2730.5717	3.16e+07	-82.21911	6507086	0	4082.779	1175952	1470628	9_GLO1	1	4	3	6.2	4	1	4	-.1289011	.3406948	.0214258	1.188129	.8694237	1.858747	-.4347873	.8444151	1.809892	1.06018	2.063528	.9071243	-.4006481	.6450915	.6450915	.4154975	.4460577													
InsH2Bfabp_CD15_11dpf_VAST02_plate01_GLO1_200915_F07	200915	1	NC579	insH2Bfabp	CD15	GLO1	1	0	0	2	1	11	1	1	2	23.466617	.680592	.68180869	.6125328	42.478172	1	25	123	605888	6446	4721	8537	2911	94	5.158e+09	1	7021566	269977	148	298	272	139	76	882949	5504	4091.6582	3343.14	2.25e+07	177.6017	-1.58e+07	100	4421.77	1301174	1612717	9_GLO1	1	4	3	6.616667	4	1	4	.9337607	1.088917	.7791397	.065437	.8084989	.0225842	2.617812	1.095181	.8727259	1.272699	1.00999	.9368471	.8654489	.1782959	.1066151	.1537869	-1.085325	1.288206	1.164587	.1021915	-.5344601	1.108973	.1021915	.1315391	.7115489	1.522408	.1757821	.3727933	1.894644	.4360634
InsH2Bfabp_CD15_11dpf_VAST02_plate01_GLO1_200915_B03	200915	1	NC547	insH2Bfabp	CD15	GLO1	1	0	0	2	1	11	1	1	2	23.678396	.680592	.33297634	.7146216	40.139924	1	42	91															58	877539	4896	3537.1146	2869.8466	1.73e+07	222.4969	-1.08e+07	0	4350.004	1222802	1502091	9_GLO1	1	4	2	4.016667	4	1	4	.4662653	.5800146	.1505358	1.104064	.3957253	.8320063		1.095181	.6380556	1.862732	-.6744897	.9674216	.7664708	-.011824	-.0591531	-.0976349	-.6061059													
InsH2Bfabp_CD15_11dpf_VAST02_plate01_GLO1_200915_H02	200915	1	NC545	insH2Bfabp	CD15	GLO1	1	0	0	2	1	11	1	1	2	14.571925	.85074	.28540829	.4423848	43.803179	1	40	89																							0	3430.015	759763.2	1035732	9_GLO1	1	4	2	3.866667	4	1	4	-1.768825	-1.980752	-1.882051	-1.387736	-1.674578	-.6533766	-1.015779	1.601009	1.095181	.5561256	-.9315628	-.6443017																		
InsH2Bfabp_CD15_11dpf_VAST02_plate01_GLO1_200915_B06	200915	1	NC569	insH2Bfabp	CD15	GLO1	1	0	0	2	1	11	.9049932	1	2	20.607609	.6465624	.44396845	.5444736	48.635558	1	15	113															12	717430	959	3428.1345	2444.2589	3287581	652.5351	-1.57e+07	0	3899.567	1023874	1359986	9_GLO1	1	4	3	5.833333	4	1	4	-.3726597	-.2656923	-.304583	-.6541061	-.7791397	-.4431494	.8135039	.9622232	1.717228	1.06018	.0195843	.5741128	-.6450915	-.5462332	-.5600113	-.9454201	-1.036433													
InsH2Bfabp_CD15_11dpf_VAST02_plate01_GLO1_200915_F02	200915	1	NC543	insH2Bfabp	CD15	GLO1	1	0	0	2	1	11	1	1	2	20.184052	.510444	.50739251	.4423848	40.529632	1	38	87															121	755410	10239	2972.5805	2627.8752	3.04e+07	-35.5738	7517915	0	3822.576	1047919	1297660	9_GLO1	1	4	2	3.733333	4	1	4	-.5894558	-.1921572	-.5641537	-1.332766	-.5641537	-1.36845	-.4105317	.7118422	.6744897	.5561256	.2271431	.4629351	-.3000344	.5878935	.6162404	.3259735	.4770404													
InsH2Bfabp_CD15_11dpf_VAST02_plate02_GLO1_200915_D02	200915	2	NC607	insH2Bfabp	CD15	GLO1	1	0	0	2	1	11	1	1	2	10.880463	.2382072	.50739251	.3743256	2.0264816	1	4	151	285455	5826	4561	10414	3460	49	2.990e+09	1	3579209	119637	136	241	192	89	1	817630	16	2108.625	2290.0405	33738	-471.6527	-1.56e+07	12	3662.883		1104997	9_GLO1	1	4	4	9.133333	4	1	4	-1.038268		-1.456338	-2.224915	-2.231606	-.0677986	2.21809	-.5221549	-.4998403	.1079158	.2271431	-1.255486	.1782959	-.9549111	-.9929082	-2.128045	-.9899016	-.8499573	-.8710608	-.404226	-.7496121	-.3727933	.7496121	.8292257	-1.006961	-1.108973	-.6029956	-.8292257	-.1315391	-1.622711
InsH2Bfabp_CD15_11dpf_VAST02_plate01_GLO1_200915_F01	200915	1	NC537	insH2Bfabp	CD15	GLO1	1	0	0	2	1	11	1	1	2	23.254839	.6465624	.42811243	.4423848	27.201618	1	32	81															24	720914	2080	3036.1841	2464.4618	6315263	234.9973	-1.31e+07	0	4108.037	1091345	1443218	9_GLO1	1	4	2	3.283333	4	1	4	-.0643168	-.0477635	-.1073266	-.5495782	-.304583	-.0451798	.6955261	.9622232	.3705973	.5561256	-.0784124	.878182	-.5878935	-.4006481	-.4788077	-.8219399	-.8219399													
InsH2Bfabp_CD15_11dpf_VAST02_plate01_GLO1_200915_H05	200915	1	NC567	insH2Bfabp	CD15	GLO1	1	0	0	2	1	11	1	1	2	19.760495	.8167104	.33297634	.5444736	41.542873	1	13	111	232307	5162	4665	5976	1917	45	1.329e+09	1	3486732	109899	98	311	160	117									0	3612.307	925195	1187272	9_GLO1	1	4	3	5.7	4	1	4	-1.291353	-1.00627	-1.114751	-.4507442	-.0428615	.3216105	-.6400749	1.445073	.7897265	1.06018	-.6744897	.3884616						-1.322365	-1.288206	-.8710608	-.6383348	-1.358142	-.9144792	-.9144792	-1.056592	-1.358142	-1.522408	.5856072	-1.006961	-.9368471
InsH2Bfabp_CD15_11dpf_VAST02_plate01_GLO1_200915_B01	200915	1	NC533	insH2Bfabp	CD15	GLO1	1	0	0	2	1	11	0	0	1	16.58382	.4423848	.61838462	.340296	53.156171	1	28	77	301580	5200	4276	14820	5343	58	4.421e+09	1	4217674	151580	122	291	178	141									0	3620.763	889276.4	1197097	9_GLO1	1	4	2	3.016667	4	1	4	-1.19838	-1.281552	-1.002216	-1.874442	-.9674216	-.8320063	-.088847	.4022501	2.266227	-.1276354	.7118422	-.1364407						-.5011308	-.7496121	-.7887937	-1.006961	.6383348	2.109706	2.109706	-.6029956	-.5011308	-1.056592	.2805315	-.5344601	.5513477
InsH2Bfabp_CD15_11dpf_VAST02_plate01_GLO1_200915_D07	200915	1	NC577	insH2Bfabp	CD15	GLO1	1	0	0	2	1	11	1	1	2	18.383936	.6465624	.3964004	.510444	41.38699	1	23	121	451076	7395	5961	8401	2751	61	4.002e+09	1	5740105	190800	142	283	184	130	81	729116	5136	2665.4589	2435.8099	1.37e+07	-99.43964	-5089037	0	3938.299	1000845	1313869	9_GLO1	1	4	3	6.483333	4	1	4	-.2822162	-.4703636	-.3957253	-.8261912	-.6677808	-.864365	.339128	.9622232	.763253	.9165567	-.2573935	.2153976	-.4788077	.2265744	-.011824	-.3554904	-.1820346	-.2654048	.1021915	.7496121	.6029956	.3417246	.0729317	-.0729317	.1021915	.0437342	-.2353289	.2054644	-.2957227	-.1462539
InsH2Bfabp_CD15_11dpf_VAST02_plate01_GLO1_200915_F05	200915	1	NC565	insH2Bfabp	CD15	GLO1	1	0	0	2	1	11	.0053943	0	1	26.749182	.85074	.82451283	.1020888	47.934084	1	11	109	582486	7565	7526	4960	1344	77	2.990e+09	1	7155338	255758	141	301	273	129	43	671488	5280	2702.2169	2289.811	1.43e+07	122.2299	-1364474	4	4433.431		1642969	9_GLO1	1	4	3	5.566667	4	1	4	.9674216		1.038268	-1.584661	1.456338	.7103655	-.8769184	1.601009	1.503103	-1.862732	1.445073	1.538072	-1.138967	-.2023762	.011824	-.2677537	.1537869	.4360634	1.056592	.8710608	1.894644	-.3417246	-1.435436	-1.742647	.7887937	1.224058	-.2957227	.4360634	2.109706	-.2353289
InsH2Bfabp_CD15_11dpf_VAST02_plate01_GLO1_200915_F06	200915	1	NC573	insH2Bfabp	CD15	GLO1	1	0	0	2	1	11	.0756368	0	1	23.996063	.5785032	.3964004	.5444736	45.28407	1	19	117	375477	5960	4811	10184	3309	63	3.725e+09	2	6006650	185914	160	279	206	124	74	803721	6863	3545.9136	3029.2964	2.43e+07	29.34844	-7234401	0	4362.241		1626191	9_GLO1	1	4	3	6.116667	4	1	4	.5894558		.8385722	-.2421091	1.243523	-1.212751	.782998	.8444151	1.295022	1.06018	-.2573935	.9989282	.1066151	.118514	.250906	.2389929	-.3853205	-.1757821	-.3727933	-.3109825	-.404226	.1610005	.6383348	.6744897	.2203721	-.0729317	.656305	.1315391	.1462539	-.6205683
InsH2Bfabp_CD15_11dpf_VAST02_plate01_GLO1_200915_D04	200915	1	NC557	insH2Bfabp	CD15	GLO1	1	0	0	2	1	11	1	1	2	25.372623	.7826808	.77694478	.1361184	.389708	1	3	101	559017	7355	6169	8192	2760	76	4.405e+09	2	7495319	222612	181	327	188	145	4	831234	368	2772.1848	2918.0855	1020164	-603.5287	-2.82e+07	0	4290.059	1252500	1560709	9_GLO1	1	4	3	4.9	4	1	4	.2822162	.9299809	.4425108	-.4750061	.6677808	-.2277767	-.1559072	1.318011	-1.534121	-1.417797	1.250992	1.174212	.3000344	-.8315547	-.7664708	-1.382994	-1.545513	.326315	.7115489	.7115489	.8710608	.6029956	-.0583267	-.029151	.9596939	.6029956	1.164587	.8499573	-.2353289	.8088444
InsH2Bfabp_CD15_11dpf_VAST02_plate01_GLO1_200915_H04	200915	1	XX001	insH2Bfabp	CD15	GLO1	1	0	0	2	1	11	1	1	2	19.972274						6	153	435028	5438	4347	10326	2959	80	4.459e+09	1	4807527	190502	133	269	180	127	6	637351	464	2229.2931	2294.2195	1034392	-356.2773	-1.47e+07	4	3839.586	911871.3	1224522	9_GLO1	1	4	4	5.2	4	1	4	-.4902859	-1.13317	-.8385722	-1.233495	-1.291353	-1.312981	.8447865					.4200915	-1.343082	-.7664708	-.7351237	-1.313873	-.9454201	.568394	.0145739	-.7496121	-.9596939	.7115489	.7115489	.1906023	-.1610005	.0145739	-.6383348	-.1757821	-.4846749	-.3884616
InsH2Bfabp_CD15_11dpf_VAST02_plate02_GLO1_200915_D01	200915	2	NC600	insH2Bfabp	CD15	GLO1	1	0	0	2	1	11	1	1	2	14.515477	.170148	.42811243	.4083552	3.7411968	1	46	144	671275	9455	5773	4902	1431	71	3.386e+09	1	6484107	233523	160	255	220	140	42	739925	3319	2745.1958	2395.5009	9111305	31.34974	-8798765	0	4093.816	1078828	1458306	9_GLO1	1	4	3	8.466666	4	1	4	-.0858019	-.0956362	-.0214258	-.2197229	-.4425108	.0451798	-.586526	-1.250992	.1375134	.3601299	-.0784124	-.6684036	-.3751523	-.2265744	-.3498982	-.6744897	-.5084881	.1610005	1.622711	2.52324	.404226	-.0729317	-1.622711	-1.522408	.5011308	.7496121	.656305	-.4683492	.6744897	.4846749
InsH2Bfabp_CD15_11dpf_VAST02_plate01_GLO1_200915_H08	200915	1	NC589	insH2Bfabp	CD15	GLO1	1	0	0	2	1	11	1	1	2	26.960961	.680592	.60252861	.6465624	40.763457	1	35	133	763114	7066	5712	9005	2760	108	6.711e+09	2	10217519	367240	187	369	235	165									0	4666.348		1771943	9_GLO1	1	4	3	7.3	4	1	4	2.231606		2.02629		2.231606	2.004234	1.22324	1.095181	.737304	1.473468	.6380556	1.720887						2.52324	2.109706	.5344601	.3109825	1.894644	.2203721	-.029151	1.894644	2.52324	1.395747	1.742647	1.006961	1.894644
InsH2Bfabp_CD15_11dpf_VAST02_plate01_GLO1_200915_D01	200915	1	NC535	insH2Bfabp	CD15	GLO1	1	0	0	2	1	11	1	1	2	24.737288	.4764144	.31712032	.170148	39.750216	1	30	79	665591	7564	6163	5993	1869	88	3.859e+09	1	9085529	307543	181	334	254	148	83	930182	8064	2803.3446	2417.5931	2.26e+07	61.51824	4219959	19	4402.202	1337272	1605899	9_GLO1	1	4	2	3.15	4	1	4	.8694237	1.337828	.6948019	-.5751093	.6412388	.3454851	1.43797	.5791321	.6142313	-1.06018	-.737304	1.136341	1.138967	.2631268	.4006481	.1820346	.3259735	1.136341	1.522408	.8292257	.8292257	.2203721	-.8292257	-.9596939	1.522408	2.109706	1.164587	.9830529	1.395747	.9368471
InsH2Bfabp_CD15_11dpf_VAST02_plate01_GLO1_200915_F03	200915	1	NC551	insH2Bfabp	CD15	GLO1	1	0	0	2	1	11	1	1	2	25.902069	1.1229768	.33297634	.6465624	34.450187	1	46	95	453436	5668	6081	9766	3643	80	4.179e+09	1	6053145	219584	132	335	212	129	36	708106	3344	3139.7703	2602.6673	1.05e+07	163.5425	-1.19e+07	0	4455.816	1235871	1620732	9_GLO1	1	4	2	4.366667	4	1	4	1.002216	.667016	.8084989	.3100516	-.4662653	1.649237	2.011736	2.153875	.4450965	1.473468	-.6744897	1.213847	-.7664708	-.2753871	-.3248653	-.5404469	-.7461852	.568394	.1610005	-.5011308	.7115489	.4683492	.5011308	.9596939	.2503385	.568394	-.6929004	1.056592	.4200915	-.2353289
InsH2Bfabp_CD15_11dpf_VAST02_plate01_GLO1_200915_D08	200915	1	NC585	insH2Bfabp	CD15	GLO1	1	0	0	2	1	11	0	0	1	21.454723	.680592	.90379291	.1361184	.4676496	1	31	129															187	845712	16123	3299.9501	2908.2794	5.32e+07	-63.34372	2.42e+07	0	4087.943		1454957	9_GLO1	1	4	3	7.033333	4	1	4	-.1073266		-.0643168	-.5244005	.5641537	1.428482	.1111411	1.095181	-1.318011	-1.417797	1.76167	.7304482	.4006481	1.543781	1.626828	1.459439	1.382994													
InsH2Bfabp_CD15_11dpf_VAST02_plate01_GLO1_200915_B04	200915	1	NC555	insH2Bfabp	CD15	GLO1	1	0	0	2	1	11	1	1	2	29.184634	1.191036	.66595267	1.0549176	40.685515	1	1	99															16	729650	2168	2339.7597	2085.9315	5072599	17.99156	-6165449	0	4608.118	1433588	1780931	9_GLO1	1	4	3	4.766667	4	1	4	1.674578	2.592656	2.231606	.0217985	1.593219	.1131522	1.322984	2.660068	.7118422	2.660068	.8871465	2.269206	-.452452	-.5055002	-.452452	-.8616341	-.3259735													
