filename	index	well	batch	tank	plate	Project	column	row	line	proj	Exp	date	VAST	age	time	tod	length	dorsal_area	lateral_area	eye_max_d	eye_mean_d	eye_min_d	eye_area	bent_back	curvature	angle	PCE	dorsal_tail	pig_dorsal_tail	pig_dorsal_tail_Res	dorsal_area_Res	lateral_area_Res	condition	intlength	intdorsal_area	intdorsal_area_Res	intlateral_area	intlateral_area_Res	intangle	inteye_area	intbent_back	intcurvature	intPCE	intdorsal_tail	intpig_dorsal_tail	intpig_dorsal_tail_Res	conditions
InsH2Bfabp_Size_03dpf_VAST01_plate01_BCL11A_231024_A01	SI100	A01	1	1	1	Size	1	A	insH2Bfabp	Size	BCL11A	231024	1	3	24oct2023 11:26:51	3.433333	3049.716	621980.6	985861.8	242.3157	214.0899	200.3812	36068.12	.0313758	.0000767	128.7223	22879.03	532408.4	145379	16428.08	-79492.05	-18675.78	1	.0809473	-1.400745	-1.400745	-.2450062	-.6916925	-1.370745	-.8299034	-.7377372	.3036906	1.19838	1.19838	1.19838	.7791397	bcl11a_crispants
InsH2Bfabp_Size_03dpf_VAST01_plate01_BCL11A_231024_A02	SI108	A02	1	2	1	Size	2	A	insH2Bfabp	Size	BCL11A	231024	1	3	24oct2023 11:28:30	3.466667	2861.516	659035.6	913217.2		173.0793	173.5611	23791.2	.0315563	.0000772	133.761	22669.68				-26864.18	-23098.21	0	-.5682099	-.7349572	-.6660544	-.807541	-.7626835	-.9750298	-1.465234	-.7012515	.3639316	1.092245				Controls
InsH2Bfabp_Size_03dpf_VAST01_plate01_BCL11A_231024_A04	SI124	A04	1	4	1	Size	4	A	insH2Bfabp	Size	BCL11A	231024	1	3	24oct2023 11:32:37	3.533333	3286.126	735777.6	1099091	277.1148	238.6752	210.4017	44741.21	.0379848	.000084	149.3127	22699.59				14742.99	8854.885	0	1.057414	.7349572	.3009654	.9252446	-.1229156	.3336597	-.0827304	.1128968	.521135	1.143702				Controls
InsH2Bfabp_Size_03dpf_VAST01_plate01_BCL11A_231024_A07	SI148	A07	1	7	1	Size	7	A	insH2Bfabp	Size	BCL11A	231024	1	3	24oct2023 11:36:53	3.6	3083.57	644560.6	1018132	231.2736	188.0284	170.6695	27783.81	.0384739	.0000406	142.9247	15910.64	243594.4	52173.16	-16754.62	-59713.31	1322.159	1	.3009654	-1.10579	-1.211232	.0539321	-.2901008	-.2739918	-1.256896	.1697986	-.7291514	.1381652	-.6151411	-.6151411	-.3957253	bcl11a_crispants
InsH2Bfabp_Size_03dpf_VAST01_plate01_BCL11A_231024_A08	SI156	A08	1	1	1	Size	8	A	insH2Bfabp	Size	BCL11A	231024	1	3	24oct2023 11:38:06	3.633333	2859.462	871735.8	1054888	296.5184	252.0985	223.7458	49915.16			146.846	15462.04				186006	119316.9	1	-.6001788	2.550635	2.550635	.4159872	2.136868	.0712713	.6487755			.0275488				bcl11a_crispants
InsH2Bfabp_Size_03dpf_VAST01_plate01_BCL11A_231024_A09	SI164	A09	1	2	1	Size	9	A	insH2Bfabp	Size	BCL11A	231024	1	3	24oct2023 11:39:32	3.65	2574.108	799988.4	743553.4	212.9481	159.6461		20157.47	.0455846		131.2916	22639.77				137870.5	-88576.73	0	-1.332196	1.928738	1.928738	-1.660698	-1.655485	-1.301224	-2.132484	.7012515		1.043529				Controls
InsH2Bfabp_Size_03dpf_VAST01_plate01_BCL11A_231024_A10	SI172	A10	1	7	1	Size	10	A	insH2Bfabp	Size	BCL11A	231024	1	3	24oct2023 11:40:41	3.666667	2628.937	669084.5	880259.4	287.3178	241.8939	221.8982	45967.41	.0565751	.0003631	133.2925	20635.99				2429.756	28253.82	1	-1.156903	-.6327733	-.0809473	-.9252446	.3186394	-1.021921	.0551186	1.185158	1.904707	.6831604				bcl11a_crispants
InsH2Bfabp_Size_03dpf_VAST01_plate01_BCL11A_231024_B01	SI101	B01	1	1	1	Size	1	B	insH2Bfabp	Size	BCL11A	231024	1	3	24oct2023 11:52:10	3.866667	3292.776	652844.9	1088025	279.7016	231.6703	208.494	42199.1	.0341639	.0000524	141.2123	15282.59	326287.8	151510	65396.36	-68739.95	-4621.445	1	1.10579	-.8846525	-1.269393	.8454682	-.4658759	-.4887764	-.2505037	-.2854742	-.2152846	-.0551186	.4662653	1.521218	1.521218	bcl11a_crispants
InsH2Bfabp_Size_03dpf_VAST01_plate01_BCL11A_231024_B02	SI109	B02	1	2	1	Size	2	B	insH2Bfabp	Size	BCL11A	231024	1	3	24oct2023 11:51:06	3.85	3033.633	661846.9	950780.6	233.2023	206.5452	200.0631	33526	.0358696	.0000208	120.3823	30983.89	219668.6	46266.48	-17688.88	-38294.87	-47926.9	0	-.0539321	-.7000902	-.8846525	-.4755309	-1.204851	-1.904707	-.9971714	.0281681	-1.23748	2.132484	-.9674216	-.8694237	-.4662653	Controls
InsH2Bfabp_Size_03dpf_VAST01_plate01_BCL11A_231024_B03	SI117	B03	1	3	1	Size	3	B	insH2Bfabp	Size	BCL11A	231024	1	3	24oct2023 11:49:58	3.816667	2960.857	835428.4	1076780	283.9663	241.6028	225.0043	45847.78	.0372767	.0000423	148.9519	10587.16	282174.7	93250.73	16304.95	141308.5	104453.4	1	-.2450062	2.141198	2.141198	.7707414	1.773856	.2739918	.0275488	.0845939	-.6217734	-.6151411	.0643168	.5392076	.6948019	bcl11a_crispants
InsH2Bfabp_Size_03dpf_VAST01_plate01_BCL11A_231024_B04	SI125	B04	1	4	1	Size	4	B	insH2Bfabp	Size	BCL11A	231024	1	3	24oct2023 11:48:59	3.8	3293.506	740114.1	1128908	290.2267	253.3697	229.6875	50423.59	.0317699	.0000557	148.5036	25421.14				18468.91	35997.28	0	1.156903	.9252446	.3867724	1.400745	.6240287	.1862194	.8299034	-.6656764	-.1285329	1.598687				Controls
InsH2Bfabp_Size_03dpf_VAST01_plate01_BCL11A_231024_B05	SI133	B05	1	5	1	Size	5	B	insH2Bfabp	Size	BCL11A	231024	1	3	24oct2023 11:47:28	3.783333	3238.167	713496.7	1132587	283.8314	251.5653	229.024	49705.81	.0394434	.0000759	142.2995	15551.76	295961.9	76203.61	-3607.522	-3569.511	59735.77	1	.807541	.3867724	-.1351755	1.562036	1.099066	-.3945408	.5498568	.3149377	.2445328	.0689179	.1940281	0	-.1289011	bcl11a_crispants
InsH2Bfabp_Size_03dpf_VAST01_plate01_BCL11A_231024_B06	SI141	B06	1	6	1	Size	6	B	insH2Bfabp	Size	BCL11A	231024	1	3	24oct2023 11:46:17	3.766667	3177.423	699859	1045048	270.7909	238.822	224.2188	44801.02	.0343554	.0000474	128.5851	11604	217156.4	30804.44	-32628.82	-12180.84	-5782.922	0	.5059336	-.0809473	-.3009654	.357884	-.5275293	-1.447606	-.0551186	-.2562565	-.4569218	-.5180898	-1.075723	-2.231606	-1.075723	Controls
InsH2Bfabp_Size_03dpf_VAST01_plate01_BCL11A_231024_B07	SI149	B07	1	7	1	Size	7	B	insH2Bfabp	Size	BCL11A	231024	1	3	24oct2023 11:44:59	3.733333	2965.176	734401.9	997136.8	282.2279	235.5873	210.3595	43664.55	.0412079	.0000359	152.5172	21832.28				39924.62	23244.86	1	-.2173225	.7000902	1.156903	-.1624294	.1780348	.4887764	-.1660319	.5308747	-.93019	.8694237				bcl11a_crispants
InsH2Bfabp_Size_03dpf_VAST01_plate01_BCL11A_231024_B08	SI157	B08	1	1	1	Size	8	B	insH2Bfabp	Size	BCL11A	231024	1	3	24oct2023 11:44:00	3.733333	2511.623	686460.6	874876.1	244.2332	206.787	191.8933	33585.82	.0599721	.0003814	145.998		597666	112361.5	-30151.74	29513.03	65396.44	1	-1.562036	-.357884	.8846525	-.9674216	1.263188	-.0427396	-.9528633	1.307593	2.118995		2.231606	.8694237	-.8694237	bcl11a_crispants
InsH2Bfabp_Size_03dpf_VAST01_plate01_BCL11A_231024_B09	SI165	B09	1	2	1	Size	9	B	insH2Bfabp	Size	BCL11A	231024	1	3	24oct2023 11:42:48	3.7	2840.285	646833.5	975244.8	215.5587	171.4218	153.9473	23178.1	.0348415	.0000843	128.1385	14116.21	329727.2	108952	22123.58	-37309.53	46625.55	0	-.6327733	-1.011394	-.8454682	-.3292913	.9178534	-1.534121	-1.650205	-.0563585	.5540488	-.2221774	.5392076	.7791397	.9674216	Controls
InsH2Bfabp_Size_03dpf_VAST01_plate01_BCL11A_231024_C01	SI102	C01	1	1	1	Size	1	C	insH2Bfabp	Size	BCL11A	231024	1	3	24oct2023 11:53:06	3.883333	3280.711	700128.2	1060480	277.1259	243.9469	226.0953	46745	.0333872	.0000679	158.4335	5173.95				-20458.31	-27792.42	1	1.011394	-.0539321	-.4455616	.5368115	-.9601961	1.021921	.2221774	-.4051146	.1285329	-1.19838				bcl11a_crispants
InsH2Bfabp_Size_03dpf_VAST01_plate01_BCL11A_231024_C02	SI110	C02	1	2	1	Size	2	C	insH2Bfabp	Size	BCL11A	231024	1	3	24oct2023 11:54:10	3.9	3141.228	685383.9	1034970	286.996	255.3259	243.3594	51201.17	.0420258	.0000681	138.3249	15073.24	330295.4	66932.38	-20014.16	-23660.9	-2740.952	0	.4159872	-.4159872	-.6001788	.2173225	-.4059455	-.6924793	.9528633	.5635893	.1573107	-.0827304	.6151411	-.1940281	-.6948019	Controls
InsH2Bfabp_Size_03dpf_VAST01_plate01_BCL11A_231024_C03	SI118	C03	1	3	1	Size	3	C	insH2Bfabp	Size	BCL11A	231024	1	3	24oct2023 11:55:10	3.916667	2909.841	705212.4	1011821	229.5537	195.6055	172.5712	30056.76	.0369352	.0000967	142.4247	22250.98	194905.4	80121.46	21312.54	15313.91	57988.38	1	-.4755309	.1351755	.3292913	0	1.004335	-.3639316	-1.143702	.0563585	.6217734	.9528633	-1.342336	.2599896	.8694237	bcl11a_crispants
InsH2Bfabp_Size_03dpf_VAST01_plate01_BCL11A_231024_C04	SI126	C04	1	4	1	Size	4	C	insH2Bfabp	Size	BCL11A	231024	1	3	24oct2023 11:56:45	3.933333	3211.502	736734.6	1099210	286.5667	258.1272	240.625	52337.65	.024862	.0000427	158.781	13368.53	258009.6	41690.67	-30232.98	21874.87	36025.52	0	.6327733	.7707414	.4755309	.9674216	.6574843	1.071175	1.19838	-1.909639	-.5875741	-.3077905	-.3957253	-1.075723	-.9674216	Controls
InsH2Bfabp_Size_03dpf_VAST01_plate01_BCL11A_231024_C05	SI134	C05	1	5	1	Size	5	C	insH2Bfabp	Size	BCL11A	231024	1	3	24oct2023 11:58:21	3.966667	2432.285	569104.6	825230.1	269.6756	228.4706	211.2791	41002.81	.0549495	.0001561	132.6656	25421.14				-81277.98	44510.48	1	-2.550635	-1.928738	-1.476592	-1.332196	.8770955	-1.178402	-.3661064	1.078302	1.021921	1.598687				bcl11a_crispants
InsH2Bfabp_Size_03dpf_VAST01_plate01_BCL11A_231024_C07	SI150	C07	1	7	1	Size	7	C	insH2Bfabp	Size	BCL11A	231024	1	3	24oct2023 12:00:44	4	2658.337	692412.1	890338.1	270.776	219.8854	193.2103	37982.18	.0478908	.0001605	175.2056	8613.281				23324.59	27674.89	1	-1.057414	-.2173225	.5682099	-.8846525	.2617966	2.531313	-.6487755	.7752326	1.071175	-.8694237				bcl11a_crispants
InsH2Bfabp_Size_03dpf_VAST01_plate01_BCL11A_231024_C08	SI158	C08	1	1	1	Size	8	C	insH2Bfabp	Size	BCL11A	231024	1	3	24oct2023 12:01:56	4.016667	2822.638	528969.1	834022.8	211.6804	186.9418	177.3895	27454.83	.0345777	.0000439	144.7425	3409.424				-153713.6	-88199.21	1	-.7000902	-2.550635	-2.550635	-1.269393	-1.556601	-.1285329	-1.320065	-.1697986	-.5540488	-1.320065				bcl11a_crispants
InsH2Bfabp_Size_03dpf_VAST01_plate01_BCL11A_231024_C09	SI166	C09	1	2	1	Size	9	C	insH2Bfabp	Size	BCL11A	231024	1	3	24oct2023 12:03:20	4.05	3078.429	726685.8	1009668	282.8786	241.9807	216.4557	45997.31	.030619	1.80e-06	147.2505	19858.4				22837.35	-5277.882	0	.2450062	.6001788	.5368115	-.0269563	-.4964666	.0998612	.0827304	-.8950011	-2.531313	.6487755				Controls
InsH2Bfabp_Size_03dpf_VAST01_plate01_BCL11A_231024_C10	SI174	C10	1	7	1	Size	10	C	insH2Bfabp	Size	BCL11A	231024	1	3	24oct2023 12:04:26	4.066667	2577.849	699111.3	825200.2	324.6454	273.8198	252.4621	58887.33	.0601358	.0000645	162.8401	16957.4				36683.85	-8286.259	1	-1.269393	-.1351755	1.057414	-1.400745	-.5591096	1.534121	2.543048	1.376912	.0712713	.2790326				bcl11a_crispants
InsH2Bfabp_Size_03dpf_VAST01_plate01_BCL11A_231024_D01	SI103	D01	1	1	1	Size	1	D	insH2Bfabp	Size	BCL11A	231024	1	3	24oct2023 12:16:27	4.266667	2433.311	686071.8	863660.9	278.1946	234.5618	205.7619	43275.76		.0004551	116.9715	15671.39				35604.28	82569.45	1	-2.141198	-.3867724	.9674216	-1.057414	1.655485	-2.118995	-.1940281		2.531313	.1104053				bcl11a_crispants
InsH2Bfabp_Size_03dpf_VAST01_plate01_BCL11A_231024_D02	SI111	D02	1	2	1	Size	2	D	insH2Bfabp	Size	BCL11A	231024	1	3	24oct2023 12:15:02	4.25	3461.43	725190.4	1067688	310.0327	264.5324	235.1563	54969.48	.03441	.0000684	148.3866	59.81445	388599.6	64435.12	-34628.56	-10349.87	-86095.25	0	2.550635	.5682099	-.272879	.6660544	-1.470951	.1573107	1.551094	-.1984454	.1862194	-1.768825	.9674216	-.2599896	-1.19838	Controls
InsH2Bfabp_Size_03dpf_VAST01_plate01_BCL11A_231024_D04	SI127	D04	1	4	1	Size	4	D	insH2Bfabp	Size	BCL11A	231024	1	3	24oct2023 12:12:31	4.2	3315.56	750641.5	1119487	282.3955	244.9587	223.6488	47133.79	.0331282	.0000129	142.5674	16598.51				27171.37	18581.7	0	1.211232	1.10579	.7000902	1.269393	.0136234	-.3336597	.2790326	-.4670705	-1.534121	.2221774				Controls
InsH2Bfabp_Size_03dpf_VAST01_plate01_BCL11A_231024_D05	SI135	D05	1	5	1	Size	5	D	insH2Bfabp	Size	BCL11A	231024	1	3	24oct2023 12:11:35	4.183333	3171.252	692053.3	1090956	282.6477	242.8459	224.0552	46326.29	.0305513	.0000393	146.773	18243.41				-19475.99	42361.49	1	.4455616	-.2450062	-.4159872	.8846525	.799651	.0427396	.1520838	-.9378634	-.8056329	.4256956				bcl11a_crispants
InsH2Bfabp_Size_03dpf_VAST01_plate01_BCL11A_231024_D06	SI143	D06	1	6	1	Size	6	D	insH2Bfabp	Size	BCL11A	231024	1	3	24oct2023 12:10:00	4.166667	3223.061	718969.8	1070440	288.8822	253.8828	238.2329	50632.93	.0339131	.0000504	149.8144	12949.83	232917.5	53892.82	-12816.02	3153.53	3064.618	0	.7349572	.4455616	-.0539321	.7000902	-.205788	.3639316	.9103512	-.3149377	-.3639316	-.3368052	-.6948019	-.5392076	-.3271033	Controls
InsH2Bfabp_Size_03dpf_VAST01_plate01_BCL11A_231024_D07	SI151	D07	1	7	1	Size	7	D	insH2Bfabp	Size	BCL11A	231024	1	3	24oct2023 12:08:47	4.133333	2644.405	732637.3	916626.6	293.175	246.8028	210.5469	47851.56	.0867409		155.7698	8912.354				64702.59	59013.61	1	-1.10579	.6327733	1.562036	-.7707414	1.050522	.7291514	.3661064	2.123549		-.8299034				bcl11a_crispants
InsH2Bfabp_Size_03dpf_VAST01_plate01_BCL11A_231024_D08	SI159	D08	1	1	1	Size	8	D	insH2Bfabp	Size	BCL11A	231024	1	3	24oct2023 12:07:53	4.116667	2914.949	701922.6	567818.6		0				.0002618		0	428944.4	104092.1	-3356.3	11601.5	-387865.9	1	-.4455616	.0269563	.1624294	-2.141198	-2.546865				1.534121	-2.132484	1.075723	.6948019	-.0643168	bcl11a_crispants
InsH2Bfabp_Size_03dpf_VAST01_plate01_BCL11A_231024_D09	SI167	D09	1	2	1	Size	9	D	insH2Bfabp	Size	BCL11A	231024	1	3	24oct2023 12:06:23	4.1	3318.558	759314.6	1118112	301.4149	257.7011	235.1563	52158.2	.0386416	.0000337	144.1033	18303.22				35596.36	16119.29	0	1.269393	1.400745	.9252446	1.211232	-.0408803	-.1862194	1.143702	.1984454	-1.021921	.4560533				Controls
InsH2Bfabp_Size_03dpf_VAST01_plate01_BCL11A_231024_D10	SI175	D10	1	7	1	Size	10	D	insH2Bfabp	Size	BCL11A	231024	1	3	24oct2023 12:05:26	4.083333	2668.985	699380.5	867489	277.983	245.0627	231.7612	47193.6	.0897681		125.7184	12561.04	143136	58947.14	10897.27	29411.87	965.8071	1	-1.011394	-.1080217	.807541	-1.011394	-.3186394	-1.633934	.3368052	2.535274		-.3957253	-1.768825	-.3957253	.3271033	bcl11a_crispants
InsH2Bfabp_Size_03dpf_VAST01_plate01_BCL11A_231024_E01	SI104	E01	1	1	1	Size	1	E	insH2Bfabp	Size	BCL11A	231024	1	3	24oct2023 12:17:43	4.283333	3221.879	681854.9	1031859	280.5977	246.9062	218.75	47911.38	.0277286	.0000618	157.9405	21234.13				-33863.53	-35087.24	1	.7000902	-.4755309	-.807541	.1351755	-1.050522	.93019	.3957253	-1.244045	-.0142427	.7183728				bcl11a_crispants
InsH2Bfabp_Size_03dpf_VAST01_plate01_BCL11A_231024_E02	SI112	E02	1	2	1	Size	2	E	insH2Bfabp	Size	BCL11A	231024	1	3	24oct2023 12:18:48	4.3	3074.037	711851.8	983917.9	298.6358	252.841	228.8007	50214.23	.0209713	.0000103	159.6247	10946.04	223167.7	113288.6	48606	8366.733	-29436.06	0	.2173225	.3009654	.0539321	-.272879	-1.004335	1.178402	.7183728	-2.535274	-1.904707	-.5498568	-.7791397	.9674216	1.342336	Controls
InsH2Bfabp_Size_03dpf_VAST01_plate01_BCL11A_231024_E03	SI120	E03	1	3	1	Size	3	E	insH2Bfabp	Size	BCL11A	231024	1	3	24oct2023 12:20:08	4.333333	3046.99	771756	1032098	306.9568	251.721	224.6115	49765.63	.0300516	.0000638	155.6384	14056.4	277419.4	35350.34	-40607.17	70508.98	28549.07	1	.0539321	1.562036	1.660698	.1624294	.3474399	.6924793	.5821887	-.9825221	.0427396	-.2505037	-.0643168	-1.521218	-1.768825	bcl11a_crispants
InsH2Bfabp_Size_03dpf_VAST01_plate01_BCL11A_231024_E04	SI128	E04	1	4	1	Size	4	E	insH2Bfabp	Size	BCL11A	231024	1	3	24oct2023 12:21:07	4.35	3086.626	663761	1059613	269.417	234.122	211.6329	43066.41	.0357636	.0000194	136.4614	7028.198				-40765.76	41695.62	0	.3292913	-.6660544	-1.011394	.5059336	.7267301	-.8871465	-.2221774	0	-1.301224	-.9971714				Controls
InsH2Bfabp_Size_03dpf_VAST01_plate01_BCL11A_231024_E05	SI136	E05	1	5	1	Size	5	E	insH2Bfabp	Size	BCL11A	231024	1	3	24oct2023 12:22:07	4.366667	2944.028	652695.3	1020285	270.6927	237.7013	218.5626	44382.32	.0274446	.0000351	156.9217	5712.28				-40032.03	54059.21	1	-.4159872	-.9252446	-.9252446	.0809473	.9601961	.8056329	-.1104053	-1.376912	-.9750298	-1.117604				bcl11a_crispants
InsH2Bfabp_Size_03dpf_VAST01_plate01_BCL11A_231024_E07	SI152	E07	1	7	1	Size	7	E	insH2Bfabp	Size	BCL11A	231024	1	3	24oct2023 12:24:45	4.4	3024.283	658736.6	992860.1	268.7483	223.0296	188.6719	39088.75	.0398072	.0000608	158.4224	4007.568				-40631.58	-2458.093	1	-.0809473	-.7707414	-.9674216	-.2173225	-.3765316	.9750298	-.4868373	.3446772	-.0712713	-1.256896				bcl11a_crispants
InsH2Bfabp_Size_03dpf_VAST01_plate01_BCL11A_231024_E08	SI160	E08	1	3	1	Size	8	E	insH2Bfabp	Size	BCL11A	231024	1	3	24oct2023 12:26:08	4.433333	2823.255	696060.8	964657.6	292.0434	253.1421	233.4821	50333.86	.0502988	.0001524	147.7262	17106.93				13326.99	42211.9	1	-.6660544	-.1624294	.2173225	-.3867724	.7626835	.1285329	.7916386	.9378634	.9750298	.3661064				bcl11a_crispants
InsH2Bfabp_Size_03dpf_VAST01_plate01_BCL11A_231024_E09	SI168	E09	1	4	1	Size	9	E	insH2Bfabp	Size	BCL11A	231024	1	3	24oct2023 12:27:20	4.45	3269.534	757819.2	1057550	313.8363	268.4468	243.1926	56614.38	.0338679	.0000222	153.0202	21413.57				38157.56	-26671.56	0	.8846525	1.269393	1.10579	.4455616	-.8770955	.5540488	1.91931	-.3446772	-1.123174	.7544993				Controls
InsH2Bfabp_Size_03dpf_VAST01_plate01_BCL11A_231024_E10	SI176	E10	1	7	1	Size	10	E	insH2Bfabp	Size	BCL11A	231024	1	3	24oct2023 12:28:20	4.466667	2949.264	704674.1	1000546	295.7608	252.9811	226.9531	50274.05	.0343715	.0001477	157.6507	10048.83				11513.51	32422.59	1	-.3292913	.0809473	.1351755	-.1080217	.4658759	.8456872	.7544993	-.227256	.93019	-.6831604				bcl11a_crispants
InsH2Bfabp_Size_03dpf_VAST01_plate01_BCL11A_231024_F01	SI105	F01	1	1	1	Size	1	F	insH2Bfabp	Size	BCL11A	231024	1	3	24oct2023 12:39:14	4.65	2898.657	632478	932357.8	262.262	225.3722	196.875	39896.24	.032719	.0000823	159.4449	10497.44				-56495.03	-17420.91	1	-.5059336	-1.269393	-1.10579	-.6660544	-.6240287	1.123174	-.3957253	-.5308747	.4569218	-.6487755				bcl11a_crispants
InsH2Bfabp_Size_03dpf_VAST01_plate01_BCL11A_231024_F02	SI113	F02	1	2	1	Size	2	F	insH2Bfabp	Size	BCL11A	231024	1	3	24oct2023 12:37:48	4.616667	3373.458	742925.4	1153612	291.9673	245.0373	218.75	47163.7	.0310399	.0000161	143.0123	15342.41				14664.44	31717.85	0	1.778823	1.011394	.272879	2.550635	.4059455	-.2445328	.3077905	-.8138509	-1.447606	-.0275488				Controls
InsH2Bfabp_Size_03dpf_VAST01_plate01_BCL11A_231024_F03	SI121	F03	1	3	1	Size	3	F	insH2Bfabp	Size	BCL11A	231024	1	3	24oct2023 12:36:48	4.6	3123.006	631162.1	1008890	242.0119	209.6809	195.3921	34542.85	.0410159	.0001119	132.8604	16448.97				-76374.92	-22214.66	1	.3867724	-1.332196	-1.332196	-.0539321	-.7267301	-1.123174	-.9103512	.4670705	.8056329	.1940281				bcl11a_crispants
InsH2Bfabp_Size_03dpf_VAST01_plate01_BCL11A_231024_F04	SI129	F04	1	4	1	Size	4	F	insH2Bfabp	Size	BCL11A	231024	1	3	24oct2023 12:35:35	4.583333	3068.813	758925.8	1039515	311.8267	265.3018	247.4212	55298.46	.0473543	.0000799	139.4665		266039.7	99456.48	25863.97	55872.95	28055.18	0	.1898044	1.332196	1.332196	.3009654	.2901008	-.5540488	1.650205	.7377372	.4255243		-.1289011	.6151411	1.19838	Controls
InsH2Bfabp_Size_03dpf_VAST01_plate01_BCL11A_231024_F06	SI145	F06	1	6	1	Size	6	F	insH2Bfabp	Size	BCL11A	231024	1	3	24oct2023 12:33:16	4.55	2767.428	707216.2	935916.8	296.5999	249.6664	229.8957	48958.13	.0558977	.0002039	136.8476	15372.31	381167.6	172445.1	74925.95	29101.78	33708.07	0	-.807541	.2450062	.7707414	-.6327733	.5591096	-.8056329	.4560533	1.130117	1.301224	0	.7791397	1.768825	1.768825	Controls
InsH2Bfabp_Size_03dpf_VAST01_plate01_BCL11A_231024_F07	SI153	F07	1	7	1	Size	7	F	insH2Bfabp	Size	BCL11A	231024	1	3	24oct2023 12:32:16	4.533333	3186.236	706229.3	1065774	298.6323	256.954	224.2188	51859.13	.0256983	.0000381	157.8156	17914.43	264918.2	77250.37	3890.933	-6539.831	11748.07	1	.5368115	.2173225	-.1898044	.6001788	-.0681677	.8871465	1.092245	-1.639431	-.8871465	.3957253	-.2599896	.1289011	.1940281	bcl11a_crispants
InsH2Bfabp_Size_03dpf_VAST01_plate01_BCL11A_231024_F08	SI161	F08	1	3	1	Size	8	F	insH2Bfabp	Size	BCL11A	231024	1	3	24oct2023 12:31:15	4.516667	2741.612	793707.9	711881.7	222.0824	184.572	171.654	26886.6		.0002691		2213.135	573082.3	38640.14	-98763.91	117729.7	-180968.4	1	-.8846525	1.660698	1.778823	-1.778823	-1.924054		-1.388992		1.75333	-1.551094	1.768825	-1.342336	-2.231606	bcl11a_crispants
InsH2Bfabp_Size_03dpf_VAST01_plate01_BCL11A_231024_F09	SI169	F09	1	4	1	Size	9	F	insH2Bfabp	Size	BCL11A	231024	1	3	24oct2023 12:30:19	4.5	3355.419	737362.7	1125289	324.1559	273.3983	240.1518	58707.89	.0355958	.0000415	145.4596	11693.73				10594.41	9935.002	0	1.562036	.807541	.1080217	1.332196	-.0955058	-.0712713	2.132484	-.0281681	-.6567159	-.4868373				Controls
InsH2Bfabp_Size_03dpf_VAST01_plate01_BCL11A_231024_F10	SI177	F10	1	7	1	Size	10	F	insH2Bfabp	Size	BCL11A	231024	1	3	24oct2023 12:29:14	4.483333	3043.151	701952.5	1036585	285.9742	239.2999	207.8125	44980.47	.03269	.0000791	169.3956	16329.35				1023.175	34426.96	1	.0269563	.0539321	-.1080217	.272879	.5912576	1.75333	-.0275488	-.5635893	.3945408	.1660319				bcl11a_crispants
InsH2Bfabp_Size_03dpf_VAST01_plate01_BCL11A_231024_G01	SI106	G01	1	1	1	Size	1	G	insH2Bfabp	Size	BCL11A	231024	1	3	24oct2023 12:40:40	4.666667	3201.918	687357.8	1057699	299.1567	256.3671	235.3827	51619.88	.0319731	.0000106	143.1961	9390.869				-26708.86	-2011.375	1	.6001788	-.3009654	-.6327733	.4755309	-.3474399	-.2152846	.9971714	-.6309245	-1.75333	-.7544993				bcl11a_crispants
InsH2Bfabp_Size_03dpf_VAST01_plate01_BCL11A_231024_G02	SI114	G02	1	2	1	Size	2	G	insH2Bfabp	Size	BCL11A	231024	1	3	24oct2023 12:42:05	4.7	2950.023	705990	1035478	230.9978	196.1724	181.0229	30236.21	.0449132	.0001078	135.0528	21593.02				12766.58	67078.8	0	-.3009654	.1624294	.1898044	.2450062	1.326172	-.93019	-1.092245	.6656764	.7291514	.7916386				Controls
InsH2Bfabp_Size_03dpf_VAST01_plate01_BCL11A_231024_G03	SI122	G03	1	3	1	Size	3	G	insH2Bfabp	Size	BCL11A	231024	1	3	24oct2023 12:43:05	4.716667	3036.083	683230.6	981794.4	270.6648	230.2233	207.2656	41630.86	.031298	.0000566	150.9334	12680.66	265785.5	71717.53	-1822.154	-17113.95	-17801.1	1	-.0269563	-.4455616	-.3867724	-.3009654	-.6574843	.3945408	-.3368052	-.7752326	-.0998612	-.3661064	-.1940281	-.1289011	0	bcl11a_crispants
InsH2Bfabp_Size_03dpf_VAST01_plate01_BCL11A_231024_G04	SI130	G04	1	4	1	Size	4	G	insH2Bfabp	Size	BCL11A	231024	1	3	24oct2023 12:44:09	4.733333	3388.15	733773.8	1145088	291.4449	261.5613	240.625	53743.29	.0291934	.0000514	155.877	18512.57				4297.121	17868.44	0	1.928738	.6660544	0	1.928738	-.0136234	.7668313	1.465234	-1.078302	-.3036906	.4868373				Controls
InsH2Bfabp_Size_03dpf_VAST01_plate01_BCL11A_231024_G06	SI146	G06	1	6	1	Size	6	G	insH2Bfabp	Size	BCL11A	231024	1	3	24oct2023 12:48:12	4.8	3054.136	746723.6	1032876	264.5427	230.3786	218.2432	41690.67	.0306828	.0000515	153.8309	23507.08	222659.3	43395.39	-21181.53	44885.32	26736.37	0	.1351755	1.057414	1.211232	.1898044	.2337006	.6567159	-.3077905	-.8537231	-.2739918	1.320065	-.8694237	-.9674216	-.7791397	Controls
InsH2Bfabp_Size_03dpf_VAST01_plate01_BCL11A_231024_G07	SI154	G07	1	7	1	Size	7	G	insH2Bfabp	Size	BCL11A	231024	1	3	24oct2023 12:49:11	4.816667	2691.762	692920.6	824960.9	300.6137	253.53	231.271	50483.4	.0390427	.0001135	142.8789	24165.04	200528	51948.85	-8028.588	21067.24	-49818.83	1	-.9674216	-.1898044	.4159872	-1.476592	-1.263188	-.3036906	.8694237	.227256	.8456872	1.388992	-1.19838	-.6948019	-.2599896	bcl11a_crispants
InsH2Bfabp_Size_03dpf_VAST01_plate01_BCL11A_231024_G08	SI162	G08	1	5	1	Size	8	G	insH2Bfabp	Size	BCL11A	231024	1	3	24oct2023 12:50:50	4.833333	2628.876	570420.6	857918.7	262.1758	218.6928	199.8049	37563.48	.0440886	.0001073	145.2507	16927.49				-96229.17	5935.083	1	-1.211232	-1.778823	-1.778823	-1.10579	-.1780348	-.0998612	-.7183728	.6309245	.6924793	.2505037				bcl11a_crispants
InsH2Bfabp_Size_03dpf_VAST01_plate01_BCL11A_231024_G09	SI170	G09	1	6	1	Size	9	G	insH2Bfabp	Size	BCL11A	231024	1	3	24oct2023 12:52:16	4.866667	3356.949	754798.6	1146464	297.6412	256.5897	232.4219	51709.59	.0405904	.0000445	138.4227	13906.86				27903.69	30554.74	0	1.660698	1.211232	.7349572	2.141198	.3765316	-.6567159	1.043529	.4358834	-.521135	-.2790326				Controls
InsH2Bfabp_Size_03dpf_VAST01_plate01_BCL11A_231024_H01	SI107	H01	1	1	1	Size	1	H	insH2Bfabp	Size	BCL11A	231024	1	3	24oct2023 13:04:36	5.066667	2966.349	719896.9	947490.9	276.5542	221.178	196.4728	38490.6	.050084	.000045	142.2452	28561.4				25322.61	-26826.06	1	-.1624294	.4755309	.6660544	-.5368115	-.9178534	-.4255243	-.5498568	.8537231	-.4887764	1.91931				bcl11a_crispants
InsH2Bfabp_Size_03dpf_VAST01_plate01_BCL11A_231024_H02	SI115	H02	1	2	1	Size	2	H	insH2Bfabp	Size	BCL11A	231024	1	3	24oct2023 13:03:39	5.05	3053.634	654519.6	1026117	276.9167	218.9554	190.4181	37653.2	.0335914	.000054	138.9195	12232.06	159854.1	32748.41	-18775.93	-47277.12	20159.35	0	.1080217	-.8454682	-1.057414	.1080217	.0681677	-.6217734	-.6831604	-.3747248	-.1862194	-.4256956	-1.521218	-1.768825	-.6151411	Controls
InsH2Bfabp_Size_03dpf_VAST01_plate01_BCL11A_231024_H03	SI123	H03	1	3	1	Size	3	H	insH2Bfabp	Size	BCL11A	231024	1	3	24oct2023 13:02:10	5.033333	3320.254	738110.4	1061378	281.2022	243.4844	217.1848	46565.55	.0289807	.0000486	170.319	22938.84	382528.4	121184.1	23382.16	14251.83	-41229.53	1	1.332196	.8454682	.2450062	.5682099	-1.150349	1.904707	.1940281	-1.130117	-.3945408	1.256896	.8694237	1.075723	1.075723	bcl11a_crispants
InsH2Bfabp_Size_03dpf_VAST01_plate01_BCL11A_231024_H04	SI131	H04	1	4	1	Size	4	H	insH2Bfabp	Size	BCL11A	231024	1	3	24oct2023 13:01:06	5.016667	3216.693	768316.6	1040203	296.3983	266.4151	252.0097	55776.98	.025991	.0000407	161.4638	8074.951	262764.9	89018.86	16106.94	53027.39	-24863.01	0	.6660544	1.476592	1.269393	.3292913	-.837745	1.370745	1.768825	-1.539856	-.6924793	-.9103512	-.3271033	.3957253	.6151411	Controls
InsH2Bfabp_Size_03dpf_VAST01_plate01_BCL11A_231024_H05	SI139	H05	1	5	1	Size	5	H	insH2Bfabp	Size	BCL11A	231024	1	3	24oct2023 13:00:10	5	3324.224	711104.1	1106837	264.6431	224.0146	196.875	39417.73	.0251848	.0000388	152.6816	15013.43				-13082.94	2790.151	1	1.476592	.272879	-.3292913	1.011394	-.2337006	.521135	-.4560533	-1.758563	-.8456872	-.1104053				bcl11a_crispants
InsH2Bfabp_Size_03dpf_VAST01_plate01_BCL11A_231024_H06	SI147	H06	1	6	1	Size	6	H	insH2Bfabp	Size	BCL11A	231024	1	3	24oct2023 12:59:11	4.983333	3173.569	706139.5	1070619	303.3778	252.5329	216.0156	50094.61	.0298746	.0000506	160.9493	14804.08	286152.3	39716.8	-38055.65	-5581.458	21184.75	0	.4755309	.1898044	-.1624294	.7349572	.0955058	1.23748	.6831604	-1.029232	-.3336597	-.1940281	.1289011	-1.19838	-1.342336	Controls
InsH2Bfabp_Size_03dpf_VAST01_plate01_BCL11A_231024_H07	SI155	H07	1	7	1	Size	7	H	insH2Bfabp	Size	BCL11A	231024	1	3	24oct2023 12:57:42	4.95	3200.421	738230	1141170	303.4456	258.8604	235.1563	52636.72	.0402177	.0000838	140.4799	11843.26				24287.2	82002.31	1	.5682099	.8846525	.6327733	1.778823	1.556601	-.521135	1.256896	.3747248	.4887764	-.4560533				bcl11a_crispants
InsH2Bfabp_Size_03dpf_VAST01_plate01_BCL11A_231024_H08	SI163	H08	1	5	1	Size	8	H	insH2Bfabp	Size	BCL11A	231024	1	3	24oct2023 12:56:40	4.933333	2956.771	609270	919647.2	216.8076	187.6528		27993.16	.0346016	.0000615	137.3261	1644.897	317240.9	86357.12	2123.648	-84511.71	-51197.69	1	-.272879	-1.476592	-1.562036	-.7349572	-1.326172	-.7668313	-1.19838	-.1412905	-.0427396	-1.650205	.3957253	.3271033	.1289011	bcl11a_crispants
InsH2Bfabp_Size_03dpf_VAST01_plate01_BCL11A_231024_H09	SI171	H09	1	6	1	Size	9	H	insH2Bfabp	Size	BCL11A	231024	1	3	24oct2023 12:55:40	4.916667	3121.621	686580.2	1110784	269.3781	224.9502	206.0295	39746.7	.034731	.0000711	146.2624	16987.3				-20842.28	80181.2	0	.357884	-.3292913	-.4755309	1.10579	1.470951	.0142427	-.4256956	-.0845939	.2152846	.322264				Controls
InsH2Bfabp_Size_03dpf_VAST01_plate01_BCL11A_231024_H10	SI179	H10	1	5	1	Size	10	H	insH2Bfabp	Size	BCL11A	231024	1	3	24oct2023 12:54:22	4.9	3254.113	690498.1	1066372	275.8861	239.7093	218.0554	45130	.0260993	.0000323	151.2507	10886.23				-27887.55	-12258.88	1	.8454682	-.272879	-.7000902	.6327733	-.5912576	.4255243	0	-1.453563	-1.071175	-.5821887				bcl11a_crispants
InsH2Bfabp_Size_03dpf_VAST01_plate02_BCL11A_231024_A01	SI196	A01	1	1	2	Size	1	A	insH2Bfabp	Size	BCL11A	231024	1	3	24oct2023 13:11:49	5.183333	2993.025	701414.2	1016457	283.4365	242.855	224.2188	46326.29	.0393207	.0001041	141.617	19080.81	126178.6	56973.27	12447.58	4632.528	32469.72	1	-.1080217	-.0269563	.0269563	.0269563	.4964666	-.4569218	.1520838	.2854742	.6567159	.6151411	-2.231606	-.4662653	.3957253	bcl11a_crispants
InsH2Bfabp_Size_03dpf_VAST01_plate02_BCL11A_231024_A03	SI212	A03	1	5	2	Size	3	A	insH2Bfabp	Size	BCL11A	231024	1	3	24oct2023 13:14:36	5.233333	2738.328	643603.5	964777.3	270.8147	220.4286	200.6478	38161.62	.0435269	.0000647	121.7002	16987.3	544999.4	222091.1	90523.38	-32102.99	73117.32	1	-.9252446	-1.156903	-.7707414	-.357884	1.394908	-1.75333	-.5985836	.5969185	.0998612	.322264	1.521218	2.231606	2.231606	bcl11a_crispants
InsH2Bfabp_Size_03dpf_VAST01_plate02_BCL11A_231024_A04	SI220	A04	1	6	2	Size	4	A	insH2Bfabp	Size	BCL11A	231024	1	3	24oct2023 13:15:59	5.25	3059.182	724203.5	1051419	261.4254	221.8873	207.8844	38699.95	.0392152	.0000478	139.4079	19050.9	279572.8	90379.64	13974.61	21947.65	43449.65	0	.1624294	.5368115	.5059336	.3867724	.837745	-.5875741	-.5180898	.2562565	-.4255243	.5821887	0	.4662653	.4662653	Controls
InsH2Bfabp_Size_03dpf_VAST01_plate02_BCL11A_231024_A05	SI228	A05	1	7	2	Size	5	A	insH2Bfabp	Size	BCL11A	231024	1	3	24oct2023 13:17:28	5.283333	2535.875	715051.9	929187.6	297.4306	251.2361	218.3917	49586.18	.071193	.0002206	148.8103	18632.2				56097.64	110916.9	1	-1.476592	.4159872	1.400745	-.7000902	1.924054	.2152846	.5180898	1.639431	1.370745	.5180898				bcl11a_crispants
InsH2Bfabp_Size_03dpf_VAST01_plate02_BCL11A_231024_A06	SI236	A06	1	4	2	Size	6	A	insH2Bfabp	Size	BCL11A	231024	1	3	24oct2023 13:18:42	5.3	3321.728	701892.7	1135877	290.4236	242.7863	222.5586	46296.39	.0275293	.0000124	137.9073	25271.61				-22087.8	32735.16	0	1.400745	0	-.5368115	1.660698	.5275293	-.7291514	.1104053	-1.307593	-1.633934	1.465234				Controls
InsH2Bfabp_Size_03dpf_VAST01_plate02_BCL11A_231024_A07	SI244	A07	1	6	2	Size	7	A	insH2Bfabp	Size	BCL11A	231024	1	3	24oct2023 13:19:53	5.316667	2753.542	648059.7	385892.9		0			.0644154	.0001826		0				-28905.65		0	-.8454682	-.9674216	-.7349572	-2.550635				1.539856	1.23748	-2.132484				Controls
InsH2Bfabp_Size_03dpf_VAST01_plate02_BCL11A_231024_B01	SI197	B01	1	1	2	Size	1	B	insH2Bfabp	Size	BCL11A	231024	1	3	24oct2023 13:27:52	5.45	2947.167	595961.3	768555.9	289.899	236.8137	212.0568	44083.25	.0501759	.0001153	173.1101	2601.929	331880.5	48718.87	-38557.09	-97025.73	-198807.6	1	-.3867724	-1.562036	-1.928738	-1.562036	-2.136868	2.118995	-.1381652	.8950011	.8871465	-1.465234	.6948019	-.7791397	-1.521218	bcl11a_crispants
InsH2Bfabp_Size_03dpf_VAST01_plate02_BCL11A_231024_B02	SI205	B02	1	2	2	Size	2	B	insH2Bfabp	Size	BCL11A	231024	1	3	24oct2023 13:26:20	5.433333	3271.552	741340.3	1109768	301.1708	250.8556	226.1769	49436.64	.0404832	.0000763	153.6333	18692.02				21511.7	24814.89	0	.9252446	.9674216	.4455616	1.057414	.205788	.6217734	.4868373	.4051146	.2739918	.5498568				Controls
InsH2Bfabp_Size_03dpf_VAST01_plate02_BCL11A_231024_B03	SI213	B03	1	5	2	Size	3	B	insH2Bfabp	Size	BCL11A	231024	1	3	24oct2023 13:25:18	5.416667	2818.034	595871.6	940343	235.1221	212.1536	210.5685	35350.34	.0518056	.0001606	132.5334	15551.76	257680.7	73242.8	1387.519	-86430.23	19790.01	1	-.7349572	-1.660698	-1.660698	-.5682099	.0408803	-1.23748	-.8694237	.9825221	1.123174	.0689179	-.4662653	-.0643168	.0643168	bcl11a_crispants
InsH2Bfabp_Size_03dpf_VAST01_plate02_BCL11A_231024_B04	SI221	B04	1	6	2	Size	4	B	insH2Bfabp	Size	BCL11A	231024	1	3	24oct2023 13:24:17	5.4	3225.318	752615.4	1131480	308.2566	261.2166	234.2984	53593.75	.032993	.0000222	144.6158	8942.261				36612.41	63287.14	0	.7707414	1.156903	1.011394	1.476592	1.204851	-.1573107	1.388992	-.4987188	-1.178402	-.7916386				Controls
InsH2Bfabp_Size_03dpf_VAST01_plate02_BCL11A_231024_B05	SI229	B05	1	7	2	Size	5	B	insH2Bfabp	Size	BCL11A	231024	1	3	24oct2023 13:23:22	5.383333	2989.048	673989.3	958197.6	269.1362	231.6296	209.7234	42139.28	.0535621	.0001092	148.8918	2691.65	247691.7	78685.91	8906.613	-22463.3	-24347.83	1	-.1351755	-.5682099	-.5682099	-.4159872	-.799651	.2445328	-.2790326	1.029232	.7668313	-1.388992	-.5392076	.1940281	.2599896	bcl11a_crispants
InsH2Bfabp_Size_03dpf_VAST01_plate02_BCL11A_231024_B06	SI237	B06	1	4	2	Size	6	B	insH2Bfabp	Size	BCL11A	231024	1	3	24oct2023 13:22:23	5.366667	2947.355	722498.8	999350	275.2543	244.7686	221.4844	47073.98	.0321476	9.07e-06	149.079	14923.71				29496.1	31918.06	0	-.357884	.5059336	.8454682	-.1351755	.435715	.3036906	.2505037	-.5969185	-2.118995	-.1381652				Controls
InsH2Bfabp_Size_03dpf_VAST01_plate02_BCL11A_231024_C01	SI198	C01	1	1	2	Size	1	C	insH2Bfabp	Size	BCL11A	231024	1	3	24oct2023 13:29:09	5.483333	2466.859	657211.3	856094.4	246.3072	172.9085	155.0908	23507.08	.0767111	.0001643	133.0414	22310.79				3967.853	62841.72	1	-1.660698	-.807541	-.0269563	-1.156903	1.150349	-1.071175	-1.551094	1.758563	1.178402	.9971714				bcl11a_crispants
InsH2Bfabp_Size_03dpf_VAST01_plate02_BCL11A_231024_C02	SI206	C02	1	2	2	Size	2	C	insH2Bfabp	Size	BCL11A	231024	1	3	24oct2023 13:30:13	5.5	2891.565	712330.3	948567.5	306.5916	247.9642	206.2835	48389.89	.0346276	.0000517	153.1891	14863.89				23944.11	1359.541	0	-.5368115	.3292913	.6001788	-.5059336	-.2617966	.5875741	.4256956	-.1128968	-.2445328	-.1660319				Controls
InsH2Bfabp_Size_03dpf_VAST01_plate02_BCL11A_231024_C05	SI230	C05	1	7	2	Size	5	C	insH2Bfabp	Size	BCL11A	231024	1	3	24oct2023 13:33:32	5.55	2965.188	704733.9	995820.9	261.2997	217.9057	200.3885	37294.31	.041078	.0000904	136.6311	7506.714				10255.61	21924.56	1	-.1898044	.1080217	.0809473	-.1898044	.1229156	-.8456872	-.7544993	.4987188	.5875741	-.9528633				bcl11a_crispants
InsH2Bfabp_Size_03dpf_VAST01_plate02_BCL11A_231024_C06	SI238	C06	1	4	2	Size	6	C	insH2Bfabp	Size	BCL11A	231024	1	3	24oct2023 13:34:30	5.566667	3442.354	797536	1110994	291.4641	252.012	224.2188	49885.25	.0228862	.0000194	163.9362	5712.28	306713.6	63762.21	-18283.4	63574.2	-35874.45	0	2.141198	1.778823	1.476592	1.156903	-1.099066	1.633934	.6151411	-2.123549	-1.370745	-1.117604	.3271033	-.3271033	-.5392076	Controls
InsH2Bfabp_Size_03dpf_VAST01_plate02_BCL11A_231024_C07	SI246	C07	1	6	2	Size	7	C	insH2Bfabp	Size	BCL11A	231024	1	3	24oct2023 13:35:55	5.583333	2789.974	672314.4	951827.4	243.8337	202.5914	183.9421	32239.99	.0614495	.0002615	146.1982	33705.45	542337.6	146575.3	15560.81	-7665.552	41445.85	0	-.7707414	-.6001788	-.2450062	-.4455616	.6916925	-.0142427	-1.043529	1.453563	1.447606	2.543048	1.342336	1.342336	.5392076	Controls
InsH2Bfabp_Size_03dpf_VAST01_plate02_BCL11A_231024_D01	SI199	D01	1	1	2	Size	1	D	insH2Bfabp	Size	BCL11A	231024	1	3	24oct2023 13:44:53	5.733333	2439.913	637083.8	906876.8				18841.55	.0495256	.0000405	97.15749	21622.93				-13930.05	123392	1	-1.928738	-1.211232	-.357884	-.8454682	2.546865	-2.531313	-2.543048	.8138509	-.7668313	.8299034				bcl11a_crispants
InsH2Bfabp_Size_03dpf_VAST01_plate02_BCL11A_231024_D03	SI215	D03	1	5	2	Size	3	D	insH2Bfabp	Size	BCL11A	231024	1	3	24oct2023 13:42:03	5.7	2445.213	531929.9	676621.1	227.4785	166.1916		22011.72	.0801247		162.2624	0				-119522.4	-108784.9	1	-1.778823	-2.141198	-2.141198	-1.928738	-1.773856	1.447606	-1.768825	1.909639		-2.132484				bcl11a_crispants
InsH2Bfabp_Size_03dpf_VAST01_plate02_BCL11A_231024_D04	SI223	D04	1	6	2	Size	4	D	insH2Bfabp	Size	BCL11A	231024	1	3	24oct2023 13:41:05	5.683333	3080.57	646295.2	937322.4				21892.09	.0381318	.0000767		6818.848	302735.9	77011.11	-4207.838	-57730.41	-78399.48	0	.272879	-1.057414	-1.156903	-.6001788	-1.394908		-1.91931	.1412905	.3336597	-1.043529	.2599896	.0643168	-.1940281	Controls
InsH2Bfabp_Size_03dpf_VAST01_plate02_BCL11A_231024_D05	SI231	D05	1	7	2	Size	5	D	insH2Bfabp	Size	BCL11A	231024	1	3	24oct2023 13:39:57	5.65	2555.803	677727.7	847690.4	267.7128	215.255	183.1726	36397.09	.0579067	.0002645		21922				17124.47	22195.77	1	-1.400745	-.5368115	.357884	-1.211232	.1504181		-.7916386	1.244045	1.633934	.9103512				bcl11a_crispants
InsH2Bfabp_Size_03dpf_VAST01_plate02_BCL11A_231024_D06	SI239	D06	1	4	2	Size	6	D	insH2Bfabp	Size	BCL11A	231024	1	3	24oct2023 13:38:53	5.633333	3271.565	712808.8	1080847	303.7234	260.6987	237.8906	53384.4	.0285404	.0000551	161.2084	9929.199				-7020.894	-4110.262	0	.9674216	.357884	-.2173225	.807541	-.435715	1.301224	1.320065	-1.185158	-.1573107	-.7183728				Controls
InsH2Bfabp_Size_03dpf_VAST01_plate02_BCL11A_231024_D07	SI247	D07	1	6	2	Size	7	D	insH2Bfabp	Size	BCL11A	231024	1	3	24oct2023 13:37:06	5.616667	3036.442	678923.9	1005780	249.9431	220.266	208.2053	38161.62	.0332365	.0000632	151.9242	27395.02				-21450.27	6054.364	0	0	-.5059336	-.5059336	-.0809473	-.1504181	.4569218	-.5985836	-.4358834	.0142427	1.768825				Controls
