filename	index	well	batch	tank	plate	Project	column	row	line	proj	Exp	date	VAST	age	time	tod	length	dorsal_area	lateral_area	eye_max_d	eye_mean_d	eye_min_d	eye_area	bent_back	curvature	angle	PCE	dorsal_tail	pig_dorsal_tail	pig_dorsal_tail_Res	dorsal_area_Res	lateral_area_Res	condition	intlength	intdorsal_area	intdorsal_area_Res	intlateral_area	intlateral_area_Res	intangle	inteye_area	intbent_back	intcurvature	intPCE	intdorsal_tail	intpig_dorsal_tail	intpig_dorsal_tail_Res	conditions
InsH2Bfabp_Size_03dpf_VAST01_plate01_GCG_231109_A01	SL100	A01	1	1	1	Size	1	A	insH2Bfabp	Size	GCG	231109	1	3	09nov2023 13:56:46	5.933333	2586.032	746394.6	689959.7	200.8298	170.0644	155.1136	22759.4	.0367959	.0000702		4635.62	706049.8	99800.41	-52610.57	65194.11	-131109.8	1	-1.301224	.6567159	1.370745	-1.75333	-1.633934		-1.904707	.6193067	.6289042	-.6469766	2.231606	.9674216	-2.231606	gcg_crispants
InsH2Bfabp_Size_03dpf_VAST01_plate01_GCG_231109_A02	SL108	A02	1	2	1	Size	2	A	insH2Bfabp	Size	GCG	231109	1	3	09nov2023 13:57:40	5.95	3188.717	754918.2	1060690	288.6532	248.2828	224.2188	48419.8	.0264948	8.35e-07	151.6022	22131.35				24706.67	25316.72	0	.93019	.8056329	.6924793	1.178402	.4569218	-.7478586	-.1862194	-1.041553	-2.519125	2.519125				Controls
InsH2Bfabp_Size_03dpf_VAST01_plate01_GCG_231109_A03	SL116	A03	2	3	1	Size	3	A	insH2Bfabp	Size	GCG	231109	1	3	09nov2023 13:58:36	5.966667	2982.884	620066.5	1006408	292.39	242.8438	207.8125	46326.29	.0261204	.0000561	158.9012	3588.867				-93406.45	44225.43	1	-.1573107	-1.633934	-1.75333	.3336597	.9750298	.0651533	-.3639316	-1.274797	.3302958	-.9064346				gcg_crispants
InsH2Bfabp_Size_03dpf_VAST01_plate01_GCG_231109_A05	SL132	A05	2	3	1	Size	5	A	insH2Bfabp	Size	GCG	231109	1	3	09nov2023 14:00:47	6	2889.891	618421.6	903198.3	258.1276	219.6493	207.0214	37892.46	.0247446	.0000155	159.5543	3858.032	283610.2	65287.48	-2235.641	-87489.07	-25918	1	-.4887764	-1.75333	-1.633934	-.7668313	-.8456872	.2634448	-.7668313	-1.510357	-1.157523	-.7801644	-.6151411	-.2599896	-.1289011	gcg_crispants
InsH2Bfabp_Size_03dpf_VAST01_plate01_GCG_231109_A06	SL140	A06	2	4	1	Size	6	A	insH2Bfabp	Size	GCG	231109	1	3	09nov2023 14:01:53	6.016667	3123.405	729736.3	1048278	294.6431	258.6422	235.1563	52547	.0423495	.0000426	160.2148	6041.26	263243.4	86910.4	23479.93	4836.004	36128.73	0	.4255243	.4569218	.2152846	.8871465	.8056329	.3661064	.2739918	.9438661	-.3616052	-.4253408	-.8694237	.6151411	.9674216	Controls
InsH2Bfabp_Size_03dpf_VAST01_plate01_GCG_231109_A07	SL148	A07	2	3	1	Size	7	A	insH2Bfabp	Size	GCG	231109	1	3	09nov2023 14:03:03	6.05	2592.525	727672.8	844639.9	358.2762	303.4962	284.4637	72345.58	.0715828	.0001126	147.8365	13338.62	676262.2	215451.7	69026.4	45944.23	21261.62	1	-1.23748	.3639316	1.123174	-1.071175	.3036906	-1.375969	2.118995	1.884304	1.351702	.7801644	1.768825	2.231606	2.231606	gcg_crispants
InsH2Bfabp_Size_03dpf_VAST01_plate01_GCG_231109_A08	SL156	A08	2	4	1	Size	8	A	insH2Bfabp	Size	GCG	231109	1	3	09nov2023 14:04:18	6.066667	3235.343	755755.6	988314.2	379.5861	311.7813	278.3722	76353.15	.0326742	.0000546	160.6101	11723.63	351589.3	45877.69	-35305.61	21752.43	-63638.17	0	1.178402	.8871465	.6567159	.0998612	-1.370745	.4011473	2.531313	.1648683	.2381501	.3616052	.6151411	-1.342336	-1.521218	Controls
InsH2Bfabp_Size_03dpf_VAST01_plate01_GCG_231109_A09	SL164	A09	3	5	1	Size	9	A	insH2Bfabp	Size	GCG	231109	1	3	09nov2023 14:05:27	6.083333	3187.073	715590.2	1023096	270.6481	230.1871	204.0797	41630.86	.0357057	.0000796	159.4122	11394.65	301853.6	96510.62	25321.55	-14487.69	-11692.38	1	.8456872	.1573107	-.2152846	.4887764	-.4887764	.1965805	-.5540488	.583549	.7801644	.3302958	.0643168	.7791397	1.075723	gcg_crispants
InsH2Bfabp_Size_03dpf_VAST01_plate01_GCG_231109_A11	SL180	A11	2	3	1	Size	11	A	insH2Bfabp	Size	GCG	231109	1	3	09nov2023 14:07:45	6.116667	2230.858	649584.9	738140.3	245.7897	200.9393	169.5313	31761.47	.0633065	.0001826	151.5729	2691.65				-2732.458	43363.88	1	-1.904707	-1.123174	.0427396	-1.534121	.93019	-.7916386	-1.301224	1.510357	1.88951	-1.217197				gcg_crispants
InsH2Bfabp_Size_03dpf_VAST01_plate01_GCG_231109_A12	SL188	A12	2	3	1	Size	12	A	insH2Bfabp	Size	GCG	231109	1	3	09nov2023 14:09:00	6.15	2280.79	666333	547840.6	263.9633			25032.35			129.934	1076.66				9955.107	-164690.6	1	-1.75333	-.8456872	.3336597	-2.531313	-1.904707	-1.845705	-1.75333			-1.429219				gcg_crispants
InsH2Bfabp_Size_03dpf_VAST01_plate01_GCG_231109_B01	SL101	B01	1	1	1	Size	1	B	insH2Bfabp	Size	GCG	231109	1	3	09nov2023 14:25:40	6.416667	3158.683	710506	1054678	283.2867	243.7262	218.75	46655.27	.0301286	.0000496	156.7154	8074.951	281636.3	82932.74	15806.27	-17263.1	29984.95	1	.5875741	.0427396	-.2445328	1.021921	.5875741	-.1965805	-.3336597	-.2873955	0	-.1182339	-.6948019	.3957253	.7791397	gcg_crispants
InsH2Bfabp_Size_03dpf_VAST01_plate01_GCG_231109_B02	SL109	B02	1	2	1	Size	2	B	insH2Bfabp	Size	GCG	231109	1	3	09nov2023 14:24:39	6.4	3256.784	784646	1125140	307.2898	265.5401	240.625	55388.18	.029881	.0000309	154.3815	6729.126				48899.19	65563.31	0	1.633934	1.447606	1.178402	2.118995	1.633934	-.5095174	.5540488	-.3501975	-.7407855	-.3302958				Controls
InsH2Bfabp_Size_03dpf_VAST01_plate01_GCG_231109_B03	SL117	B03	2	3	1	Size	3	B	insH2Bfabp	Size	GCG	231109	1	3	09nov2023 14:23:40	6.383333	3154.373	687716.7	993368.5	238.5059	208.4414	204.2159	34124.14	.0252136	.0000392	156.5151	16718.14				-39701.91	-29792.35	1	.5540488	-.4569218	-.93019	.2152846	-.93019	-.2298841	-1.071175	-1.422911	-.4578519	1.217197				gcg_crispants
InsH2Bfabp_Size_03dpf_VAST01_plate01_GCG_231109_B04	SL125	B04	2	4	1	Size	4	B	insH2Bfabp	Size	GCG	231109	1	3	09nov2023 14:22:40	6.366667	2992.069	705242.3	939744.9	333.5007	287.9292	265.6113	65197.75	.0306862	.0000415		11245.12	383201.3	49257.2	-38278.41	-8977.57	-25703.79	0	-.1285329	-.0712713	-.0998612	-.3336597	-.8056329		1.301224	-.1951978	-.3932733	.2993069	1.075723	-.9674216	-1.768825	Controls
InsH2Bfabp_Size_03dpf_VAST01_plate01_GCG_231109_B05	SL133	B05	2	3	1	Size	5	B	insH2Bfabp	Size	GCG	231109	1	3	09nov2023 14:21:30	6.35	3170.937	702700.2	986729.1	335.2006	289.0096	272.9528	65616.45	.0292223	.0000508		11992.8	353204.3	60292.97	-21214.86	-26065.44	-42321.65	1	.6567159	-.0998612	-.4569218	.0712713	-1.178402		1.447606	-.5141561	.088585	.4908544	.6948019	-.5392076	-.9674216	gcg_crispants
InsH2Bfabp_Size_03dpf_VAST01_plate01_GCG_231109_B07	SL149	B07	2	3	1	Size	7	B	insH2Bfabp	Size	GCG	231109	1	3	09nov2023 14:16:15	6.266667	2919.099	706199.3	935348.5	284.4062	223.6557	196.875	39298.09	.0426241	.0000148		3379.517				-2086.551	-4153.313	1	-.4255243	-.0142427	.0712713	-.4255243	-.2152846		-.7106959	.9915265	-1.281552	-1.0239				gcg_crispants
InsH2Bfabp_Size_03dpf_VAST01_plate01_GCG_231109_B08	SL157	B08	2	4	1	Size	8	B	insH2Bfabp	Size	GCG	231109	1	3	09nov2023 14:14:47	6.233333	2921.356	660261.8	935886.8	305.0113	254.6054	221.4844	50961.91	.0296363	.0000442	157.9016	4396.362	204894.4	54147.04	2441.605	-48207.62	-4417.663	0	-.3945408	-.9750298	-1.021921	-.3945408	-.2445328	-.0651533	.0998612	-.4144133	-.2686029	-.7407855	-1.768825	-.6948019	.3271033	Controls
InsH2Bfabp_Size_03dpf_VAST01_plate01_GCG_231109_B09	SL165	B09	3	5	1	Size	9	B	insH2Bfabp	Size	GCG	231109	1	3	09nov2023 14:13:48	6.216667	2939.52	688075.6	946713.3	305.1712	249.511	220.3811	48958.13	.0390815	.000089	151.4046	15521.85	291116.9	75485.84	6454.276	-21870.99	-50.02831	1	-.3036906	-.3945408	-.3945408	-.2739918	-.1285329	-.8369914	-.0427396	.7713894	1.101709	1.049131	-.2599896	.1940281	.5392076	gcg_crispants
InsH2Bfabp_Size_03dpf_VAST01_plate01_GCG_231109_B10	SL173	B10	3	6	1	Size	10	B	insH2Bfabp	Size	GCG	231109	1	3	09nov2023 14:12:33	6.2	2959.82	690827	983289.8	308.7164	262.2316	237.7061	54012.45	.032048	.0000483	150.3062	15731.2				-20770.34	29308.39	0	-.2739918	-.3336597	-.3639316	.0142427	.521135	-1.096804	.4255243	.1046335	-.088585	1.157523				Controls
InsH2Bfabp_Size_03dpf_VAST01_plate01_GCG_231109_B11	SL181	B11	2	3	1	Size	11	B	insH2Bfabp	Size	GCG	231109	1	3	09nov2023 14:11:34	6.183333	2219.009	766193.3	718042.6	201.186	157.8994		19828.49			161.535	6370.239				114839.5	27479.76	1	-2.118995	1.178402	1.904707	-1.633934	.4887764	.5851579	-2.118995			-.3773919				gcg_crispants
InsH2Bfabp_Size_03dpf_VAST01_plate01_GCG_231109_B12	SL189	B12	2	3	1	Size	12	B	insH2Bfabp	Size	GCG	231109	1	3	09nov2023 14:10:13	6.166667	2328.385	691843.9	748488.2	265.0235	211.4714	198.6831	35230.71		.0001153	131.7415	11962.89				31595.49	19033.08	1	-1.633934	-.3036906	.8871465	-1.447606	.2445328	-1.690622	-.8871465		1.429219	.441538				gcg_crispants
InsH2Bfabp_Size_03dpf_VAST01_plate01_GCG_231109_C01	SL102	C01	1	1	1	Size	1	C	insH2Bfabp	Size	GCG	231109	1	3	09nov2023 14:26:35	6.433333	3284.449	753273.3	1094545	303.7961	261.7379	232.4219	53833.01	.0311672	.0000554	160.7799	6370.239	303917.3	65377.2	-6226.554	15276.77	25131.1	1	1.904707	.7291514	.4887764	1.633934	.4255243	.4727891	.3639316	-.0746714	.2686029	-.3773919	.1940281	-.1940281	-.4662653	gcg_crispants
InsH2Bfabp_Size_03dpf_VAST01_plate01_GCG_231109_C02	SL110	C02	1	2	1	Size	2	C	insH2Bfabp	Size	GCG	231109	1	3	09nov2023 14:27:42	6.45	3265.302	793977.1	1112399	326.297	278.635	256.7984	60980.84	.0351759	.0000543		10826.42	327005.6	72734.38	-3508.908	57537.57	49794.04	0	1.75333	1.633934	1.301224	1.904707	1.178402		1.071175	.4803868	.177872	.2079166	.3271033	.1289011	-.2599896	Controls
InsH2Bfabp_Size_03dpf_VAST01_plate01_GCG_231109_C03	SL118	C03	2	3	1	Size	3	C	insH2Bfabp	Size	GCG	231109	1	3	09nov2023 14:29:05	6.483333	2385.319	676172.5	771815.8	314.2023	261.9839	229.5133	53922.73	.0618363	7.67e-06	145.9084	11962.89	294825.4	71179.2	1402.424	11294.19	22116.09	1	-1.534121	-.6924793	.3945408	-1.301224	.3336597	-1.465234	.3945408	1.422911	-1.516426	.441538	-.1940281	.0643168	.1289011	gcg_crispants
InsH2Bfabp_Size_03dpf_VAST01_plate01_GCG_231109_C04	SL126	C04	2	4	1	Size	4	C	insH2Bfabp	Size	GCG	231109	1	3	09nov2023 14:30:30	6.5	3212.946	727044.7	1050701	276.7181	246.4224	224.2188	47702.03	.0311233	.0000493	152.9194	9121.704	297158.2	67231.45	-3014.092	-5137.157	6712.217	0	1.071175	.3036906	-.0427396	.93019	-.0427396	-.6242437	-.2445328	-.1046335	-.029494	.0442491	0	-.0643168	-.1940281	Controls
InsH2Bfabp_Size_03dpf_VAST01_plate01_GCG_231109_C05	SL134	C05	2	3	1	Size	5	C	insH2Bfabp	Size	GCG	231109	1	3	09nov2023 14:31:28	6.516667	2932.141	646504.5	925927.8	293.7514	252.1366	229.6875	49945.07	.0352598	.0000769	152.1276	7745.972				-62842.01	-18211.81	1	-.3336597	-1.23748	-1.301224	-.4569218	-.5540488	-.7054673	.0712713	.5141561	.7025232	-.1928725				gcg_crispants
InsH2Bfabp_Size_03dpf_VAST01_plate01_GCG_231109_C06	SL142	C06	2	4	1	Size	6	C	insH2Bfabp	Size	GCG	231109	1	3	09nov2023 14:32:46	6.533333	3245.259	762634.3	1044899	339.772	290.8015	283.2029	66438.91	.0337868	.0000605	160.1927	20307.01				27824.7	-10579.53	0	1.23748	1.021921	.8056329	.8056329	-.3945408	.3315094	1.633934	.2873955	.4908544	1.98577				Controls
InsH2Bfabp_Size_03dpf_VAST01_plate01_GCG_231109_C08	SL158	C08	2	4	1	Size	8	C	insH2Bfabp	Size	GCG	231109	1	3	09nov2023 14:35:00	6.583333	3005.898	727373.7	977876.6	333.218	275.8743	251.5625	59814.45	.0282652	.0000152	163.3992	7745.972				12029.17	7510.352	0	.0142427	.3336597	.4569218	-.0142427	.0142427	.8369914	.9750298	-.7713894	-1.217197	-.1928725				Controls
InsH2Bfabp_Size_03dpf_VAST01_plate01_GCG_231109_C09	SL166	C09	3	5	1	Size	9	C	insH2Bfabp	Size	GCG	231109	1	3	09nov2023 14:35:57	6.583333	2773.287	631550.9	857470.1	259.3831	203.572	177.0063	32688.6	.0338002	.0000865	154.4428	4545.898	342617.2	129917	50536.62	-64877.45	-30183.97	1	-.7291514	-1.447606	-1.370745	-.8871465	-.9750298	-.4727891	-1.178402	.3186394	.9993048	-.7025232	.3957253	1.768825	1.768825	gcg_crispants
InsH2Bfabp_Size_03dpf_VAST01_plate01_GCG_231109_C10	SL174	C10	3	6	1	Size	10	C	insH2Bfabp	Size	GCG	231109	1	3	09nov2023 14:37:09	6.616667	3249.826	664897.4	913845.2	317.2508	268.9824	229.6875	56838.68	.028565	.0000313	168.7313	0				-70283.58	-143257.3	0	1.370745	-.8871465	-1.534121	-.521135	-1.75333	1.465234	.6924793	-.6933416	-.7025232	-2.104968				Controls
InsH2Bfabp_Size_03dpf_VAST01_plate01_GCG_231109_C11	SL182	C11	2	3	1	Size	11	C	insH2Bfabp	Size	GCG	231109	1	3	09nov2023 14:38:24	6.633333	2853.045	644979.3	965554.8	286.4924	248.8303	229.0154	48629.15	.0254936	6.95e-06	152.3769	12770.39				-57935.07	49540.39	1	-.6217734	-1.301224	-1.23748	-.1285329	1.123174	-.6643075	-.1285329	-1.345167	-1.616981	.5933586				gcg_crispants
InsH2Bfabp_Size_03dpf_VAST01_plate01_GCG_231109_C12	SL190	C12	2	3	1	Size	12	C	insH2Bfabp	Size	GCG	231109	1	3	09nov2023 14:39:42	6.65	2834.543	651379.4	912559.2	241.5861	209.5185	195.3117	34512.94	.0346077	5.02e-06	173.8003	15581.67				-50030.37	3123.625	1	-.6567159	-1.071175	-1.071175	-.5540488	-.0998612	2.064598	-.9750298	.4471567	-1.737194	1.101709				gcg_crispants
InsH2Bfabp_Size_03dpf_VAST01_plate01_GCG_231109_D01	SL103	D01	1	1	1	Size	1	D	insH2Bfabp	Size	GCG	231109	1	3	09nov2023 14:52:48	6.866667	2741.659	764249.3	921292.1	274.9134	231.8831	202.3438	42258.91	.0556755	.0000872	155.8435	657.959				70392.95	44884.4	1	-.8456872	1.123174	1.447606	-.4887764	1.021921	-.3315094	-.521135	1.274797	1.049131	-1.516426				gcg_crispants
InsH2Bfabp_Size_03dpf_VAST01_plate01_GCG_231109_D02	SL111	D02	1	2	1	Size	2	D	insH2Bfabp	Size	GCG	231109	1	3	09nov2023 14:51:43	6.85	3178.925	725938.1	1056533	316.7363	271.9207	246.0938	58079.84	.0271395	.0000178	160.8269	10916.14				-3477.134	24641.28	0	.7291514	.2739918	.0142427	1.123174	.3639316	.5095174	.7668313	-.9915265	-1.101709	.2381501				Controls
InsH2Bfabp_Size_03dpf_VAST01_plate01_GCG_231109_D03	SL119	D03	2	3	1	Size	3	D	insH2Bfabp	Size	GCG	231109	1	3	09nov2023 14:50:33	6.833333	2627.126	577418.8	867189.9	286.9221	244.9569	231.2541	47133.79	.0292837	3.72e-06	157.4711	16987.3				-107123.5	31508.27	1	-1.178402	-2.531313	-2.531313	-.8456872	.6217734	-.1305846	-.3036906	-.4471567	-2.104968	1.281552				gcg_crispants
InsH2Bfabp_Size_03dpf_VAST01_plate01_GCG_231109_D04	SL127	D04	2	4	1	Size	4	D	insH2Bfabp	Size	GCG	231109	1	3	09nov2023 14:49:21	6.816667	3205.64	702490.9	1050820	304.3578	259.3218		52935.79	.0279317	.0000496		7865.601	281367.2	61519.16	-5553.223	-29096.85	9429.687	0	1.021921	-.1285329	-.521135	.9750298	.0712713		.3336597	-.8982587	.029494	-.1479871	-.7791397	-.4662653	-.3957253	Controls
InsH2Bfabp_Size_03dpf_VAST01_plate01_GCG_231109_D05	SL135	D05	2	3	1	Size	5	D	insH2Bfabp	Size	GCG	231109	1	3	09nov2023 14:48:24	6.8	2931.349	663043.2	954519.1	289.9003	240.032	212.2175	45279.54	.0299841	.0000544	153.2038	10288.09				-46238.88	10661.29	1	-.3639316	-.93019	-.9750298	-.2445328	.0998612	-.5851579	-.4255243	-.3186394	.2079166	.1182339				gcg_crispants
InsH2Bfabp_Size_03dpf_VAST01_plate01_GCG_231109_D06	SL143	D06	2	4	1	Size	6	D	insH2Bfabp	Size	GCG	231109	1	3	09nov2023 14:47:20	6.783333	3256.076	733893.4	1026595	319.6521	272.8071	257.0313	58498.54	.0217815	.0000198	161.5664	12172.24	302990.1	62207.03	-9210.415	-1795.797	-32729.24	0	1.534121	.521135	.0998612	.5540488	-1.071175	.6242437	.8056329	-2.514955	-.9993048	.5585475	.1289011	-.3957253	-.6151411	Controls
InsH2Bfabp_Size_03dpf_VAST01_plate01_GCG_231109_D07	SL151	D07	2	3	1	Size	7	D	insH2Bfabp	Size	GCG	231109	1	3	09nov2023 14:46:10	6.766667	2868.514	667948	940103.8	255.3389	208.4796	200.9268	34154.05	.0470341	.0001016	150.5703		296111.4	98783.57	28748.37	-36224.24	18589.01	1	-.521135	-.8056329	-.8871465	-.3036906	.2152846	-.9848956	-1.021921	1.094332	1.217197		-.1289011	.8694237	1.342336	gcg_crispants
InsH2Bfabp_Size_03dpf_VAST01_plate01_GCG_231109_D08	SL159	D08	2	4	1	Size	8	D	insH2Bfabp	Size	GCG	231109	1	3	09nov2023 14:45:02	6.75	3254.918	716068.8	1047979	311.3952	280.6104	273.4375	61848.14	.0236806	4.03e-06	164.2509	4635.62	285464.5	38580.32	-29315.4	-19526.36	-10933.98	0	1.447606	.1862194	-.3036906	.8456872	-.4255243	.8841349	1.178402	-1.884304	-1.88951	-.6469766	-.4662653	-1.768825	-1.19838	Controls
InsH2Bfabp_Size_03dpf_VAST01_plate01_GCG_231109_D09	SL167	D09	3	5	1	Size	9	D	insH2Bfabp	Size	GCG	231109	1	3	09nov2023 14:44:03	6.733333	2203.604	685593.3	850920.4	306.2225	258.8454	226.5998	52636.72			104.1872	5652.466	285793.5	48569.34	-19392.5	35492.21	165835.2	1	-2.531313	-.521135	1.021921	-1.021921	2.531313	-2.484125	.3036906			-.5413951	-.3957253	-1.075723	-.7791397	gcg_crispants
InsH2Bfabp_Size_03dpf_VAST01_plate01_GCG_231109_D10	SL175	D10	3	6	1	Size	10	D	insH2Bfabp	Size	GCG	231109	1	3	09nov2023 14:42:51	6.7	2706.05	593927.6	841499.6	302.7365	258.1358	226.9531	52337.65	.0304017	.0000147	157.4296	1824.341	205821.5	49675.9	-2215.83	-97032.85	-22245.89	0	-.9750298	-2.118995	-1.904707	-1.178402	-.6567159	-.1634935	.2445328	-.2257079	-1.351702	-1.351702	-1.521218	-.8694237	-.0643168	Controls
InsH2Bfabp_Size_03dpf_VAST01_plate01_GCG_231109_D11	SL183	D11	2	3	1	Size	11	D	insH2Bfabp	Size	GCG	231109	1	3	09nov2023 14:41:52	6.683333	3082.706	731889.6	966332.4	296.65	267.6982	254.2304	56285.4	.0264103	.0000382	175.9287	14415.28	376801.2	65706.18	-20543.36	10299.02	-31345.2	1	.2445328	.4887764	.3639316	-.0712713	-1.021921	2.484125	.6567159	-1.094332	-.5244005	.9064346	.9674216	-.1289011	-.8694237	gcg_crispants
InsH2Bfabp_Size_03dpf_VAST01_plate01_GCG_231109_D12	SL191	D12	2	4	1	Size	12	D	insH2Bfabp	Size	GCG	231109	1	3	09nov2023 14:40:55	6.666667	3169.075	717324.8	1009788	290.6842	239.8497	226.7767	45189.82	.0311823	.0000564	156.1588	14265.75				-11289.39	-18601.04	0	.6217734	.2445328	-.1862194	.3639316	-.5875741	-.2973049	-.4569218	-.0447762	.3616052	.8628221				Controls
InsH2Bfabp_Size_03dpf_VAST01_plate01_GCG_231109_E01	SL104	E01	1	1	1	Size	1	E	insH2Bfabp	Size	GCG	231109	1	3	09nov2023 14:54:24	6.9	3175.094	737123.4	1065146	313.5386	265.4125	237.8906	55328.37	.0331113	.0000807	153.6013	12979.74				8019.705	34616.69	1	.6924793	.5540488	.2739918	1.23748	.7291514	-.5469463	.521135	.2257079	.8628221	.7407855				gcg_crispants
InsH2Bfabp_Size_03dpf_VAST01_plate01_GCG_231109_E02	SL112	E02	1	2	1	Size	2	E	insH2Bfabp	Size	GCG	231109	1	3	09nov2023 14:55:23	6.916667	3077.481	712420.1	1029227	280.8246	235.7	205.9548	43634.64	.0494877	.0001617	150.5935	299.0723	284597.2	86282.35	18560.91	-8745.609	33407.77	0	.1862194	.0998612	-.0712713	.6217734	.6567159	-.9333305	-.4887764	1.150349	1.616981	-1.674066	-.5392076	.5392076	.8694237	Controls
InsH2Bfabp_Size_03dpf_VAST01_plate01_GCG_231109_E04	SL128	E04	2	4	1	Size	4	E	insH2Bfabp	Size	GCG	231109	1	3	09nov2023 14:57:43	6.95	3100.474	805790.4	1021990	335.3273	302.8309	296.2613	72046.51	.0286477	.0000447	169.0511	7686.157				82754.88	17994.27	0	.3036906	1.904707	1.534121	.4569218	.1862194	1.567991	1.904707	-.6558747	-.2079166	-.2381501				Controls
InsH2Bfabp_Size_03dpf_VAST01_plate01_GCG_231109_E05	SL136	E05	2	3	1	Size	5	E	insH2Bfabp	Size	GCG	231109	1	3	09nov2023 14:59:15	6.983333	2685.719	658616.9	909538.6	287.7767	249.9736	237.2328	49107.66	.0411666	.0000393	149.6693	18243.41				-30690.19	53022.39	1	-1.123174	-1.021921	-.6924793	-.6567159	1.370745	-1.296494	-.0142427	.8544474	-.4253408	1.564726				gcg_crispants
InsH2Bfabp_Size_03dpf_VAST01_plate01_GCG_231109_E06	SL144	E06	2	4	1	Size	6	E	insH2Bfabp	Size	GCG	231109	1	3	09nov2023 15:00:16	7	3005.116	694714.9	1034371	311.978	262.3728	232.3689	54102.17	.0312189	.0000522	161.6385	12860.11				-20565.99	64283.16	0	-.0142427	-.2152846	-.3336597	.6924793	1.534121	.6643075	.4569218	-.014921	.1182339	.6652629				Controls
InsH2Bfabp_Size_03dpf_VAST01_plate01_GCG_231109_E07	SL152	E07	2	3	1	Size	7	E	insH2Bfabp	Size	GCG	231109	1	3	09nov2023 15:01:16	7.016667	2754.743	713706.1	906009.5	241.7243	197.7554	177.7344	30714.72	.0406041	.0000752	160.1761	299.0723				18785.75	24949.35	1	-.8056329	.1285329	.5540488	-.6924793	.3945408	.2973049	-1.370745	.8122178	.6652629	-1.674066				gcg_crispants
InsH2Bfabp_Size_03dpf_VAST01_plate01_GCG_231109_E08	SL160	E08	2	4	1	Size	8	E	insH2Bfabp	Size	GCG	231109	1	3	09nov2023 15:02:26	7.033333	2860.576	804743.6	851249.4	273.0487	228.6718	202.3438	41122.44	.0322338	.0000299		12082.52				101216.9	-67442.94	0	-.5875741	1.75333	1.75333	-.9750298	-1.447606		-.5875741	.1346898	-.7801644	.5244005				Controls
InsH2Bfabp_Size_03dpf_VAST01_plate01_GCG_231109_E09	SL168	E09	3	5	1	Size	9	E	insH2Bfabp	Size	GCG	231109	1	3	09nov2023 15:03:35	7.05	2703	694505.6	853701.8	268.5815	224.7889	194.1406	39686.89	.066998	.0001001		3768.311	237044.7	30026.86	-28139.07	3793.165	-8959.252	1	-1.021921	-.2445328	.1862194	-.93019	-.3639316		-.6567159	1.731664	1.157523	-.8207921	-1.19838	-2.231606	-1.075723	gcg_crispants
InsH2Bfabp_Size_03dpf_VAST01_plate01_GCG_231109_E10	SL176	E10	3	6	1	Size	10	E	insH2Bfabp	Size	GCG	231109	1	3	09nov2023 15:04:41	7.066667	3185.836	786440.4	1031979	317.8932	276.5344	263.3178	60083.62	.0319315	.0000601	159.4569	10796.51	345009.8	47552.49	-32308.66	56463.22	-2369.808	0	.8056329	1.534121	1.23748	.6567159	-.1862194	.2298841	1.021921	.0746714	.4578519	.177872	.4662653	-1.19838	-1.342336	Controls
InsH2Bfabp_Size_03dpf_VAST01_plate01_GCG_231109_E11	SL184	E11	2	3	1	Size	11	E	insH2Bfabp	Size	GCG	231109	1	3	09nov2023 15:05:56	7.083333	2714.201	594107.1	842905.3	227.6385	186.9597	177.3169	27454.83	.0432273	.0001792	150.2336	18243.41	218801.3	45787.96	-8712.003	-97516.33	-23738.92	1	-.93019	-1.904707	-2.118995	-1.123174	-.7291514	-1.158272	-1.633934	1.041553	1.737194	1.564726	-1.342336	-1.521218	-.5392076	gcg_crispants
InsH2Bfabp_Size_03dpf_VAST01_plate01_GCG_231109_E12	SL192	E12	2	4	1	Size	12	E	insH2Bfabp	Size	GCG	231109	1	3	09nov2023 15:06:54	7.1	3062.223	709100.3	969682	296.7511	255.01	232.4219	51081.54	.031007	.0000611	166.1298	3678.589	252716.1	64868.77	3553.737	-10824.56	-20712.06	0	.0998612	.0142427	-.1573107	-.0427396	-.6217734	1.096804	.1285329	-.1346898	.5244005	-.8628221	-.9674216	-.3271033	.3957253	Controls
InsH2Bfabp_Size_03dpf_VAST01_plate01_GCG_231109_F01	SL105	F01	1	1	1	Size	1	F	insH2Bfabp	Size	GCG	231109	1	3	09nov2023 15:21:34	7.35	3513.078	776002.8	1161956	307.2374	255.217	222.619	51201.17	.0285267	.0000389	165.2592	17286.38				19413.87	11245.74	1	2.531313	1.370745	.5875741	2.531313	.1285329	1.039222	.1717471	-.7318081	-.4908544	1.351702				gcg_crispants
InsH2Bfabp_Size_03dpf_VAST01_plate01_GCG_231109_F03	SL121	F03	2	3	1	Size	3	F	insH2Bfabp	Size	GCG	231109	1	3	09nov2023 15:19:19	7.316667	2894.785	676351.9	997106.9	256.4321	216.478		36965.33	.0590408	.0001531	151.281	8164.673				-29956.71	66250.63	1	-.4569218	-.6567159	-.6217734	.2445328	1.75333	-.8841349	-.8056329	1.345167	1.516426	-.0737913				gcg_crispants
InsH2Bfabp_Size_03dpf_VAST01_plate01_GCG_231109_F04	SL129	F04	2	4	1	Size	4	F	insH2Bfabp	Size	GCG	231109	1	3	09nov2023 15:18:17	7.3	3152.132	716995.9	1072982	294.8774	250.8782	234.9055	49436.64	.0332229	.000044	158.5111	20307.01				-10240.53	50617.45	0	.521135	.2152846	-.1285329	1.370745	1.23748	0	.0427396	.2564297	-.2993069	1.98577				Controls
InsH2Bfabp_Size_03dpf_VAST01_plate01_GCG_231109_F05	SL137	F05	2	3	1	Size	5	F	insH2Bfabp	Size	GCG	231109	1	3	09nov2023 15:16:36	7.266667	2724.859	687866.2	910286.3	261.8068	214.0657	186.7002	36008.3	.037822	.0000191	150.0585	6818.848	195533.5	51530.15	1705.776	-4623.922	39852.31	1	-.8871465	-.4255243	-.0142427	-.5875741	.8456872	-1.224459	-.8456872	.6933416	-1.049131	-.2993069	-2.231606	-.7791397	.1940281	gcg_crispants
InsH2Bfabp_Size_03dpf_VAST01_plate01_GCG_231109_F06	SL145	F06	2	4	1	Size	6	F	insH2Bfabp	Size	GCG	231109	1	3	09nov2023 15:15:09	7.25	3107.939	752585.4	1040472	309.4907	266.4186	239.6039	55747.07	.0341842	.000064	157.7372	0	247811.3	55986.33	-4343.108	28942.87	33822.51	0	.3639316	.6924793	.8456872	.7291514	.6924793	-.0978166	.6217734	.3501975	.5585475	-2.104968	-1.075723	-.6151411	-.3271033	Controls
InsH2Bfabp_Size_03dpf_VAST01_plate01_GCG_231109_F07	SL153	F07	2	3	1	Size	7	F	insH2Bfabp	Size	GCG	231109	1	3	09nov2023 15:14:02	7.233333	3104.774	692352.3	1040921	279.4146	245.4783	234.3943	47343.14	.0263968	.0000466	159.2332	3379.517				-31032.89	35396.41	1	.3336597	-.2739918	-.7291514	.7668313	.7668313	.1634935	-.2739918	-1.150349	-.1479871	-1.0239				gcg_crispants
InsH2Bfabp_Size_03dpf_VAST01_plate01_GCG_231109_F08	SL161	F08	2	4	1	Size	8	F	insH2Bfabp	Size	GCG	231109	1	3	09nov2023 15:12:58	7.2	2992.131	681496	958347.2	317.7072	255.1182	216.0156	51201.17	.0343547	.0000568	168.1134	5712.28	290369.3	107695.9	38814.6	-32728.95	-7123.615	0	-.0998612	-.6217734	-.7668313	-.1862194	-.3036906	1.296494	.1717471	.4144133	.3932733	-.4578519	-.3271033	1.342336	1.521218	Controls
InsH2Bfabp_Size_03dpf_VAST01_plate01_GCG_231109_F09	SL169	F09	2	3	1	Size	9	F	insH2Bfabp	Size	GCG	231109	1	3	09nov2023 15:11:58	7.183333	2970.256	712330.3	1010296	309.5052	273.6317	257.0313	58827.52	.0517439	.0002901	162.5781	20187.38				-115.7537	52603.45	1	-.2152846	.0712713	.1285329	.3945408	1.301224	.7478586	.8456872	1.21023	2.104968	1.737194				gcg_crispants
InsH2Bfabp_Size_03dpf_VAST01_plate01_GCG_231109_F10	SL177	F10	3	6	1	Size	10	F	insH2Bfabp	Size	GCG	231109	1	3	09nov2023 15:10:21	7.166667	3087.881	728061.5	993129.3	289.4644	262.6963	257.0313	54221.8	.0279616	.0000297	160.7471	3289.795				6050.077	-6388.388	0	.2739918	.4255243	.2445328	.1573107	-.2739918	.4366879	.4887764	-.8544474	-.8207921	-1.101709				Controls
InsH2Bfabp_Size_03dpf_VAST01_plate01_GCG_231109_F11	SL185	F11	2	3	1	Size	11	F	insH2Bfabp	Size	GCG	231109	1	3	09nov2023 15:09:18	7.15	2434.887	754499.5	660261.8	199.4281	147.1111	119.8161	17226.56	.10362	.0001081	155.0136	4964.6				85590.29	-107063.2	1	-1.447606	.7668313	1.633934	-2.118995	-1.534121	-.4011473	-2.531313	2.514955	1.281552	-.5933586				gcg_crispants
InsH2Bfabp_Size_03dpf_VAST01_plate01_GCG_231109_F12	SL193	F12	2	4	1	Size	12	F	insH2Bfabp	Size	GCG	231109	1	3	09nov2023 15:08:13	7.133333	3014.14	934870	750252.7	262.3682	203.149	166.1539	32479.25	.0308896	.0000486		9121.704				218855.3	-223044.1	0	.0427396	2.118995	2.118995	-1.370745	-2.531313		-1.23748	-.1648683	-.0590137	.0442491				Controls
InsH2Bfabp_Size_03dpf_VAST01_plate01_GCG_231109_G01	SL106	G01	1	1	1	Size	1	G	insH2Bfabp	Size	GCG	231109	1	3	09nov2023 15:22:50	7.366667	2996.78	982960.8	1093947	291.0478	255.4917	237.2775	51290.89	.0804227	.0002973	124.7893	3080.444	474358.5	114245.6	8392.236	268357.8	126822.7	1	-.0712713	2.531313	2.531313	1.534121	2.118995	-2.064598	.2152846	2.100166	2.519125	-1.157523	1.521218	1.521218	.6151411	gcg_crispants
InsH2Bfabp_Size_03dpf_VAST01_plate01_GCG_231109_G02	SL114	G02	1	2	1	Size	2	G	insH2Bfabp	Size	GCG	231109	1	3	09nov2023 15:23:51	7.383333	3139.873	696838.4	993189.1	365.1181			33286.74	.0263474	.0000443	159.0086	8164.673	296515.2	75545.66	5429.327	-29401.11	-24816.03	0	.4887764	-.1573107	-.5875741	.1862194	-.7668313	.0978166	-1.123174	-1.21023	-.2381501	-.0737913	-.0643168	.2599896	.4662653	Controls
InsH2Bfabp_Size_03dpf_VAST01_plate01_GCG_231109_G03	SL122	G03	2	3	1	Size	3	G	insH2Bfabp	Size	GCG	231109	1	3	09nov2023 15:24:53	7.4	3004.202	648747.6	990886.3	277.252	228.3936	205.0781	40972.9	.0233758	.0000342	156.5113	5682.373				-66459.03	21123.12	1	-.0427396	-1.178402	-1.447606	.1285329	.2739918	-.2634448	-.6217734	-2.100166	-.6289042	-.4908544				gcg_crispants
InsH2Bfabp_Size_03dpf_VAST01_plate01_GCG_231109_G04	SL130	G04	2	4	1	Size	4	G	insH2Bfabp	Size	GCG	231109	1	3	09nov2023 15:25:49	7.416667	3188.512	755695.8	1108422	293.5247	248.8739	219.9403	48659.06	.0292333	.0000368	170.2588	7177.734				25500.94	73121.35	0	.8871465	.8456872	.7668313	1.75333	1.904707	1.845705	-.0998612	-.4803868	-.5585475	-.2686029				Controls
InsH2Bfabp_Size_03dpf_VAST01_plate01_GCG_231109_G05	SL138	G05	2	3	1	Size	5	G	insH2Bfabp	Size	GCG	231109	1	3	09nov2023 15:27:00	7.45	2577.345	624941.4	826516.1	218.5062	194.1462	183.2031	29608.15	.0368248	.0000678	159.0242					-55552.68	8535.655	1	-1.370745	-1.534121	-1.178402	-1.23748	.0427396	.1305846	-1.447606	.6558747	.5933586					gcg_crispants
InsH2Bfabp_Size_03dpf_VAST01_plate01_GCG_231109_G06	SL146	G06	2	4	1	Size	6	G	insH2Bfabp	Size	GCG	231109	1	3	09nov2023 15:28:29	7.466667	3247.472	770200.8	1070290	347.0445	301.0491	295.5416	71194.16	.0280561	.0000332	166.6376	11005.86				35211.23	14024.44	0	1.301224	1.23748	.9750298	1.301224	.1573107	1.224459	1.75333	-.8122178	-.6652629	.2686029				Controls
InsH2Bfabp_Size_03dpf_VAST01_plate01_GCG_231109_G07	SL154	G07	2	3	1	Size	7	G	insH2Bfabp	Size	GCG	231109	1	3	09nov2023 15:30:08	7.5	3118.703	695193.5	1002281	304.1031	274.7259	267.7299	59320.98	.0303034	.0000561	166.4059	12890.01				-29324.45	-8196.675	1	.3945408	-.1862194	-.5540488	.2739918	-.3336597	1.158272	.8871465	-.2564297	.2993069	.7025232				gcg_crispants
InsH2Bfabp_Size_03dpf_VAST01_plate01_GCG_231109_G08	SL162	G08	2	4	1	Size	8	G	insH2Bfabp	Size	GCG	231109	1	3	09nov2023 15:31:25	7.516667	2822.686	673331.3	909658.2	285.0262	242.206	218.75	46087.04	.0389044	.0000839	161.6605	17316.29				-27114.13	4439.078	0	-.6924793	-.7668313	-.4887764	-.6217734	-.0712713	.7054673	-.3945408	.7318081	.9064346	1.429219				Controls
InsH2Bfabp_Size_03dpf_VAST01_plate01_GCG_231109_G09	SL170	G09	2	3	1	Size	9	G	insH2Bfabp	Size	GCG	231109	1	3	09nov2023 15:33:02	7.55	2962.414	688942.9	896469.1	282.7558	248.9742	240.4935	48688.96	.0290568	.0000471	168.4476	8314.209				-22865.43	-58434.76	1	-.2445328	-.3639316	-.4255243	-.8056329	-1.301224	1.375969	-.0712713	-.583549	-.1182339	-.029494				gcg_crispants
InsH2Bfabp_Size_03dpf_VAST01_plate01_GCG_231109_G10	SL178	G10	3	6	1	Size	10	G	insH2Bfabp	Size	GCG	231109	1	3	09nov2023 15:34:10	7.566667	3342.279	762993.2	1089461	334.63	279.4866	243.3594	61429.45	.0244275	.0000268	160.968	11903.08	346983.7	79284.05	-973.7495	20293.84	-516.3242	0	2.118995	1.071175	.6217734	1.447606	-.1573107	.5469463	1.123174	-1.611169	-.8628221	.3932733	.5392076	.3271033	0	Controls
InsH2Bfabp_Size_03dpf_VAST01_plate01_GCG_231109_G11	SL186	G11	2	3	1	Size	11	G	insH2Bfabp	Size	GCG	231109	1	3	09nov2023 15:35:22	7.583333	2866.705	705601.2	984994.5	220.6726	193.1652	179.1009	29309.08	.0316981	.0000232	154.8225					1576.027	64122.86	1	-.5540488	-.0427396	.1573107	.0427396	1.447606	-.4366879	-1.534121	.014921	-.9518433					gcg_crispants
InsH2Bfabp_Size_03dpf_VAST01_plate01_GCG_231109_G12	SL194	G12	2	4	1	Size	12	G	insH2Bfabp	Size	GCG	231109	1	3	09nov2023 15:36:38	7.6	3216.82	757490.3	1021870	327.1733	288.8805	277.1019	65586.55	.0239623	.0000255	163.0676	12800.29	376352.5	88525.39	2366.006	24993.37	-23495.81	0	1.123174	.93019	.7291514	.4255243	-.6924793	.7916386	1.370745	-1.731664	-.9064346	.6289042	.8694237	.6948019	.2599896	Controls
InsH2Bfabp_Size_03dpf_VAST01_plate01_GCG_231109_H02	SL115	H02	1	2	1	Size	2	H	insH2Bfabp	Size	GCG	231109	1	3	09nov2023 15:50:52	7.833333	3079.41	737631.8	1026177	300.0831	246.4746	216.0156	47731.93	.0328504	.0000428	150.5692	13547.97	313278.2	99920.05	26435.25	16309.28	29671.31	0	.2152846	.5875741	.521135	.521135	.5540488	-1.039222	-.2152846	.1951978	-.3302958	.8207921	.2599896	1.075723	1.19838	Controls
InsH2Bfabp_Size_03dpf_VAST01_plate01_GCG_231109_H03	SL123	H03	2	3	1	Size	3	H	insH2Bfabp	Size	GCG	231109	1	3	09nov2023 15:49:53	7.816667	2974.056	682363.3	965913.7	287.2213	248.6769	218.75	48569.34	.0288646	.0000138	158.8297	2243.042				-30391.8	6870.088	1	-.1862194	-.5875741	-.6567159	-.0998612	-.0142427	.0325594	-.1573107	-.6193067	-1.429219	-1.281552				gcg_crispants
InsH2Bfabp_Size_03dpf_VAST01_plate01_GCG_231109_H04	SL131	H04	2	4	1	Size	4	H	insH2Bfabp	Size	GCG	231109	1	3	09nov2023 15:48:28	7.8	3182.053	771666.3	1005391	331.1493	289.6806	277.7538	65945.44	.0296949	.0000497	170.2005	14923.71	386356.5	102851	14681.3	41996.66	-27612.16	0	.7668313	1.301224	1.071175	.3036906	-.8871465	1.690622	1.534121	-.3821084	.0590137	.9518433	1.19838	1.19838	.6948019	Controls
InsH2Bfabp_Size_03dpf_VAST01_plate01_GCG_231109_H05	SL139	H05	2	3	1	Size	5	H	insH2Bfabp	Size	GCG	231109	1	3	09nov2023 15:47:05	7.783333	3017.442	727852.2	959304.2	317.7053	270.6896	247.7019	57571.41	.0290659	.0000527	164.3978	10138.55	395074.5	70670.77	-19250.72	11568.94	-15166.66	1	.0712713	.3945408	.4255243	-.1573107	-.521135	.9333305	.7291514	-.5485223	.1479871	.088585	1.342336	0	-.6948019	gcg_crispants
InsH2Bfabp_Size_03dpf_VAST01_plate01_GCG_231109_H06	SL147	H06	2	4	1	Size	6	H	insH2Bfabp	Size	GCG	231109	1	3	09nov2023 15:45:59	7.75	3067.839	684307.3	955805.1	292.2816	250.1905	218.0865	49167.48	.0353745	.0000805	155.0943	10646.97				-36074.32	-36585.93	0	.1573107	-.5540488	-.8456872	-.2152846	-1.123174	-.3661064	.0142427	.5485223	.8207921	.1479871				Controls
InsH2Bfabp_Size_03dpf_VAST01_plate01_GCG_231109_H07	SL155	H07	2	3	1	Size	7	H	insH2Bfabp	Size	GCG	231109	1	3	09nov2023 15:44:31	7.733333	3125.593	760032.4	1055217	319.4622	265.9904	246.2357	55567.63	.0418476	.0000862		3409.424	376053.5	85295.41	-803.8826	34954.2	42289.42	1	.4569218	.9750298	.93019	1.071175	.8871465		.5875741	.8982587	.9518433	-.9518433	.7791397	.4662653	.0643168	gcg_crispants
InsH2Bfabp_Size_03dpf_VAST01_plate01_GCG_231109_H08	SL163	H08	2	4	1	Size	8	H	insH2Bfabp	Size	GCG	231109	1	3	09nov2023 15:43:35	7.716667	3064.447	686969	939176.6	331.6401	282.8352	264.7292	62835.08	.0317223	.0000587	158.4149	9091.797				-33136.76	-52008.38	0	.1285329	-.4887764	-.8056329	-.3639316	-1.23748	-.0325594	1.23748	.0447762	.4253408	0				Controls
InsH2Bfabp_Size_03dpf_VAST01_plate01_GCG_231109_H09	SL171	H09	2	3	1	Size	9	H	insH2Bfabp	Size	GCG	231109	1	3	09nov2023 15:41:47	7.683333	2687.902	634870.6	903377.7	240.1025	210.1094	196.875	34692.38	.034189	.0000458	145.6404	15252.69				-54614.06	46085.16	1	-1.071175	-1.370745	-1.123174	-.7291514	1.071175	-1.567991	-.93019	.3821084	-.177872	.9993048				gcg_crispants
InsH2Bfabp_Size_03dpf_VAST01_plate01_GCG_231109_H10	SL179	H10	3	6	1	Size	10	H	insH2Bfabp	Size	GCG	231109	1	3	09nov2023 15:40:32	7.666667	2760.091	676112.7	662953.5	288.8161	223.6847	198.108	39298.09	.0644478	.0000776		0				-19242.5	-220008.2	0	-.7668313	-.7291514	-.2739918	-1.904707	-2.118995		-.7106959	1.611169	.7407855	-2.104968				Controls
InsH2Bfabp_Size_03dpf_VAST01_plate01_GCG_231109_H12	SL195	H12	2	4	1	Size	12	H	insH2Bfabp	Size	GCG	231109	1	3	09nov2023 15:37:32	7.616667	3195.784	739456.2	1026835	332.8676	274.8744	246.2702	59395.75	.0274374	.0000365	165.1111	5652.466				8669.965	-11051.28	0	.9750298	.6217734	.3036906	.5875741	-.4569218	.9848956	.93019	-.9438661	-.5933586	-.5413951				Controls
