filename	index	well	batch	tank	plate	Project	column	row	line	proj	Exp	date	VAST	age	time	tod	length	dorsal_area	lateral_area	eye_max_d	eye_mean_d	eye_min_d	eye_area	bent_back	curvature	angle	PCE	dorsal_tail	pig_dorsal_tail	pig_dorsal_tail_Res	dorsal_area_Res	lateral_area_Res	condition	intlength	intdorsal_area	intdorsal_area_Res	intlateral_area	intlateral_area_Res	intangle	inteye_area	intbent_back	intcurvature	intPCE	intdorsal_tail	intpig_dorsal_tail	intpig_dorsal_tail_Res	conditions
InsH2Bfabp_Size_03dpf_VAST01_plate01_GCK_221014_A03	SG616	A03	1	1	1	Size	3	A	insH2Bfabp	Size	GCK	221014	1	3	14oct2022 10:12:50	2.2	2665.946	613157.9	852206.4	288.5149	225.619	202.5923	39985.96	.0467718	.0000363	128.7887	15103.15	251430	68457.64	-20824.35	-110957.3	-77649.91	1	-1.874869	-2.706351	-2.706351	-2.321307	-1.980752	-2.308362	-1.375686	1.273623	.0618224	-.2590192	-1.430609	-.9231439	-.5341752	gck_crispants
InsH2Bfabp_Size_03dpf_VAST01_plate01_GCK_221014_A04	SG624	A04	1	1	1	Size	4	A	insH2Bfabp	Size	GCK	221014	1	3	14oct2022 11:05:51	3.083333	3121.055	760391.3	1093169	287.6406	247.4281	218.75	48090.82	.024681	5.72e-06	152.2494	12890.01				-14341.04	37574.03	1	-.5419719	-.5759842	-.3119191	.1444627	1.082768	-.2119221	-.6222404	-1.690622	-1.966025	-.4542693				gck_crispants
InsH2Bfabp_Size_03dpf_VAST01_plate01_GCK_221014_A05	SG632	A05	1	1	1	Size	5	A	insH2Bfabp	Size	GCK	221014	1	3	14oct2022 11:16:31	3.266667	3357.373	815928.9	1115869	287.7961	264.0598	256.3487	54790.04	.0323825	.0000324	148.7554	25301.51	328770.2	115770.9	14146.69	14913.51	-5016.797	1	.8684736	.7458098	.4589661	.6429288	-.2410404	-.7022593	.5031414	0	-.1506121	1.038	.3467042	.7999689	.6350072	gck_crispants
InsH2Bfabp_Size_03dpf_VAST01_plate01_GCK_221014_A07	SG648	A07	1	1	1	Size	7	A	insH2Bfabp	Size	GCK	221014	1	3	14oct2022 11:36:36	3.6	3348.063	816437.4	1096519	295.8314	259.4548	237.1527	52875.98	.0293616	.0000591	156.7443	35021.36				16457.38	-21794.66	1	.8440372	.8151858	.5559701	.1960199	-.5962318	.2660382	.1359107	-.4924834	.8644806	2.091354				gck_crispants
InsH2Bfabp_Size_03dpf_VAST01_plate01_GCK_221014_A09	SG664	A09	1	1	1	Size	9	A	insH2Bfabp	Size	GCK	221014	1	3	14oct2022 11:55:40	3.916667	2634.698	693010.3	919856.6	221.061		159.4457	24404.3	.0902942	.0002284	152.6113		402999.9	271497.8	158027.8	-27629.61	-1366.577	1	-2.122643	-1.465234	-.5559701	-1.784612	-.051178	-.1406937	-2.708601	2.697177	1.856514		1.225627	2.387809	2.387809	gck_crispants
InsH2Bfabp_Size_03dpf_VAST01_plate01_GCK_221014_A10	SG672	A10	1	1	1	Size	10	A	insH2Bfabp	Size	GCK	221014	1	3	14oct2022 12:04:57	4.066667	3340.172	764309.1	1122179	294.2368	258.6982	237.8906	52576.91	.0266572	.0000111	151.1813	15880.74	301644.3	74812.93	-22482.41	-34793.31	6045.943	1	.7966133	-.5165903	-.7685224	.7509168	.1196481	-.2842435	.0593131	-1.065359	-1.310163	-.0366013	-.3467042	-.6350072	-.5838488	gck_crispants
InsH2Bfabp_Size_03dpf_VAST01_plate01_GCK_221014_A11	SG680	A11	1	1	1	Size	11	A	insH2Bfabp	Size	GCK	221014	1	3	14oct2022 12:30:32	4.5	3288.154	775374.8	1099808	285.3508	232.2671	196.875	42468.26	.0326812	.000022	156.7083	10886.23				-17942.15	-1952.888	1	.3365098	-.2763062	-.4213913	.2306747	-.085363	.2479206	-1.183815	.070173	-.652491	-.6460481				gck_crispants
InsH2Bfabp_Size_03dpf_VAST01_plate01_GCK_221014_A12	SG688	A12	1	1	1	Size	12	A	insH2Bfabp	Size	GCK	221014	1	3	14oct2022 12:40:12	4.666667	3097.9	715799.6	1039306	288.2341	253.9429	226.9531	50662.84	.030982	.0000261	153.0466	16718.14	220715.3	55507.81	-28872.62	-56357.39	-9891.521	1	-.7067373	-1.214676	-1.289343	-.6429288	-.3298721	-.0526109	-.2133152	-.2660382	-.4862914	.0366013	-1.952765	-1.430609	-.7999689	gck_crispants
InsH2Bfabp_Size_03dpf_VAST01_plate01_GCK_221014_B01	SG601	B01	1	2	1	Size	1	B	insH2Bfabp	Size	GCK	221014	1	3	14oct2022 09:52:40	1.866667	2871.449	650661.6	962414.6	267.6996	228.3186	207.8125	40942.99	.0396028	8.05e-06	140.5539	18004.15				-96309.59	-24218.69	0	-1.293188	-2.318758	-2.11991	-1.420695	-.7014965	-1.450737	-1.333303	.8952951	-1.687281	.1654204				Controls
InsH2Bfabp_Size_03dpf_VAST01_plate01_GCK_221014_B03	SG617	B03	1	2	1	Size	3	B	insH2Bfabp	Size	GCK	221014	1	3	14oct2022 10:13:49	2.216667	3077.739	766671.8	1086709	297.4173	260.8788	238.4408	53474.12	.0482075	.0001196	150.4828	10228.27				-3242.969	43081.44	0	-.7966133	-.440101	-.0341104	.0423544	1.146228	-.3957253	.2306747	1.402255	1.398471	-.7633487				Controls
InsH2Bfabp_Size_03dpf_VAST01_plate01_GCK_221014_B06	SG641	B06	1	2	1	Size	6	B	insH2Bfabp	Size	GCK	221014	1	3	14oct2022 11:27:57	3.45	3164.045	810246.6	1080040	308.3322	269.1895	262.9238	56913.45	.0327535	.0000181	154.786	15791.02	373331.9	69803.47	-38932.03	30733	12567.42	0	-.3725821	.477996	.9143286	-.161599	.3844023	.0350649	.7067373	.1053679	-.9441942	-.1192094	.9231439	-.8599248	-1.225627	Controls
InsH2Bfabp_Size_03dpf_VAST01_plate01_GCK_221014_B08	SG657	B08	1	2	1	Size	8	B	insH2Bfabp	Size	GCK	221014	1	3	14oct2022 11:47:09	3.783333	3366.952	811054.1	1139107	302.8318	273.4689	264.2712	58767.7	.0302169	.0000117	157.7776	24314.57	306369.6	79672.85	-18376.58	8973.226	15574.6	0	.999469	.4972006	.223522	1.150349	.477996	.3957253	.918976	-.4147544	-1.158944	.8922428	-.1278027	-.3467042	-.3921935	Controls
InsH2Bfabp_Size_03dpf_VAST01_plate01_GCK_221014_B09	SG665	B09	1	2	1	Size	9	B	insH2Bfabp	Size	GCK	221014	1	3	14oct2022 11:56:39	3.933333	3246.84	789042.4	1135877	276.8938	246.3343	229.6875	47672.12	.032757	.0000442	148.3992	15820.92				320.3706	45529.48	0	.0932869	.0682605	.051178	.999469	1.289343	-.7712489	-.6638962	.1230116	.3891258	-.0916108				Controls
InsH2Bfabp_Size_03dpf_VAST01_plate01_GCK_221014_B11	SG681	B11	1	2	1	Size	11	B	insH2Bfabp	Size	GCK	221014	1	3	14oct2022 12:31:39	4.516667	3059.18	702191.8	997196.6	260.4407	223.9124	208.2363	39387.82	.0400015	.0000758	153.1095	20366.82	326527.1	97826.54	-3439.688	-65658.87	-41303.46	0	-.8440372	-1.289343	-1.465234	-1.183815	-1.214676	-.0350649	-1.520528	.9489278	1.125061	.4542693	.2577366	.1707672	.085073	Controls
InsH2Bfabp_Size_03dpf_VAST01_plate01_GCK_221014_B12	SG689	B12	1	2	1	Size	12	B	insH2Bfabp	Size	GCK	221014	1	3	14oct2022 13:12:48	5.2	3409.971	824990.9	1058626	308.8258	260.9006	230.2786	53504.03	.0284181	.0001228						18125.48	-76791.16	0	1.520528	1.146228	.6374841	-.3365098	-1.781505		.2481039	-.6800015	1.447034					Controls
InsH2Bfabp_Size_03dpf_VAST01_plate01_GCK_221014_C01	SG602	C01	1	3	1	Size	1	C	insH2Bfabp	Size	GCK	221014	1	3	14oct2022 09:54:07	1.9	3219.149	767539.1	1048458	333.0663	269.0857	244.9219	56868.59	.0289885	.0000199	155.6645	14205.93	296679.7	66124.88	-30378.2	-18103.2	-34238.96	1	-.0254078	-.4028279	-.440101	-.5224582	-1.023392	.1406937	.6851596	-.5940965	-.8391085	-.3355287	-.5341752	-.9902869	-.9231439	gck_crispants
InsH2Bfabp_Size_03dpf_VAST01_plate01_GCK_221014_C02	SG610	C02	1	3	1	Size	2	C	insH2Bfabp	Size	GCK	221014	1	3	14oct2022 10:05:59	2.083333	2990.213	764518.4	1031979	271.8467	235.1051	213.2813	43425.29	.044016	.0000487	135.1493	22131.35	301405	107232.4	9975.196	4338.332	12533.09	1	-1.056937	-.4972006	.136841	-.7735631	.3661064	-1.859636	-1.027779	1.163183	.5468132	.8132785	-.4385096	.3921935	.5838488	gck_crispants
InsH2Bfabp_Size_03dpf_VAST01_plate01_GCK_221014_C04	SG626	C04	1	3	1	Size	4	C	insH2Bfabp	Size	GCK	221014	1	3	14oct2022 11:08:49	3.133333	3400.476	840722.1	1128938	326.3938	289.0135	278.9063	65616.45	.0301327	.0000509	162.8589	21622.93	362356	62625.73	-44358.18	34912.68	-3856.026	1	1.255053	1.573313	.9405437	.8934399	-.1540745	.9767936	1.638337	-.433935	.6094088	.6918188	.7999689	-1.140118	-1.56049	gck_crispants
InsH2Bfabp_Size_03dpf_VAST01_plate01_GCK_221014_C05	SG634	C05	1	3	1	Size	5	C	insH2Bfabp	Size	GCK	221014	1	3	14oct2022 11:19:10	3.316667	2949.086	673750	962623.9	278.5042	239.9486	213.2813	45219.73	.034561	.0000436	145.4595	21264.04				-81855.96	-45459.08	1	-1.118125	-1.980752	-1.871871	-1.375686	-1.329529	-.9767936	-.8934399	.3957253	.3513149	.6236663				gck_crispants
InsH2Bfabp_Size_03dpf_VAST01_plate01_GCK_221014_C06	SG642	C06	1	3	1	Size	6	C	insH2Bfabp	Size	GCK	221014	1	3	14oct2022 11:28:57	3.466667	2915.54	707814.3	1023545	297.2072	259.3214	237.8906	52816.16	.0229337	.0000105	158.0933	25660.4				-44060.66	24730.18	1	-1.218661	-1.251137	-.9950172	-.8934399	.7234756	.4532765	.1103117	-2.108763	-1.447034	1.119859				gck_crispants
InsH2Bfabp_Size_03dpf_VAST01_plate01_GCK_221014_C08	SG658	C08	1	3	1	Size	8	C	insH2Bfabp	Size	GCK	221014	1	3	14oct2022 11:48:38	3.8	3123.926	774896.3	1087696	282.1649	252.9923	240.625	50303.95	.0336874	4.64e-06	142.6291	34034.42				-155.3118	31307.8	1	-.5031414	-.294066	.0341104	.0593131	.8887273	-1.314104	-.3186394	.2298841	-2.694839	1.84051				gck_crispants
InsH2Bfabp_Size_03dpf_VAST01_plate01_GCK_221014_C09	SG666	C09	1	3	1	Size	9	C	insH2Bfabp	Size	GCK	221014	1	3	14oct2022 11:57:38	3.95	3300.275	802799.7	1113865	312.34	261.5722	233.9068	53743.29	.0328868	.0000443	159.543	9241.333	289202.9	97766.73	2456.825	8134.607	8754.443	1	.4276322	.294066	.206072	.5419719	.2410404	.6580757	.2831954	.1406937	.4082385	-1.007138	-.8599248	.1278027	.3467042	gck_crispants
InsH2Bfabp_Size_03dpf_VAST01_plate01_GCK_221014_C10	SG674	C10	1	3	1	Size	10	C	insH2Bfabp	Size	GCK	221014	1	3	14oct2022 12:07:34	4.116667	3213.545	728749.4	1054140	283.1425	252.6157	235.1563	50124.51	.0326118	.0000402	146.6237	14923.71				-56269.61	-27008.3	1	-.076289	-1.082768	-1.251137	-.4462656	-.8151858	-.8694237	-.3725821	.0526109	.1864235	-.287509				gck_crispants
InsH2Bfabp_Size_03dpf_VAST01_plate01_GCK_221014_C11	SG682	C11	1	3	1	Size	11	C	insH2Bfabp	Size	GCK	221014	1	3	14oct2022 12:32:38	4.533333	3225.253	806747.4	1107883	288.341	252.541	229.024	50094.61	.0314841	.0000102	143.7635	30296.02				20426.32	23500.3	1	-.0084684	.4028279	.7458098	.3907988	.7014965	-1.129371	-.3907988	-.070173	-1.499273	1.480702				gck_crispants
InsH2Bfabp_Size_03dpf_VAST01_plate01_GCK_221014_C12	SG690	C12	1	3	1	Size	12	C	insH2Bfabp	Size	GCK	221014	1	3	14oct2022 13:13:42	5.216667	3166.766	829746.1	1030483	290.2799	231.3527	231.0376	42408.45	.0263335	.0000402		12650.76	690378.4	149984.7	-9346.118	49929.86	-37740.78	1	-.3365098	1.329529	1.289343	-.7966133	-1.082768		-1.218661	-1.235127	.1684908	-.4849142	2.387809	1.225627	-.085073	gck_crispants
InsH2Bfabp_Size_03dpf_VAST01_plate01_GCK_221014_D01	SG603	D01	1	4	1	Size	1	D	insH2Bfabp	Size	GCK	221014	1	3	14oct2022 09:55:05	1.916667	3268.536	737512.2	1122089	292.1065	258.505	243.0664	52517.09	.0325983	.0000424	147.2822	14026.49	331581.4	74797.98	-27274.83	-53622.89	25747.86	0	.1960199	-.8887273	-1.179761	.7286493	.7458098	-.8193489	.0423544	.0350649	.3139999	-.3549491	.4385096	-.6878846	-.7427598	Controls
InsH2Bfabp_Size_03dpf_VAST01_plate01_GCK_221014_D02	SG611	D02	1	4	1	Size	2	D	insH2Bfabp	Size	GCK	221014	1	3	14oct2022 10:06:56	2.1	2917.049	833095.7	1124362	320.7548	281.6914	250.2232	62356.57	.0518855	.0000393	156.9812	13996.58				81052.88	125130.4	0	-1.183815	1.371985	1.781505	.8440372	2.11991	.3025435	1.333303	1.502891	.1327815	-.3745042				Controls
InsH2Bfabp_Size_03dpf_VAST01_plate01_GCK_221014_D04	SG627	D04	1	4	1	Size	4	D	insH2Bfabp	Size	GCK	221014	1	3	14oct2022 11:10:26	3.166667	3096.427	761587.5	1055964	291.3865	260.3472	237.8906	53234.86	.0310943	.0000304	155.5578					-10405.69	7173.656	0	-.7286493	-.5361763	-.2586331	-.3907988	.206072	.1230116	.178783	-.2119221	-.2955083					Controls
InsH2Bfabp_Size_03dpf_VAST01_plate01_GCK_221014_D05	SG635	D05	1	4	1	Size	5	D	insH2Bfabp	Size	GCK	221014	1	3	14oct2022 11:20:05	3.333333	3113.576	816317.8	1051777	308.1121	250.5047	227.1396	49317.02	.0353142	.0000582	159.2786	16359.25	476691.3	115352.2	-9877.763	42417.24	-1751.352	0	-.6222404	.7916386	1.023392	-.5031414	-.0682605	.6364617	-.5031414	.4532765	.8391085	.0182976	1.952765	.7427598	-.1278027	Controls
InsH2Bfabp_Size_03dpf_VAST01_plate01_GCK_221014_D06	SG643	D06	1	4	1	Size	6	D	insH2Bfabp	Size	GCK	221014	1	3	14oct2022 11:29:53	3.483333	3191.43	785124.5	1136534	292.488	255.2365	232.4219	51171.27	.0362548	.0000357	149.6713	21802.37	302272.3	77818.6	-19576.97	2565.159	61496.12	0	-.1960199	.0170527	.1196481	1.087022	1.781505	-.5324627	-.178783	.5733119	-.0088263	.7271186	-.2577366	-.4385096	-.4857863	Controls
InsH2Bfabp_Size_03dpf_VAST01_plate01_GCK_221014_D07	SG651	D07	1	4	1	Size	7	D	insH2Bfabp	Size	GCK	221014	1	3	14oct2022 11:40:01	3.666667	3314.303	814463.5	1086350	346.0731	310.1133	288.4443	75545.66	.020435	5.53e-06	171.2737	13428.34	419867.6	92024.54	-24137.28	18238.22	-22635.89	0	.5419719	.7014965	.6585199	.0084684	-.6374841	2.108763	2.321307	-2.697177	-2.10592	-.3942037	1.56049	-.1707672	-.6878846	Controls
InsH2Bfabp_Size_03dpf_VAST01_plate01_GCK_221014_D08	SG659	D08	1	4	1	Size	8	D	insH2Bfabp	Size	GCK	221014	1	3	14oct2022 11:49:37	3.816667	3393.68	797894.9	1106508	284.1759	241.6324	217.6886	45877.69	.0260808	.0000411	150.4199	17316.29				-7158.613	-24408.68	0	1.087022	.1886844	-.1196481	.3544883	-.7234756	-.4147544	-.8200946	-1.356862	.2588193	.1284281				Controls
InsH2Bfabp_Size_03dpf_VAST01_plate01_GCK_221014_D09	SG667	D09	1	4	1	Size	9	D	insH2Bfabp	Size	GCK	221014	1	3	14oct2022 11:59:12	3.983333	3115.354	676471.6	1069961	278.7765	240.2511	220.0306	45339.36	.0364289	.0000307	146.7738	20277.1				-97626.68	15941.09	0	-.5816376	-1.781505	-2.318758	-.1960199	.5165903	-.8441217	-.8561915	.6151411	-.2406077	.4140573				Controls
InsH2Bfabp_Size_03dpf_VAST01_plate01_GCK_221014_D10	SG675	D10	1	4	1	Size	10	D	insH2Bfabp	Size	GCK	221014	1	3	14oct2022 12:08:59	4.133333	3362.01	747979.8	1090806	284.4213	255.3765	237.8906	51231.08	.0411119	.0000499	151.0281	18542.48	287737.4	76756.9	-18319.14	-53551.45	-31360.29	0	.918976	-.7234756	-1.146228	.0932869	-.9405437	-.3209454	-.161599	1.034935	.5882894	.2213531	-1.06222	-.4857863	-.3467042	Controls
InsH2Bfabp_Size_03dpf_VAST01_plate01_GCK_221014_D11	SG683	D11	1	4	1	Size	11	D	insH2Bfabp	Size	GCK	221014	1	3	14oct2022 12:34:09	4.566667	3404.715	798283.7	1291962	323.1623	276.3507	257.0313	60053.71	.0296722	.0000157	158.0363	4216.919	402431.6	171129.2	57749.83	-7997.125	157997.1	0	1.420695	.206072	-.1886844	2.708601	2.706351	.4147544	1.150349	-.4532765	-1.060907	-1.480702	1.140118	1.430609	1.321182	Controls
InsH2Bfabp_Size_03dpf_VAST01_plate01_GCK_221014_D12	SG691	D12	1	4	1	Size	12	D	insH2Bfabp	Size	GCK	221014	1	3	14oct2022 13:14:41	5.233333	3185.448	775584.1	1067210	293.2352	263.4476	248.8281	54580.69	.03692	.0000419	156.5241	11215.21				-6309.935	-6176.124	0	-.2133152	-.2586331	-.085363	-.2306747	-.2586331	.2298841	.4462656	.7022593	.2771172	-.6015928				Controls
InsH2Bfabp_Size_03dpf_VAST01_plate01_GCK_221014_E01	SG604	E01	1	5	1	Size	1	E	insH2Bfabp	Size	GCK	221014	1	3	14oct2022 09:56:05	1.933333	3171.439	778515	1057250	302.3083	256.7065	220.7898	51769.41	.047569	.0000212	143.6674	7327.271				-1821.009	-12264.87	1	-.3008702	-.1540745	-.0170527	-.3725821	-.4028279	-1.163183	-.0593131	1.356862	-.7195031	-1.210004				gck_crispants
InsH2Bfabp_Size_03dpf_VAST01_plate01_GCK_221014_E02	SG612	E02	1	5	1	Size	2	E	insH2Bfabp	Size	GCK	221014	1	3	14oct2022 10:07:52	2.116667	2812.134	676411.8	996598.5	277.0445	235.9841	216.9858	43754.27	.043722	.000139	140.5133	20964.96	295393.7	105901.5	9603.64	-63962.48	26352.9	1	-1.420695	-1.871871	-1.41707	-1.218661	.8151858	-1.502891	-.999469	1.096804	1.555957	.5370387	-.5838488	.3019215	.4857863	gck_crispants
InsH2Bfabp_Size_03dpf_VAST01_plate01_GCK_221014_E03	SG620	E03	1	5	1	Size	3	E	insH2Bfabp	Size	GCK	221014	1	3	14oct2022 11:01:37	3.016667	3287.684	748637.7	1108362	302.8337	259.9546	232.4219	53085.33	.0364007	.0000575	145.5966	4037.476				-44626.96	6730.389	1	.3186394	-.6798513	-1.023392	.4091461	.1713538	-.9489278	.161599	.5940965	.7899149	-1.537841				gck_crispants
InsH2Bfabp_Size_03dpf_VAST01_plate01_GCK_221014_E04	SG628	E04	1	5	1	Size	4	E	insH2Bfabp	Size	GCK	221014	1	3	14oct2022 11:11:47	3.183333	3209.579	726775.5	1055396	271.0407	242.6965	226.9531	46266.48	.0313335	.0000265	140.5695	5293.579	310616.5	114126	15398.82	-57802.36	-24656.36	1	-.1103117	-1.113937	-1.329529	-.4276322	-.7685224	-1.402255	-.7735631	-.1230116	-.4469245	-1.379037	0	.5341752	.7427598	gck_crispants
InsH2Bfabp_Size_03dpf_VAST01_plate01_GCK_221014_E05	SG636	E05	1	5	1	Size	5	E	insH2Bfabp	Size	GCK	221014	1	3	14oct2022 11:21:33	3.35	2630.105	683739	916806	247.0198	216.5693	207.2953	36845.7	.0553236	.000287	133.6854	15581.67	192273.6	79971.92	130.3271	-36390.02	-3148.171	1	-2.321307	-1.703709	-.7916386	-1.874869	-.136841	-1.969018	-1.706915	1.690622	2.10592	-.1654204	-2.387809	-.3019215	.2577366	gck_crispants
InsH2Bfabp_Size_03dpf_VAST01_plate01_GCK_221014_E07	SG652	E07	1	5	1	Size	7	E	insH2Bfabp	Size	GCK	221014	1	3	14oct2022 11:41:25	3.683333	3366.709	771277.4	1104653	299.9081	268.5971	243.6819	56734.01	.0271326	.0000161	163.4198	20665.89				-30776.38	-18811.41	1	.9719386	-.3479321	-.6167268	.3365098	-.5559701	1.065359	.6638962	-.9489278	-1.030411	.4952298				gck_crispants
InsH2Bfabp_Size_03dpf_VAST01_plate01_GCK_221014_E08	SG660	E08	1	5	1	Size	8	E	insH2Bfabp	Size	GCK	221014	1	3	14oct2022 11:50:31	3.833333	3337.604	824811.4	1160580	283.3326	251.4923	239.7672	49675.9	.0365327	.0000358	147.82	9091.797				25994.57	45156.21	1	.7286493	1.113937	.8151858	1.468782	1.179761	-.7950689	-.4840105	.6364617	.0088263	-1.038				gck_crispants
InsH2Bfabp_Size_03dpf_VAST01_plate01_GCK_221014_E09	SG668	E09	1	5	1	Size	9	E	insH2Bfabp	Size	GCK	221014	1	3	14oct2022 12:00:09	4	3102.306	764697.9	1100078	279.4616	248.919	232.4219	48748.78	.0441408	.0000321	148.5365	15222.78				-7949.162	49662.54	1	-.6851596	-.477996	-.1713538	.2481039	1.371985	-.7478586	-.5518063	1.19838	-.1864235	-.2213531				gck_crispants
InsH2Bfabp_Size_03dpf_VAST01_plate01_GCK_221014_E10	SG676	E10	1	5	1	Size	10	E	insH2Bfabp	Size	GCK	221014	1	3	14oct2022 12:10:19	4.166667	3152.323		827652.6	298.3951	220.7848		38595.28	.0374348	.0000873	166.8671	9899.292						1	-.4462656			-2.708601		1.768825	-1.576699	.7712489	1.310163	-.8922428				gck_crispants
InsH2Bfabp_Size_03dpf_VAST01_plate01_GCK_221014_E12	SG692	E12	1	5	1	Size	12	E	insH2Bfabp	Size	GCK	221014	1	3	14oct2022 13:16:15	5.266667	3212.791	733624.3	1002191	354.0963	298.6845	275.2742	70072.63	.0302626	.0000287	150.9275	2332.764	288694.5	201754.2	106525.4	-51310.83	-78748.69	1	-.0932869	-.9950172	-1.082768	-1.118125	-2.318758	-.3394567	2.122643	-.3957253	-.3513149	-1.84051	-.9902869	1.952765	1.952765	gck_crispants
InsH2Bfabp_Size_03dpf_VAST01_plate01_GCK_221014_F01	SG605	F01	1	6	1	Size	1	F	insH2Bfabp	Size	GCK	221014	1	3	14oct2022 09:58:03	1.966667	3207.81	836714.5	1037900	313.3598	274.0967	252.4161	59036.87	.0314108	.0000409	166.5704	33316.65	464519	59515.38	-63772.06	52333.4	-41663.35	0	-.1273686	1.41707	1.371985	-.6851596	-1.251137	1.621572	.999469	-.1053679	.2406077	1.748994	1.72379	-1.225627	-2.387809	Controls
InsH2Bfabp_Size_03dpf_VAST01_plate01_GCK_221014_F02	SG613	F02	1	6	1	Size	2	F	insH2Bfabp	Size	GCK	221014	1	3	14oct2022 10:08:48	2.133333	3287.057	754021	1053542	289.0667	246.4579	218.75	47731.93	.0317615	.0000482	162.1668	11723.63	290488.9	125520.6	30005.5	-39173.98	-47916.53	0	.3008702	-.6167268	-.9143286	-.4650553	-1.371985	.8193489	-.6429288	-.0526109	.5062573	-.526501	-.7427598	.8599248	1.06222	Controls
InsH2Bfabp_Size_03dpf_VAST01_plate01_GCK_221014_F03	SG621	F03	1	6	1	Size	3	F	insH2Bfabp	Size	GCK	221014	1	3	14oct2022 11:02:36	3.033333	3165.504	778784.2	1093648	297.5781	253.3014	226.5659	50393.68	.0224279	.000018	164.288	19888.3	309121.1	63463.13	-35025.39	-891.6461	25772.21	0	-.3544883	-.136841	0	.161599	.7916386	1.235127	-.3008702	-2.308362	-.9721299	.3745042	-.042498	-1.06222	-1.140118	Controls
InsH2Bfabp_Size_03dpf_VAST01_plate01_GCK_221014_F04	SG629	F04	1	6	1	Size	4	F	insH2Bfabp	Size	GCK	221014	1	3	14oct2022 11:13:03	3.216667	3161.381	750850.8	1034760	266.7343	234.8969	211.8303	43335.57	.0334723	.0000536	158.356	28531.49				-28366.46	-31976.04	0	-.4091461	-.6585199	-.5759842	-.7509168	-.9674216	.4727891	-1.056937	.1940281	.6968199	1.289915				Controls
InsH2Bfabp_Size_03dpf_VAST01_plate01_GCK_221014_F05	SG637	F05	1	6	1	Size	5	F	insH2Bfabp	Size	GCK	221014	1	3	14oct2022 11:22:37	3.366667	3054.159	701384.3	1043942	314.0528	262.0186	229.6875	53952.64	.0321363	.0000358	145.3743	16957.4				-65907.93	6828.748	0	-.8934399	-1.371985	-1.517059	-.5816376	.1886844	-1.005439	.3097425	-.0175298	.0264816	.0732517				Controls
InsH2Bfabp_Size_03dpf_VAST01_plate01_GCK_221014_F06	SG645	F06	1	6	1	Size	6	F	insH2Bfabp	Size	GCK	221014	1	3	14oct2022 11:32:22	3.533333	3309.153	812549.4	1102650	301.6399	268.1605	257.0313	56494.75	.0277072	.0000119	162.2218	11155.4				16896.96	-4913.619	0	.4650553	.6167268	.5759842	.3008702	-.223522	.8441217	.6429288	-.8441217	-1.125061	-.6236663				Controls
InsH2Bfabp_Size_03dpf_VAST01_plate01_GCK_221014_F07	SG653	F07	1	6	1	Size	7	F	insH2Bfabp	Size	GCK	221014	1	3	14oct2022 11:42:21	3.7	3107.27	735957	1068884	303.4664	259.0273	234.1138	52696.53	.0360887	.0000304	160.5914	18961.18				-37242.06	17098	0	-.6638962	-.9405437	-.8151858	-.2133152	.5962318	.7478586	.076289	.5527719	-.2588193	.2779876				Controls
InsH2Bfabp_Size_03dpf_VAST01_plate01_GCK_221014_F08	SG661	F08	1	6	1	Size	8	F	insH2Bfabp	Size	GCK	221014	1	3	14oct2022 11:52:07	3.866667	3428.462	823555.3	1113267	298.9613	265.1276	247.807	55208.74	.0312544	.0000476	160.8195	26946.41				14633.36	-27259.39	0	1.706915	1.052616	.4028279	.5224582	-.8636957	.7712489	.5419719	-.15842	.4862914	1.1728				Controls
InsH2Bfabp_Size_03dpf_VAST01_plate01_GCK_221014_F09	SG669	F09	1	6	1	Size	9	F	insH2Bfabp	Size	GCK	221014	1	3	14oct2022 12:01:51	4.016667	3016.428	692412.1	1040173	288.751	253.6606	235.1563	50543.21	.0417379	.0000382	149.3414	17555.54				-70683.64	13484.82	0	-.999469	-1.517059	-1.635039	-.601815	.4213913	-.6151411	-.2393802	1.065359	.114993	.1468991				Controls
InsH2Bfabp_Size_03dpf_VAST01_plate01_GCK_221014_F11	SG685	F11	1	6	1	Size	11	F	insH2Bfabp	Size	GCK	221014	1	3	14oct2022 12:36:19	4.6	3273.226	760540.8	1109409	268.3881	241.9828	224.2188	45997.31	.0279623	.0000107	151.7377	20845.34				-31115.92	11771.56	0	.2306747	-.5559701	-.6798513	.4840105	.3479321	-.2298841	-.7966133	-.7248705	-1.352998	.5160215				Controls
InsH2Bfabp_Size_03dpf_VAST01_plate01_GCK_221014_F12	SG693	F12	1	6	1	Size	12	F	insH2Bfabp	Size	GCK	221014	1	3	14oct2022 13:17:43	5.283333	3200.344	783330.1	1136445	294.3188	263.7355	244.991	54670.41	.0351933	.0000283	151.7137	24793.09				-220.696	58943.7	0	-.161599	-.0170527	.0170527	1.056937	1.635039	-.2479206	.4650553	.433935	-.3701542	1.007138				Controls
InsH2Bfabp_Size_03dpf_VAST01_plate01_GCK_221014_G02	SG614	G02	1	7	1	Size	2	G	insH2Bfabp	Size	GCK	221014	1	3	14oct2022 10:09:53	2.15	2914.316	690767.2	939565.4	286.2784	249.3628	229.6875	48838.5	.0398341	.0000482	145.3502	3678.589				-60971.64	-58911.12	1	-1.255053	-1.635039	-1.371985	-1.520528	-1.703709	-1.034935	-.5224582	.92178	.526427	-1.600494				gck_crispants
InsH2Bfabp_Size_03dpf_VAST01_plate01_GCK_221014_G03	SG622	G03	1	7	1	Size	3	G	insH2Bfabp	Size	GCK	221014	1	3	14oct2022 11:03:49	3.05	3232.476	770739.1	1062544	294.0744	256.0609	234.683	51500.24	.0512983	.0001251	154.4125		331641.3	78566.28	-23516.08	-16385.29	-23834.44	1	.0423544	-.3661064	-.3661064	-.2831954	-.6798513	.0175298	-.0932869	1.450737	1.499273		.4857863	-.3921935	-.6350072	gck_crispants
InsH2Bfabp_Size_03dpf_VAST01_plate01_GCK_221014_G04	SG630	G04	1	7	1	Size	4	G	insH2Bfabp	Size	GCK	221014	1	3	14oct2022 11:13:58	3.216667	3022.027	730424.2	1009578	282.3625	245.4366	229.6875	47313.23	.0291677	.0000579	158.7331					-33294.2	-18656.91	1	-.9451259	-1.052616	-.7234756	-.999469	-.5361763	.5733119	-.7067373	-.5527719	.8142654					gck_crispants
InsH2Bfabp_Size_03dpf_VAST01_plate01_GCK_221014_G05	SG638	G05	1	7	1	Size	5	G	insH2Bfabp	Size	GCK	221014	1	3	14oct2022 11:23:53	3.383333	3177.251	781745	1064578	301.0062	258.0428	232.4219	52337.65	.0338507	.0000352	156.4638	29279.18	235250.3	73541.87	-13158.09	762.5814	-6543.376	1	-.2831954	-.085363	.0682605	-.2656088	-.2763062	.2119221	-.0084684	.2842435	-.0264816	1.428025	-1.72379	-.7999689	-.2140495	gck_crispants
InsH2Bfabp_Size_03dpf_VAST01_plate01_GCK_221014_G06	SG646	G06	1	7	1	Size	6	G	insH2Bfabp	Size	GCK	221014	1	3	14oct2022 11:33:36	3.55	3495.687	784915.2	1082044	341.1686	283.6188	248.8769	63193.97	.0304035	.0000522	157.6297	1106.567	341211.6	129827.3	26217.65	-31483.48	-77055.53	1	2.321307	0	-.7014965	-.0932869	-1.871871	.3768384	1.420695	-.358085	.6744897	-1.950682	.5838488	.9902869	.9231439	gck_crispants
InsH2Bfabp_Size_03dpf_VAST01_plate01_GCK_221014_G07	SG654	G07	1	7	1	Size	7	G	insH2Bfabp	Size	GCK	221014	1	3	14oct2022 11:43:20	3.716667	3321.191	814343.9	1108422	281.7595	251.6245	235.1563	49735.72	.0290195	5.00e-06	162.4468					17352.55	-2467.334	1	.6222404	.6798513	.5962318	.4276322	-.1196481	.8952951	-.4556403	-.5733119	-2.305712					gck_crispants
InsH2Bfabp_Size_03dpf_VAST01_plate01_GCK_221014_G08	SG662	G08	1	7	1	Size	8	G	insH2Bfabp	Size	GCK	221014	1	3	14oct2022 11:53:49	3.883333	3428.514	823345.9	1144580	292.4165	260.7503	239.8871	53444.21	.0252857	.0000334	162.6513	10856.32				14418.2	4039.121	1	1.784612	1.023392	.3844023	1.218661	.0682605	.92178	.2133152	-1.402255	-.1327815	-.6687583				gck_crispants
InsH2Bfabp_Size_03dpf_VAST01_plate01_GCK_221014_G09	SG670	G09	1	7	1	Size	9	G	insH2Bfabp	Size	GCK	221014	1	3	14oct2022 12:03:03	4.05	2751.245	734700.9	1005900	212.3999	180.6885	170.1243	25660.4	.0534663	.0002717	136.3727	29069.82				1098.712	52476.54	1	-1.576699	-.9674216	.085363	-1.087022	1.517059	-1.768825	-2.321307	1.559487	1.966025	1.333153				gck_crispants
InsH2Bfabp_Size_03dpf_VAST01_plate01_GCK_221014_G10	SG678	G10	1	7	1	Size	10	G	insH2Bfabp	Size	GCK	221014	1	3	14oct2022 12:13:46	4.216667	2963.006	826306.8	984964.6	312.5026	251.5471	211.6637	49735.72	.0801505	.0003201	150.8828	14833.98				69152.63	-26964.16	1	-1.087022	1.179761	1.573313	-1.255053	-.7916386	-.358085	-.4556403	2.108763	2.305712	-.3162341				gck_crispants
InsH2Bfabp_Size_03dpf_VAST01_plate01_GCK_221014_G11	SG686	G11	1	7	1	Size	11	G	insH2Bfabp	Size	GCK	221014	1	3	14oct2022 12:37:48	4.616667	2675.064	817663.6	1023605	290.6692	225.3053	191.6343	39896.24			152.5139	37802.73	400427.8	179772.3	66712.79	92534.2	91229.15	1	-1.706915	.8636957	1.871871	-.8684736	1.980752	-.1761961	-1.420695			2.292136	1.06222	1.56049	1.56049	gck_crispants
InsH2Bfabp_Size_03dpf_VAST01_plate01_GCK_221014_G12	SG694	G12	1	7	1	Size	12	G	insH2Bfabp	Size	GCK	221014	1	3	14oct2022 13:18:38	5.3	3004.834	755815.4	1039007	235.0027	199.2241	173.4689	31342.77			152.9884	628.0518				-5990.847	15521.66	1	-1.027779	-.5962318	-.0682605	-.6638962	.4589661	-.0877569	-2.122643			-2.292136				gck_crispants
InsH2Bfabp_Size_03dpf_VAST01_plate01_GCK_221014_H01	SG607	H01	1	8	1	Size	1	H	insH2Bfabp	Size	GCK	221014	1	3	14oct2022 10:00:45	2	3309.847	778455.2	1124302	300.0242	269.3056	254.2969	56973.27	.0407059	.0000335	151.0822	21174.32				-17274.46	16547.56	0	.5031414	-.1713538	-.3844023	.8200946	.5559701	-.3025435	.7397372	.9767936	-.114993	.5582959				Controls
InsH2Bfabp_Size_03dpf_VAST01_plate01_GCK_221014_H02	SG615	H02	1	8	1	Size	2	H	insH2Bfabp	Size	GCK	221014	1	3	14oct2022 10:11:29	2.183333	2841.572	657271.1	900536.5	239.11	209.6037	191.3667	34512.94	.0324679	.0000769	153.014	16957.4				-86377.22	-77842.36	0	-1.375686	-2.11991	-1.980752	-1.983628	-2.11991	-.070173	-1.983628	.0175298	1.158944	.0732517				Controls
InsH2Bfabp_Size_03dpf_VAST01_plate01_GCK_221014_H03	SG623	H03	1	8	1	Size	3	H	insH2Bfabp	Size	GCK	221014	1	3	14oct2022 11:04:48	3.066667	3110.028	821850.6	1000845	343.2006	297.0835	278.4233	69324.95	.0344489	.0000567	163.4567	10706.79	403149.4	52128.3	-61365.58	48344.75	-51702.94	0	-.6429288	.9143286	1.251137	-1.150349	-1.573313	1.096804	1.874869	.358085	.7660241	-.6918188	1.321182	-1.952765	-1.952765	Controls
InsH2Bfabp_Size_03dpf_VAST01_plate01_GCK_221014_H04	SG631	H04	1	8	1	Size	4	H	insH2Bfabp	Size	GCK	221014	1	3	14oct2022 11:14:58	3.233333	3230.381	920783.7	1035328	367.218	296.3864	281.5594	68995.97	.0342882	.0000304	163.5446	5951.538				133892.2	-50471.46	0	.0254078	2.706351	2.318758	-.7286493	-1.465234	1.129371	1.706915	.3394567	-.2771172	-1.289915				Controls
InsH2Bfabp_Size_03dpf_VAST01_plate01_GCK_221014_H05	SG639	H05	1	8	1	Size	5	H	insH2Bfabp	Size	GCK	221014	1	3	14oct2022 11:25:30	3.416667	3180.992	796489.3	1082911	309.4196	283.7878	277.3136	63283.69	.0382759	.0000318	157.0828	19021	289173	115127.9	19822.74	15090.76	10756.19	0	-.2481039	.1540745	.477996	-.076289	.294066	.3394567	1.468782	.8441217	-.2044163	.2970565	-.9231439	.6878846	.8599248	Controls
InsH2Bfabp_Size_03dpf_VAST01_plate01_GCK_221014_H07	SG655	H07	1	8	1	Size	7	H	insH2Bfabp	Size	GCK	221014	1	3	14oct2022 11:44:38	3.733333	3252.53	751030.3	1094844	294.9065	263.1366	250.5414	54401.25	.0342084	.0000435	152.5505	23776.25				-38324.59	2924.698	0	.1444627	-.6374841	-.8636957	.178783	.0341104	-.15842	.3999556	.3209454	.3325995	.8653234				Controls
InsH2Bfabp_Size_03dpf_VAST01_plate01_GCK_221014_H08	SG663	H08	1	8	1	Size	8	H	insH2Bfabp	Size	GCK	221014	1	3	14oct2022 11:54:46	3.9	2583.155	838897.7	936006.5	271.1491	220.0503	191.4063	38101.8			130.8537	24494.02				123990.4	29023.69	0	-2.708601	1.517059	2.11991	-1.576699	.8391938	-2.108763	-1.638337			.9481252				Controls
InsH2Bfabp_Size_03dpf_VAST01_plate01_GCK_221014_H09	SG671	H09	1	8	1	Size	9	H	insH2Bfabp	Size	GCK	221014	1	3	14oct2022 12:03:57	4.05	3315.133	742805.8	1084765	292.5292	256.6287	239.7672	51739.5	.0314268	.00002		15671.39	310975.3	84547.73	-14236.7	-53511.7	-24450.15	0	.5616943	-.8391938	-1.113937	-.0254078	-.7458098		-.076289	-.0877569	-.8142654	-.1468991	.042498	-.2577366	-.2577366	Controls
InsH2Bfabp_Size_03dpf_VAST01_plate01_GCK_221014_H10	SG679	H10	1	8	1	Size	10	H	insH2Bfabp	Size	GCK	221014	1	3	14oct2022 12:14:51	4.233333	3227.251	743344.1	1039785	280.1007	248.9865	229.6875	48718.87	.026373	.0000349	158.5653	10018.92	306339.7	105662.2	7617.577	-43199.27	-45150.54	0	.0084684	-.8151858	-.9674216	-.6222404	-1.289343	.5324627	-.5816376	-1.163183	-.0618224	-.8520964	-.1707672	.2577366	.4385096	Controls
InsH2Bfabp_Size_03dpf_VAST01_plate01_GCK_221014_H11	SG687	H11	1	8	1	Size	11	H	insH2Bfabp	Size	GCK	221014	1	3	14oct2022 12:39:05	4.65	3282.353	803367.9	1131989	292.8545	260.5567	237.8906	53354.49	.0360364	.000026	149.6685	20396.73				10696.17	31829.82	0	.2831954	.3298721	.3298721	.918976	.9143286	-.5527719	.1960199	.5324627	-.5062573	.47465				Controls
InsH2Bfabp_Size_03dpf_VAST01_plate01_GCK_221014_H12	SG695	H12	1	8	1	Size	12	H	insH2Bfabp	Size	GCK	221014	1	3	14oct2022 13:20:03	5.333333	3386.586	819009.4	1174905	304.7801	262.1843	237.8906	54072.27	.0250905	.0000218	160.2894	22729.49				14744.91	45949.08	0	1.056937	.8887273	.440101	1.784612	1.329529	.7022593	.3454851	-1.559487	-.6744897	.8390169				Controls
InsH2Bfabp_Size_03dpf_VAST01_plate02_GCK_221014_A01	SG696	A01	1	1	2	Size	1	A	insH2Bfabp	Size	GCK	221014	1	3	14oct2022 13:23:33	5.383333	3384.219	814194.3	1114762	299.3667	262.8195	232.4219	54251.71	.0310861	.0000655	143.3755		330803.8	129348.8	27400.03	10193.09	-13540.35	1	1.027779	.6585199	.2763062	.6119958	-.4213913	-1.19838	.3725821	-.2298841	.9441942		.3921935	.9231439	.9902869	gck_crispants
InsH2Bfabp_Size_03dpf_VAST01_plate02_GCK_221014_A04	SG720	A04	1	1	2	Size	4	A	insH2Bfabp	Size	GCK	221014	1	3	14oct2022 13:57:28	5.95	3128.339	732547.6	1006259	287.3431	253.5845	229.024	50513.3	.0340032	.0000635	149.8088	11304.93				-42994.81	-51348.9	1	-.4840105	-1.023392	-.9405437	-1.056937	-1.517059	-.4924834	-.2656088	.3025435	.9169766	-.5798085				gck_crispants
InsH2Bfabp_Size_03dpf_VAST01_plate02_GCK_221014_A05	SG728	A05	1	1	2	Size	5	A	insH2Bfabp	Size	GCK	221014	1	3	14oct2022 14:06:14	6.1	3291.449	808392.3	1136206	303.3653	275.041	257.0313	59425.66	.0303702	.0000198	149.6237	24763.18	316224.1	93370.36	-6251.675	14708.93	33533.84	1	.3544883	.440101	.4213913	1.027779	.9674216	-.5733119	1.056937	-.3768384	-.8644806	.9772061	.1278027	-.085073	-.042498	gck_crispants
InsH2Bfabp_Size_03dpf_VAST01_plate02_GCK_221014_A06	SG736	A06	1	1	2	Size	6	A	insH2Bfabp	Size	GCK	221014	1	3	14oct2022 14:16:15	6.266667	3400.188	798702.4	1108930	296.4349	259.0956	244.9675	52726.44	.0284211	.0000166	155.8857	10108.64				-7074.99	-23784.5	1	1.183815	.2586331	-.1024905	.4650553	-.6585199	.15842	.0932869	-.6580757	-1.000846	-.8132785				gck_crispants
InsH2Bfabp_Size_03dpf_VAST01_plate02_GCK_221014_A07	SG744	A07	1	1	2	Size	7	A	insH2Bfabp	Size	GCK	221014	1	3	14oct2022 14:29:21	6.483333	2810.781	782731.9	1021272	288.8726	224.3105	183.9662	39776.61	.0565858	.0000666	148.9333					42508.19	51400.21	1	-1.468782	-.0341104	1.052616	-.918976	1.465234	-.6800015	-1.468782	1.768825	.9721299					gck_crispants
InsH2Bfabp_Size_03dpf_VAST01_plate02_GCK_221014_A09	SG760	A09	1	2	2	Size	9	A	insH2Bfabp	Size	GCK	221014	1	3	14oct2022 14:48:34	6.8	3317.96	850412	1114164	340.5583	296.4814	283.3626	69085.7	.0263348	7.73e-06	162.388	22101.44				53780	4167.504	0	.5816376	1.703709	1.41707	.5616943	.085363	.8694237	1.784612	-1.19838	-1.765589	.788068				Controls
InsH2Bfabp_Size_03dpf_VAST01_plate02_GCK_221014_B01	SG697	B01	1	2	2	Size	1	B	insH2Bfabp	Size	GCK	221014	1	3	14oct2022 13:24:30	5.4	2702.759	702012.3	935737.3	268.1406	233.349	218.5869	42767.34	.0569645	.0001124	139.0773	15880.74				-26197.29	-4289.938	0	-1.638337	-1.329529	-.5361763	-1.638337	-.1713538	-1.621572	-1.118125	1.859636	1.352998	-.0366013				Controls
InsH2Bfabp_Size_03dpf_VAST01_plate02_GCK_221014_B02	SG705	B02	1	2	2	Size	2	B	insH2Bfabp	Size	GCK	221014	1	3	14oct2022 13:36:01	5.6	3394.336	815151.4	1160341	307.6244	266.484	245.843	55776.98	.0277157	.000042	165.5475	4306.641				10024.9	29243.01	0	1.118125	.7234756	.2586331	1.420695	.8636957	1.402255	.601815	-.8193489	.2955083	-1.428025				Controls
InsH2Bfabp_Size_03dpf_VAST01_plate02_GCK_221014_B03	SG713	B03	1	2	2	Size	3	B	insH2Bfabp	Size	GCK	221014	1	3	14oct2022 13:46:38	5.766667	3406.791	802351.1	1132497	296.5085	266.2211	251.5625	55687.26	.0311079	.0000461	157.167	18034.06				-4160.634	-2041.664	0	1.468782	.2763062	-.051178	.9451259	-.1024905	.358085	.5816376	-.1761961	.4469245	.1839985				Controls
InsH2Bfabp_Size_03dpf_VAST01_plate02_GCK_221014_B04	SG721	B04	1	2	2	Size	4	B	insH2Bfabp	Size	GCK	221014	1	3	14oct2022 13:58:47	5.966667	3469.158	853103.6	1201732	301.3858	271.6485	253.3569	58020.02	.027109	.0000346	163.3934	10168.46	358587.7	75366.21	-31016.35	39655.54	49962.66	0	2.122643	1.781505	.9950172	2.321307	1.41707	1.034935	.8684736	-.9767936	-.0795191	-.788068	.7427598	-.5838488	-1.06222	Controls
InsH2Bfabp_Size_03dpf_VAST01_plate02_GCK_221014_B05	SG729	B05	1	2	2	Size	5	B	insH2Bfabp	Size	GCK	221014	1	3	14oct2022 14:07:45	6.116667	3457.611	822149.7	1174337	323.4881	273.9045	243.3594	58947.14	.0235379	.0000233	166.5797	21204.22	356793.2	93340.45	-12755.74	9985.78	25757.72	0	1.874869	.9405437	.2410404	1.706915	.7685224	1.690622	.9719386	-1.969018	-.5674293	.5798085	.6878846	-.1278027	-.1707672	Controls
InsH2Bfabp_Size_03dpf_VAST01_plate02_GCK_221014_B06	SG737	B06	1	2	2	Size	6	B	insH2Bfabp	Size	GCK	221014	1	3	14oct2022 14:17:28	6.283333	3399.178	812100.8	1166113	295.2829	269.2108	254.2969	56973.27	.0345614	.0000675	163.7539	17256.47	398035.3	110537.1	-2140.635	6435.808	33677.24	0	1.150349	.5759842	.1713538	1.520528	.9950172	1.163183	.7397372	.4147544	1.000846	.1100008	.9902869	.4857863	.1707672	Controls
InsH2Bfabp_Size_03dpf_VAST01_plate02_GCK_221014_B07	SG745	B07	1	2	2	Size	7	B	insH2Bfabp	Size	GCK	221014	1	3	14oct2022 14:30:37	6.5	3019.109	748518.1	970908.2	268.6094	240.2649	221.297	45339.36	.02927	.0000233	158.7511	13338.62	270690.3	52307.74	-40047.87	-14875.82	-56520.86	0	-.9719386	-.7014965	-.3298721	-1.293188	-1.635039	.6151411	-.8561915	-.5123707	-.5882894	-.4140573	-1.225627	-1.72379	-1.321182	Controls
InsH2Bfabp_Size_03dpf_VAST01_plate02_GCK_221014_B08	SG753	B08	1	2	2	Size	8	B	insH2Bfabp	Size	GCK	221014	1	3	14oct2022 14:40:07	6.666667	3414.855	878883.7	1157978	359.4277	297.6024	271.903	69564.21	.027554	.0000268	171.83	5443.115				71475.07	21211.15	0	1.638337	2.11991	1.635039	1.333303	.6374841	2.308362	1.983628	-.8952951	-.4275015	-1.333153				Controls
InsH2Bfabp_Size_03dpf_VAST01_plate02_GCK_221014_B09	SG761	B09	1	2	2	Size	9	B	insH2Bfabp	Size	GCK	221014	1	3	14oct2022 14:49:58	6.816667	3344.53	792302.3	1027852	310.9655	277.2335	266.6892	60412.6	.0262657	.000028	166.2605	32090.45				-7284.782	-89485.44	0	.8200946	.1196481	-.136841	-.8200946	-2.706351	1.502891	1.218661	-1.314104	-.4082385	1.600494				Controls
InsH2Bfabp_Size_03dpf_VAST01_plate02_GCK_221014_B10	SG769	B10	1	2	2	Size	10	B	insH2Bfabp	Size	GCK	221014	1	3	14oct2022 14:59:07	6.983333	3308.887	909389.1	1092421	389.8302	319.2578	298.8636	80181.27	.0243863	7.05e-06	167.4729					113766.2	-15068.21	0	.4462656	2.318758	1.980752	.1273686	-.4589661	1.969018	2.708601	-1.768825	-1.856514					Controls
InsH2Bfabp_Size_03dpf_VAST01_plate02_GCK_221014_C01	SG698	C01	1	3	2	Size	1	C	insH2Bfabp	Size	GCK	221014	1	3	14oct2022 13:25:56	5.416667	3183.104	747112.4	1055635	302.0437	262.0963	240.1518	53952.64	.0468311	.0000779	144.0347	21593.02	301674.2	94267.58	-3032.538	-34520.93	-17102.65	1	-.2306747	-.7458098	-.7458098	-.4091461	-.4972006	-1.096804	.3097425	1.314104	1.231035	.6687583	-.3019215	-.0212442	.1278027	gck_crispants
InsH2Bfabp_Size_03dpf_VAST01_plate02_GCK_221014_C02	SG706	C02	1	3	2	Size	2	C	insH2Bfabp	Size	GCK	221014	1	3	14oct2022 13:37:26	5.616667	3328.242	773371	1102111	303.4664	261.1021	246.0938	53563.84	.033599	.0000288	146.091	18392.95				-24404.53	-10725.78	1	.6429288	-.3298721	-.4972006	.2831954	-.3844023	-.92178	.2656088	.2119221	-.3325995	.2026405				gck_crispants
InsH2Bfabp_Size_03dpf_VAST01_plate02_GCK_221014_C03	SG714	C03	1	3	2	Size	3	C	insH2Bfabp	Size	GCK	221014	1	3	14oct2022 13:47:46	5.783333	3215.561	746275	1080817	286.7455	255.7139	235.1563	51410.52	.0278729	.0000195	154.3615	18901.37				-38968.14	-887.864	1	-.0593131	-.7685224	-.8887273	-.1444627	-.0341104	0	-.1188359	-.7478586	-.8904218	.2590192				gck_crispants
InsH2Bfabp_Size_03dpf_VAST01_plate02_GCK_221014_C04	SG722	C04	1	3	2	Size	4	C	insH2Bfabp	Size	GCK	221014	1	3	14oct2022 13:59:47	5.983333	2641.675	780070.2	883369.8				35798.95	.0438345			15462.04	368217.8	108189.4	270.0235	58654.37	-39780.96	1	-1.983628	-.1024905	1.465234	-2.122643	-1.146228		-1.874869	1.129371		-.1839985	.8599248	.4385096	.3019215	gck_crispants
InsH2Bfabp_Size_03dpf_VAST01_plate02_GCK_221014_C05	SG730	C05	1	3	2	Size	5	C	insH2Bfabp	Size	GCK	221014	1	3	14oct2022 14:08:58	6.133333	3358.486	777647.7	1083838	314.5216	277.4297	254.479	60472.41	.0279648	.0000343	156.0584	6669.312	298339.5	160542	63774.04	-23491.53	-37354.93	1	.8934399	-.1886844	-.477996	-.0593131	-1.052616	.1940281	1.255053	-.7022593	-.0972407	-1.248962	-.4857863	1.321182	1.430609	gck_crispants
InsH2Bfabp_Size_03dpf_VAST01_plate02_GCK_221014_C06	SG738	C06	1	3	2	Size	6	C	insH2Bfabp	Size	GCK	221014	1	3	14oct2022 14:18:31	6.3	3042.143	691395.3	1012479	264.6431	233.431	215.8282	42797.24	.0653376	.0002172	139.7657	7357.178	237104.5	57062.99	-29932.88	-74560.45	-21313.66	1	-.918976	-1.573313	-1.781505	-.9719386	-.5759842	-1.559487	-1.087022	1.969018	1.765589	-1.1728	-1.56049	-1.321182	-.8599248	gck_crispants
InsH2Bfabp_Size_03dpf_VAST01_plate02_GCK_221014_C07	SG746	C07	1	3	2	Size	7	C	insH2Bfabp	Size	GCK	221014	1	3	14oct2022 14:31:48	6.516667	3278.482	776929.9	1085274	288.6029	252.9274	232.4219	50244.14	.033039	.0000264	146.0955	9660.034				-15311.29	-13815.67	1	.2656088	-.223522	-.3479321	-.0084684	-.440101	-.8952951	-.3365098	.15842	-.4665176	-.919825				gck_crispants
InsH2Bfabp_Size_03dpf_VAST01_plate02_GCK_221014_C09	SG762	C09	1	3	2	Size	9	C	insH2Bfabp	Size	GCK	221014	1	3	14oct2022 14:51:22	6.85	3414.448	829058.3	1143024	275.9166	249.134	237.1287	48748.78	.0312948	.0000112	149.7162	29159.55				21694.92	6370.032	1	1.576699	1.289343	.7916386	1.183815	.136841	-.5123707	-.5518063	-.1406937	-1.231035	1.379037				gck_crispants
InsH2Bfabp_Size_03dpf_VAST01_plate02_GCK_221014_C10	SG770	C10	1	3	2	Size	10	C	insH2Bfabp	Size	GCK	221014	1	3	14oct2022 15:00:17	7	2850.199	774058.8	958466.8	286.3255	237.2623	205.7706	44232.79			136.642	19439.7				29451.04	-22295.38	1	-1.333303	-.3119191	.8636957	-1.468782	-.6167268	-1.690622	-.9719386			.3355287				gck_crispants
InsH2Bfabp_Size_03dpf_VAST01_plate02_GCK_221014_D01	SG699	D01	1	4	2	Size	1	D	insH2Bfabp	Size	GCK	221014	1	3	14oct2022 13:26:57	5.433333	3247.099	828400.3	1135637	316.1367	263.1831	249.7049	54461.06	.032693	.0000114	163.8763	11334.84	403956.9	94267.58	-19355.16	39649.38	45218.53	0	.1103117	1.251137	.9674216	.9719386	1.214676	1.19838	.4276322	.0877569	-1.194214	-.5582959	1.430609	-.0212442	-.4385096	Controls
InsH2Bfabp_Size_03dpf_VAST01_plate02_GCK_221014_D02	SG707	D02	1	4	2	Size	2	D	insH2Bfabp	Size	GCK	221014	1	3	14oct2022 13:38:28	5.633333	3161.625	805551.1	1066043	290.0304	252.8305	229.6875	50214.23	.033217	.0000375	152.8855	15372.31				26306.65	-760.6319	0	-.3907988	.3479321	.8391938	-.2481039	-.0170527	-.1053679	-.3544883	.1761961	.0795191	-.2026405				Controls
InsH2Bfabp_Size_03dpf_VAST01_plate02_GCK_221014_D03	SG715	D03	1	4	2	Size	3	D	insH2Bfabp	Size	GCK	221014	1	3	14oct2022 13:49:12	5.816667	3251.366	837073.4	1127921	295.4815	262.3195	243.3594	54072.27	.0356436	.0000191	157.0108	34154.05				47847.95	36323.55	0	.1273686	1.465234	1.214676	.8684736	1.052616	.3209454	.3454851	.5123707	-.9169766	1.950682				Controls
InsH2Bfabp_Size_03dpf_VAST01_plate02_GCK_221014_D04	SG723	D04	1	4	2	Size	4	D	insH2Bfabp	Size	GCK	221014	1	3	14oct2022 14:00:51	6	3400.356	816138.3	1166232	318.0376	274.9189	251.5625	59365.84	.0277023	.0000232	151.6224	15850.83				10342.32	33471.48	0	1.218661	.7685224	.3119191	1.576699	.9405437	-.2660382	1.027779	-.8694237	-.6094088	-.0732517				Controls
InsH2Bfabp_Size_03dpf_VAST01_plate02_GCK_221014_D05	SG731	D05	1	4	2	Size	5	D	insH2Bfabp	Size	GCK	221014	1	3	14oct2022 14:10:02	6.166667	3118.783	793408.8	1046932	247.7389	215.5495	201.075	36516.72	.0252421	.0000242	172.1437	50692.75	262974.3	75455.93	-15668.32	18929.26	-8034.759	0	-.5616943	.136841	.7234756	-.5616943	-.294066	2.697177	-1.784612	-1.450737	-.526427	2.682873	-1.321182	-.5341752	-.3019215	Controls
InsH2Bfabp_Size_03dpf_VAST01_plate02_GCK_221014_D06	SG739	D06	1	4	2	Size	6	D	insH2Bfabp	Size	GCK	221014	1	3	14oct2022 14:19:43	6.316667	3291.582	812429.8	1086560	285.9352	252.2927	228.2478	50004.88	.0356383	.0000743	155.9287	33226.93				18731.66	-16148.85	0	.3907988	.5962318	.7014965	.0254078	-.477996	.1761961	-.4091461	.4924834	1.092422	1.670146				Controls
InsH2Bfabp_Size_03dpf_VAST01_plate02_GCK_221014_D07	SG747	D07	1	4	2	Size	7	D	insH2Bfabp	Size	GCK	221014	1	3	14oct2022 14:32:54	6.533333	3096.426	817424.3	1062275	284.3933	253.6586	232.6266	50543.21	.0366368	.0000681	155.1811	19858.4				45431.29	13484.44	0	-.7509168	.8391938	1.146228	-.3008702	.4028279	.1053679	-.2393802	.6800015	1.030411	.3549491				Controls
InsH2Bfabp_Size_03dpf_VAST01_plate02_GCK_221014_D08	SG755	D08	1	4	2	Size	8	D	insH2Bfabp	Size	GCK	221014	1	3	14oct2022 14:42:42	6.7	3122.717	720285.6	1006887	283.7232	253.5104	235.1563	50483.4	.0269626	.0000511	167.1495	13159.18				-54631.5	-49167.49	0	-.5224582	-1.146228	-1.214676	-1.027779	-1.41707	1.859636	-.2831954	-1.005439	.6308035	-.4340756				Controls
InsH2Bfabp_Size_03dpf_VAST01_plate02_GCK_221014_D09	SG763	D09	1	4	2	Size	9	D	insH2Bfabp	Size	GCK	221014	1	3	14oct2022 14:52:21	6.866667	3401.86	822359	1149335	306.7621	270.0452	250.88	57302.25	.0304402	9.22e-06	164.5746	10018.92				16395.74	16158.48	0	1.333303	.9674216	.5361763	1.293188	.5361763	1.314104	.7966133	-.3209454	-1.618134	-.8520964				Controls
InsH2Bfabp_Size_03dpf_VAST01_plate02_GCK_221014_D10	SG771	D10	1	4	2	Size	10	D	insH2Bfabp	Size	GCK	221014	1	3	14oct2022 15:01:39	7.016667	3274.135	765744.6	1114762	287.8783	257.7382	242.5975	52188.11	.0296152	.0000351	158.5811	20307.01				-26013.16	16873.74	0	.2481039	-.4589661	-.5165903	.6119958	.5759842	.5527719	-.0254078	-.4727891	-.0441451	.4340756				Controls
InsH2Bfabp_Size_03dpf_VAST01_plate02_GCK_221014_E01	SG700	E01	1	5	2	Size	1	E	insH2Bfabp	Size	GCK	221014	1	3	14oct2022 13:27:57	5.45	3298.747	776630.9	1112728	294.3255	244.8168	219.06	47073.98	.0345054	.0000112	148.9602		305472.4	96929.32	-976.9281	-17864.23	8040.191	1	.4091461	-.2410404	-.4028279	.5031414	.223522	-.6580757	-.7286493	.3768384	-1.269605		-.2140495	.085073	.2140495	gck_crispants
InsH2Bfabp_Size_03dpf_VAST01_plate02_GCK_221014_E02	SG708	E02	1	5	2	Size	2	E	insH2Bfabp	Size	GCK	221014	1	3	14oct2022 13:39:31	5.65	3217.616	738200.1	1091046	293.6698	258.3575	235.1563	52457.27	.0381959	.0000774	149.1411	21234.13				-47271.65	8772.578	1	-.0423544	-.8636957	-1.052616	.1103117	.2586331	-.6364617	.0084684	.8193489	1.194214	.6015928				gck_crispants
InsH2Bfabp_Size_03dpf_VAST01_plate02_GCK_221014_E04	SG724	E04	1	5	2	Size	4	E	insH2Bfabp	Size	GCK	221014	1	3	14oct2022 14:01:50	6.016667	3169.494	824542.3	1084735	281.3465	244.1619	223.5242	46864.63	.0550438	.0001616	161.608	9630.127				44422.65	15757.47	1	-.3186394	1.082768	1.113937	-.0423544	.4972006	.7950689	-.7509168	1.621572	1.618134	-.9481252				gck_crispants
InsH2Bfabp_Size_03dpf_VAST01_plate02_GCK_221014_E05	SG732	E05	1	5	2	Size	5	E	insH2Bfabp	Size	GCK	221014	1	3	14oct2022 14:11:17	6.183333	3180.618	855167.3	1081505	291.772	254.4294	229.6875	50842.29	.0408827	.0000809	141.5054	19200.44				73810.39	9453.965	1	-.2656088	1.871871	1.703709	-.1103117	.2763062	-1.356862	-.1960199	1.005439	1.269605	.3162341				gck_crispants
InsH2Bfabp_Size_03dpf_VAST01_plate02_GCK_221014_E06	SG740	E06	1	5	2	Size	6	E	insH2Bfabp	Size	GCK	221014	1	3	14oct2022 14:20:52	6.333333	3309.218	811263.4	1107285	318.4106	275.1832	254.2969	59485.47	.0338051	.0000437	158.455	20127.56	328231.8	47582.4	-53955.87	15603.76	-295.8689	1	.4840105	.5361763	.5165903	.3725821	0	.4924834	1.118125	.2479206	.3701542	.3942037	.3019215	-2.387809	-1.72379	gck_crispants
InsH2Bfabp_Size_03dpf_VAST01_plate02_GCK_221014_E07	SG748	E07	1	5	2	Size	7	E	insH2Bfabp	Size	GCK	221014	1	3	14oct2022 14:34:01	6.566667	3195.069	798313.6	1097625	288.9143	263.8966	255.4033	54760.13	.0338061	.0000466	154.9627	28023.07				15349.54	21581.43	1	-.178783	.223522	.4972006	.2133152	.6585199	.070173	.4840105	.2660382	.4665176	1.210004				gck_crispants
InsH2Bfabp_Size_03dpf_VAST01_plate02_GCK_221014_E08	SG756	E08	1	5	2	Size	8	E	insH2Bfabp	Size	GCK	221014	1	3	14oct2022 14:43:41	6.716667	3533.729	812609.3	1192491	317.7917	270.3182	235.1563	57391.97	.0252167	.0000235	149.4525	16060.18	333794.6	137064.8	34638.82	-8020.401	22881.59	1	2.708601	.6374841	-.206072	2.122643	.6798513	-.5940965	.8200946	-1.502891	-.5468132	0	.5341752	1.06222	1.140118	gck_crispants
InsH2Bfabp_Size_03dpf_VAST01_plate02_GCK_221014_E09	SG764	E09	1	5	2	Size	9	E	insH2Bfabp	Size	GCK	221014	1	3	14oct2022 14:53:19	6.883333	3401.18	796608.9	1114612	304.1684	263.1494	244.5699	54401.25	.0265611	.0000401	166.5302	239.2578	301629.3	107023	9730.048	-9278.813	-18376.18	1	1.293188	.1713538	-.223522	.5816376	-.5165903	1.559487	.3999556	-1.096804	.1506121	-2.682873	-.3921935	.3467042	.5341752	gck_crispants
InsH2Bfabp_Size_03dpf_VAST01_plate02_GCK_221014_F01	SG701	F01	1	6	2	Size	1	F	insH2Bfabp	Size	GCK	221014	1	3	14oct2022 13:29:28	5.483333	3087.316	699440.3	1035657	289.899	248.4256	224.2188	48479.61	.032113	.0000224	148.5658	14923.71				-71539.55	-10616.12	0	-.7735631	-1.41707	-1.703709	-.7067373	-.3479321	-.7248705	-.601815	-.0350649	-.6308035	-.287509				Controls
InsH2Bfabp_Size_03dpf_VAST01_plate02_GCK_221014_F02	SG709	F02	1	6	2	Size	2	F	insH2Bfabp	Size	GCK	221014	1	3	14oct2022 13:40:59	5.666667	3363.662	806209.1	1175414	297.8246	259.3085	237.8906	52875.98	.0365614	.0000567	158.0663	16957.4				4494.232	52791.02	0	.9451259	.3844023	.1540745	1.874869	1.573313	.433935	.1359107	.6580757	.7425627	.0732517				Controls
InsH2Bfabp_Size_03dpf_VAST01_plate02_GCK_221014_F04	SG725	F04	1	6	2	Size	4	F	insH2Bfabp	Size	GCK	221014	1	3	14oct2022 14:02:52	6.033333	3268.337	811921.4	1169163	310.5414	269.6162	240.625	57092.89	.0262943	.0000282	159.9951	11723.63				20808.42	72876.84	0	.178783	.5559701	.7685224	1.638337	1.871871	.6800015	.7735631	-1.273623	-.3891258	-.526501				Controls
InsH2Bfabp_Size_03dpf_VAST01_plate02_GCK_221014_F06	SG741	F06	1	6	2	Size	6	F	insH2Bfabp	Size	GCK	221014	1	3	14oct2022 14:21:50	6.35	3235.125	718850.1	1057878	302.6646	266.1304	246.0938	55627.44	.0369926	.0000687	149.948	897.2168	293659.1	114813.8	18792.81	-68568.96	-29232.05	0	.0593131	-1.179761	-1.573313	-.3544883	-.8887273	-.4532765	.5616943	.7248705	1.060907	-2.091354	-.6350072	.6350072	.7999689	Controls
InsH2Bfabp_Size_03dpf_VAST01_plate02_GCK_221014_F07	SG749	F07	1	6	2	Size	7	F	insH2Bfabp	Size	GCK	221014	1	3	14oct2022 14:35:00	6.583333	3291.453	811233.5	1147989	299.9081	266.7649	249.8092	55896.61	.0267176	.0000405	163.1364	15791.02				17549.68	45316.14	0	.3725821	.5165903	.6167268	1.255053	1.251137	1.005439	.6222404	-1.034935	.2044163	-.1192094				Controls
InsH2Bfabp_Size_03dpf_VAST01_plate02_GCK_221014_F08	SG757	F08	1	6	2	Size	8	F	insH2Bfabp	Size	GCK	221014	1	3	14oct2022 14:44:59	6.733333	3055.834	786051.6	1052675	264.6211	232.5437	213.2813	42498.17	.0304255	.0000489	158.7424	25660.4	316882	95957.34	-3769.699	18573.2	15098.97	0	-.8684736	.0341104	.6798513	-.4840105	.440101	.5940965	-1.150349	-.3394567	.5674293	1.119859	.1707672	.042498	.042498	Controls
InsH2Bfabp_Size_03dpf_VAST01_plate02_GCK_221014_F09	SG765	F09	1	6	2	Size	9	F	insH2Bfabp	Size	GCK	221014	1	3	14oct2022 14:54:37	6.9	3262.317	803098.8	1101214	318.6104	284.3947	270.7031	63582.77	.0305489	.0000361	164.663	15192.87	279004.5	88345.95	-5336.47	12655.37	6590.878	0	.161599	.3119191	.3661064	.2656088	.1540745	1.356862	1.520528	-.3025435	.0441451	-.2401435	-1.140118	-.2140495	0	Controls
InsH2Bfabp_Size_03dpf_VAST01_plate02_GCK_221014_F10	SG773	F10	1	6	2	Size	10	F	insH2Bfabp	Size	GCK	221014	1	3	14oct2022 15:03:44	7.05	3467.633	791345.2	1124123	291.3699	258.4097	237.8906	52487.18	.0249896	.0000154	154.8574	21503.3				-21933.36	-27225.42	0	1.983628	.1024905	-.4589661	.7735631	-.8391938	.0526109	.0254078	-1.621572	-1.092422	.6460481				Controls
InsH2Bfabp_Size_03dpf_VAST01_plate02_GCK_221014_G01	SG702	G01	1	7	2	Size	1	G	insH2Bfabp	Size	GCK	221014	1	3	14oct2022 13:30:57	5.5	3113.842	736615	1089700	289.7205	252.019	235.1563	49885.25	.0389606	.0000455	150.1233	18751.83	290369.3	52666.63	-42829.41	-37315.03	36097.7	1	-.601815	-.9143286	-.8391938	.076289	1.023392	-.433935	-.4276322	.8694237	.4275015	.2401435	-.7999689	-1.56049	-1.430609	gck_crispants
InsH2Bfabp_Size_03dpf_VAST01_plate02_GCK_221014_G02	SG710	G02	1	7	2	Size	2	G	insH2Bfabp	Size	GCK	221014	1	3	14oct2022 13:42:25	5.7	3333.055	769004.5	1081057	302.6921	272.182	248.8281	58199.46	.0356379	.0000541	160.5462	8822.632	290638.4	99785.46	4246.467	-29306.28	-33110.14	1	.6638962	-.3844023	-.5962318	-.1273686	-.9950172	.7248705	.8934399	.4727891	.7195031	-1.102894	-.6878846	.2140495	.3921935	gck_crispants
InsH2Bfabp_Size_03dpf_VAST01_plate02_GCK_221014_G04	SG726	G04	1	7	2	Size	4	G	insH2Bfabp	Size	GCK	221014	1	3	14oct2022 14:03:53	6.05	2936.884	805850.3	1138867	272.4771	229.1296	207.8125	41271.97	.0449408	.0003769	150.7285	3020.63	306878.1	183122	84991.38	51601.38	134155.5	1	-1.150349	.3661064	1.329529	1.118125	2.318758	-.3768384	-1.293188	1.235127	2.694839	-1.670146	-.085073	1.72379	1.72379	gck_crispants
InsH2Bfabp_Size_03dpf_VAST01_plate02_GCK_221014_G05	SG734	G05	1	7	2	Size	5	G	insH2Bfabp	Size	GCK	221014	1	3	14oct2022 14:14:06	6.233333	2673.301	790507.8	927393.2	306.1942	255.7187	222.1658	51410.52			124.7046	30804.44				65574.49	-4495.411	1	-1.784612	.085363	1.517059	-1.706915	-.1886844	-2.697177	-.1188359			1.537841				gck_crispants
InsH2Bfabp_Size_03dpf_VAST01_plate02_GCK_221014_G06	SG742	G06	1	7	2	Size	6	G	insH2Bfabp	Size	GCK	221014	1	3	14oct2022 14:23:24	6.383333	3131.882	744869.4	1020704	275.123	238.4775	216.0156	44681.4	.0381309	.0000321	144.9525					-31067.11	-37882.57	1	-.4650553	-.7916386	-.6585199	-.9451259	-1.113937	-1.065359	-.918976	.7950689	-.1684908					gck_crispants
InsH2Bfabp_Size_03dpf_VAST01_plate02_GCK_221014_G07	SG750	G07	1	7	2	Size	7	G	insH2Bfabp	Size	GCK	221014	1	3	14oct2022 14:36:20	6.6	3334.108	827921.8	1119308	286.5925	255.6954	235.1563	51350.71	.0310993	.0000296	143.2026	9271.24	321487.7	142238.8	41776.74	29493.86	4850.317	1	.7067373	1.214676	.8887273	.6851596	.1024905	-1.235127	-.1444627	-.1940281	-.3139999	-.9772061	.2140495	1.140118	1.225627	gck_crispants
InsH2Bfabp_Size_03dpf_VAST01_plate02_GCK_221014_G08	SG758	G08	1	6	2	Size	8	G	insH2Bfabp	Size	GCK	221014	1	3	14oct2022 14:45:59	6.75	3161.289	823106.7	1026625	325.7728	288.18	269.2151	65227.66	.0264501	9.34e-06		2960.815				43899.65	-40085.37	0	-.4276322	.9950172	1.082768	-.8440372	-1.179761		1.576699	-1.129371	-1.555957	-1.748994				Controls
InsH2Bfabp_Size_03dpf_VAST01_plate02_GCK_221014_G09	SG766	G09	1	6	2	Size	9	G	insH2Bfabp	Size	GCK	221014	1	3	14oct2022 14:55:55	6.916667	3333.672	767329.7	1115899	321.4991	277.6846	259.7656	60562.13	.02438	.000031	162.7469	15880.74				-31049.71	1561.411	0	.6851596	-.4213913	-.6374841	.6638962	.0170527	.9489278	1.293188	-1.859636	-.2224756	-.0366013				Controls
InsH2Bfabp_Size_03dpf_VAST01_plate02_GCK_221014_G10	SG774	G10	1	6	2	Size	10	G	insH2Bfabp	Size	GCK	221014	1	3	14oct2022 15:05:26	7.083333	3271.454	781864.6	1108840	302.5448	275.071	265.2344	59455.57	.0271469	.0000213	164.4498	10407.71	345637.8	73706.36	-30609.62	-9594.938	11692.94	0	.2133152	-.0682605	-.2410404	.4462656	.3298721	1.273623	1.087022	-.92178	-.6968199	-.7271186	.6350072	-.7427598	-.9902869	Controls
InsH2Bfabp_Size_03dpf_VAST01_plate02_GCK_221014_H01	SG703	H01	1	8	2	Size	1	H	insH2Bfabp	Size	GCK	221014	1	3	14oct2022 13:31:56	5.516667	3310.844	782133.8	1103188	300.4562	256.76	226.9531	51829.22	.0278351	.0000407	158.5454	21802.37				-13706.76	-4842.482	0	.5224582	-.051178	-.294066	.3186394	-.206072	.5123707	-.0423544	-.7950689	.2224756	.7271186				Controls
InsH2Bfabp_Size_03dpf_VAST01_plate02_GCK_221014_H02	SG711	H02	1	8	2	Size	2	H	insH2Bfabp	Size	GCK	221014	1	3	14oct2022 13:43:52	5.716667	3339.49	806837.2	1158516	301.3594	264.1693	240.625	54819.95	.0286488	.0000107	152.2777	24374.39				7810.706	42571.72	0	.7735631	.4213913	.1886844	1.375686	1.113937	-.1940281	.5224582	-.6364617	-1.398471	.919825				Controls
InsH2Bfabp_Size_03dpf_VAST01_plate02_GCK_221014_H03	SG719	H03	1	8	2	Size	3	H	insH2Bfabp	Size	GCK	221014	1	3	14oct2022 13:56:11	5.933333	3203.023	786081.6	1047231	258.0086	229.4459	216.0156	41361.7	.028713	.0000203	153.4732	8553.467	315939.9	114514.8	14938.08	2232.852	-31009.76	0	-.1444627	.051178	.1024905	-.5419719	-.9143286	-.0175298	-1.255053	-.6151411	-.7660241	-1.137153	.085073	.5838488	.6878846	Controls
InsH2Bfabp_Size_03dpf_VAST01_plate02_GCK_221014_H05	SG735	H05	1	8	2	Size	5	H	insH2Bfabp	Size	GCK	221014	1	3	14oct2022 14:15:14	6.25	3402.281	798433.3	1124153	327.6233	282.2381	252.6879	62565.92	.0292079	.0000208	152.8108	10407.71				-7576.899	-9139.889	0	1.375686	.2410404	-.1540745	.7966133	-.3119191	-.1230116	1.375686	-.5324627	-.7425627	-.7271186				Controls
InsH2Bfabp_Size_03dpf_VAST01_plate02_GCK_221014_H06	SG743	H06	1	8	2	Size	6	H	insH2Bfabp	Size	GCK	221014	1	3	14oct2022 14:24:49	6.4	2774.923	874487.3	962982.8	318.6176	270.4283	232.4219	57451.78	.0843015	.0002131	142.7691	28411.87				138251.6	3017.858	0	-1.520528	1.980752	2.706351	-1.333303	.051178	-1.273623	.8440372	2.308362	1.687281	1.248962				Controls
InsH2Bfabp_Size_03dpf_VAST01_plate02_GCK_221014_H07	SG751	H07	1	8	2	Size	7	H	insH2Bfabp	Size	GCK	221014	1	3	14oct2022 14:38:06	6.633333	3338.207	809618.5	1176102	307.7279	276.7449	261.8175	60173.34	.0372589	.0000618	155.1734	21892.09				10734.71	60511.55	0	.7509168	.4589661	.3479321	1.983628	1.703709	.0877569	1.183815	.7478586	.8904218	.7633487				Controls
InsH2Bfabp_Size_03dpf_VAST01_plate02_GCK_221014_H08	SG759	H08	1	8	2	Size	8	H	insH2Bfabp	Size	GCK	221014	1	3	14oct2022 14:46:53	6.766667	3241.214	777408.4	1078156	316.5737	273.6059	251.2439	58797.61	.0306851	.0000203	149.9174	8882.446				-10687.82	-10637.1	0	.076289	-.206072	-.2763062	-.178783	-.3661064	-.4727891	.9451259	-.2842435	-.7899149	-1.069884				Controls
InsH2Bfabp_Size_03dpf_VAST01_plate02_GCK_221014_H09	SG767	H09	1	6	2	Size	9	H	insH2Bfabp	Size	GCK	221014	1	3	14oct2022 14:56:53	6.933333	3320.403	844251.1	1121641	274.202	238.1111	219.1428	44531.86	.027848	.0000378	165.698	25630.49				47347.51	10969.54	0	.601815	1.635039	1.179761	.7067373	.3119191	1.450737	-.9451259	-.7712489	.0972407	1.069884				Controls
InsH2Bfabp_Size_03dpf_VAST01_plate02_GCK_221014_H10	SG775	H10	1	6	2	Size	10	H	insH2Bfabp	Size	GCK	221014	1	3	14oct2022 15:06:23	7.1	3070.903	779412.3	1060540	276.5796	245.8278	224.2188	47462.77	.0309946	.0000514	156.7734	12650.76				10257.82	18801.21	0	-.8200946	-.1196481	.294066	-.3186394	.6167268	.2842435	-.6851596	-.2479206	.652491	-.4849142				Controls
