filename	index	well	batch	tank	plate	Project	column	row	line	proj	Exp	date	VAST	age	time	tod	length	dorsal_area	lateral_area	eye_max_d	eye_mean_d	eye_min_d	eye_area	bent_back	curvature	angle	PCE	dorsal_tail	pig_dorsal_tail	pig_dorsal_tail_Res	dorsal_area_Res	lateral_area_Res	condition	intlength	intdorsal_area	intdorsal_area_Res	intlateral_area	intlateral_area_Res	intangle	inteye_area	intbent_back	intcurvature	intPCE	intdorsal_tail	intpig_dorsal_tail	intpig_dorsal_tail_Res	conditions
InsH2Bfabp_Size_03dpf_VAST02_plate01_POLDIP2_220929_A01	SE300	A01	1	1	1	Size	1	A	insH2Bfabp	Size	POLDIP2	220929	2	3	29sep2022 10:10:44	2.166667	2841.894	569224.3	993159.2	285.5375	248.6349	229.6875	48569.34	.0396522	.0000585	139.6523	25451.05				-87845.57	94833.01	1	-1.218875	-2.031852	-.9714479	.378823	1.18773	-1.862732	-.6744897	.6589408	1.179761	1.27303				poldip2_crispants
InsH2Bfabp_Size_03dpf_VAST02_plate01_POLDIP2_220929_A03	SE316	A03	1	1	1	Size	3	A	insH2Bfabp	Size	POLDIP2	220929	2	3	29sep2022 10:30:24	2.5	2771.472	530165.4	929995.1	353.2231	285.1895	265.9553	63911.74	.0369401	.000027	158.7421	0	435135.2	97048.95	16135.25	-104526.3	42340.31	1	-1.633282	-2.364134	-1.157696	-.2988425	.2988425	-.2193353	.6095368	.4459558	0	-2.079254	1.064442	.9101468	.705672	poldip2_crispants
InsH2Bfabp_Size_03dpf_VAST02_plate01_POLDIP2_220929_A04	SE324	A04	1	1	1	Size	4	A	insH2Bfabp	Size	POLDIP2	220929	2	3	29sep2022 10:41:32	2.683333	3015.179	636515.5	872363.9	337.9607	272.4639	229.8957	58319.09	.0445854	.0000545		14295.65				-75619.55	-52221.02	1	-.6744897	-.9959445	-.9012228	-.8139691	-.6744897		.1058988	1.012585	1.052616	-.0849127				poldip2_crispants
InsH2Bfabp_Size_03dpf_VAST02_plate01_POLDIP2_220929_A06	SE340	A06	1	1	1	Size	6	A	insH2Bfabp	Size	POLDIP2	220929	2	3	29sep2022 11:25:57	3.416667	3239.878	658467.4	997047.1	296.1099	261.077	232.4219	53533.94	.0284477	2.94e-06	145.1394	16120	186531.4	79523.31	14695.7	-125070.4	38412.7	1	.2830892	-.7325131	-1.481197	.3950973	.1898871	-1.360692	-.2674059	-.4459558	-2.318758	.1323128	-1.316165	.4715404	.6744897	poldip2_crispants
InsH2Bfabp_Size_03dpf_VAST02_plate01_POLDIP2_220929_A07	SE348	A07	1	1	1	Size	7	A	insH2Bfabp	Size	POLDIP2	220929	2	3	29sep2022 11:37:47	3.616667	3117.788	623446.1	997435.9	300.526	266.1166	247.4889	55627.44	.0359205	.0000619	169.6414	19409.79	205731.8	62371.52	-3698.471	-121295	57302.35	1	-.2674059	-1.18773	-1.357259	.4445756	.5296054	1.00999	-.0983092	.3208232	1.289343	.4689607	-.9413322	-.2609674	-.0861181	poldip2_crispants
InsH2Bfabp_Size_03dpf_VAST02_plate01_POLDIP2_220929_A08	SE356	A08	1	1	1	Size	8	A	insH2Bfabp	Size	POLDIP2	220929	2	3	29sep2022 12:02:39	4.033333	2944.757	627304.1	935109.3	299.1133	270.1548	264.2397	57332.15	.0406754		150.4111	28052.98				-62452.77	21195.76	1	-.9241241	-1.100569	-.6370437	-.2207319	.0226522	-.9814135	.0226522	.8112562		1.655889				poldip2_crispants
InsH2Bfabp_Size_03dpf_VAST02_plate01_POLDIP2_220929_A10	SE372	A10	1	1	1	Size	10	A	insH2Bfabp	Size	POLDIP2	220929	2	3	29sep2022 12:20:35	4.333333	3135.338	684875.5	997226.6	313.8371	275.7601	251.9475	59724.73	.0236829	.0000355	159.964	31761.47				-65442.62	54433.47	1	-.2207319	-.4951674	-.7325131	.4279676	.4445756	-.0435316	.2517881	-1.431392	.4213913	1.827204				poldip2_crispants
InsH2Bfabp_Size_03dpf_VAST02_plate01_POLDIP2_220929_A11	SE380	A11	1	1	1	Size	11	A	insH2Bfabp	Size	POLDIP2	220929	2	3	29sep2022 12:31:26	4.516667	3343.324	766133.4	1006169	317.3443	282.761	272.4123	62805.18	.0302362	.000022	164.4188	23208.01				-50276.48	31858.81	1	.8787846	.0377594	-.4114769	.5470603	.1287059	.4022501	.4951674	-.3033943	-.206072	.8715413				poldip2_crispants
InsH2Bfabp_Size_03dpf_VAST02_plate01_POLDIP2_220929_A12	SE388	A12	1	1	1	Size	12	A	insH2Bfabp	Size	POLDIP2	220929	2	3	29sep2022 13:55:54	5.916667	3524.483	978385	859832.8	292.3621	194.3485	138.3101	29967.04				4366.455		188535.2	65631.2	104407.8	-141929.1	1	2.364134	2.031852	1.157696	-.8787846	-1.320264		-1.836626			-.8994349		2.582669	1.968421	poldip2_crispants
InsH2Bfabp_Size_03dpf_VAST02_plate01_POLDIP2_220929_B01	SE301	B01	1	2	1	Size	1	B	insH2Bfabp	Size	POLDIP2	220929	2	3	29sep2022 10:11:51	2.183333	3337.262	711702.3	1062305	319.7902	279.6601	257.1813	61489.26	.0396837	.0000541	153.5793	13039.55				-102781.3	88913.34	0	.8567804	-.3146702	-1.128672	1.218875	1.021054	-.6854571	.378823	.679709	1.023392	-.2475129				Controls
InsH2Bfabp_Size_03dpf_VAST02_plate01_POLDIP2_220929_B02	SE309	B02	1	2	1	Size	2	B	insH2Bfabp	Size	POLDIP2	220929	2	3	29sep2022 10:21:45	2.35	3370.546	692711.2	825529.2	357.6936	284.934	249.7278	64001.46	.0401913	.0000786	158.9217	0				-132349.3	-152906	0	1.073309	-.4445756	-1.578469	-1.157696	-1.437407	-.1838047	.6370437	.7659457	1.465234	-2.079254				Controls
InsH2Bfabp_Size_03dpf_VAST02_plate01_POLDIP2_220929_B03	SE317	B03	1	2	1	Size	3	B	insH2Bfabp	Size	POLDIP2	220929	2	3	29sep2022 10:31:24	2.516667	3299.552	630504.1	1069931	320.7455	281.4221	274.4697	62266.84	.0360999	.000048	152.6357	13129.27	231930.5	61369.63	-6395.569	-171996.3	102253.9	0	.5824836	-1.046824	-2.746467	1.437407	1.284992	-.7764218	.4445756	.3737245	.7916386	-.2281252	-.5473207	-.3380917	-.2609674	Controls
InsH2Bfabp_Size_03dpf_VAST02_plate01_POLDIP2_220929_B05	SE333	B05	1	2	1	Size	5	B	insH2Bfabp	Size	POLDIP2	220929	2	3	29sep2022 10:54:51	2.9	2845.636	600148.3	929367.1	301.7482	272.4203	255.7247	58319.09	.0355566	.0000188	152.4676	27155.76	176946.1	61190.19	-3017.203	-58110.59	30473.85	0	-1.18773	-1.633282	-.5296054	-.3146702	.1134945	-.8243825	.1058988	.3033943	-.4213913	1.522757	-1.519197	-.36423	-.0368705	Controls
InsH2Bfabp_Size_03dpf_VAST02_plate01_POLDIP2_220929_B06	SE341	B06	1	2	1	Size	6	B	insH2Bfabp	Size	POLDIP2	220929	2	3	29sep2022 11:26:59	3.433333	3271.781	657091.7	1079621	312.0292	284.75	278.301	63702.39	.0353172	.0000508	160.2476	23088.38	222016.3	56539.61	-10584.08	-136584.2	116152.1	0	.4781687	-.7524055	-1.693494	1.528026	1.528026	.0261137	.5646834	.2688054	.9143286	.8443099	-.7964981	-.5272223	-.4715404	Controls
InsH2Bfabp_Size_03dpf_VAST02_plate01_POLDIP2_220929_B07	SE349	B07	1	2	1	Size	7	B	insH2Bfabp	Size	POLDIP2	220929	2	3	29sep2022 11:38:45	3.633333	3463.877	742357.2	1060720	331.618	292.0426	265.2344	66992.19	.0470137	.0000871	148.6196	21922	199212	60681.76	-4966.362	-112361.3	68141.6	0	1.9251	-.0831466	-1.25125	1.128672	.6370437	-1.167383	.8351834	1.230412	1.517059	.6804168	-.9807163	-.3906196	-.2104284	Controls
InsH2Bfabp_Size_03dpf_VAST02_plate01_POLDIP2_220929_B08	SE357	B08	1	2	1	Size	8	B	insH2Bfabp	Size	POLDIP2	220929	2	3	29sep2022 12:03:39	4.05	2954.386	624133.9	912499.4	370.161	336.0929	316.4314	88764.65	.0335068	.000027	164.8594	5742.188	225709.8	66394.05	-968.6365	-68682.61	-2873.191	0	-.8567804	-1.157696	-.7726002	-.4114769	-.159222	.4789918	2.031852	.0498212	-.0170527	-.7410772	-.6980458	-.0861181	.0368705	Controls
InsH2Bfabp_Size_03dpf_VAST02_plate01_POLDIP2_220929_B09	SE365	B09	1	2	1	Size	9	B	insH2Bfabp	Size	POLDIP2	220929	2	3	29sep2022 12:12:36	4.2	3146.969	683709.1	1068196	336.5521	291.7393	267.9688	66872.56	.0446941	.0000238	158.4641	23776.25	166015	74199.83	10699.74	-70304.72	123640.9	0	-.174534	-.5123105	-.8567804	1.357259	1.578469	-.2372021	.8139691	1.040703	-.1540745	.9574387	-1.816414	.2864809	.4442488	Controls
InsH2Bfabp_Size_03dpf_VAST02_plate01_POLDIP2_220929_B11	SE381	B11	1	2	1	Size	11	B	insH2Bfabp	Size	POLDIP2	220929	2	3	29sep2022 12:32:28	4.533333	3256.592	677817.4	1013975	294.4682	257.696	232.4219	52158.2	.0298597	.000017	156.7994	16030.27				-111031.7	52807.44	0	.378823	-.5824836	-1.218875	.6370437	.4114769	-.4022501	-.338562	-.3383501	-.4972006	.1038439				Controls
InsH2Bfabp_Size_03dpf_VAST02_plate01_POLDIP2_220929_B12	SE389	B12	1	2	1	Size	12	B	insH2Bfabp	Size	POLDIP2	220929	2	3	29sep2022 13:56:49	5.933333	3203.275	805282	1029855	313.0769	278.5344	254.2969	60980.84	.0346996	.0000364	156.1227	18452.76	253134.8	95344.23	26207	33375.67	76767.6	0	.1134945	.4613071	.3305772	.8351834	.7726002	-.4402967	.3626485	.1836288	.440101	.3062708	-.2764816	.8381245	.9479847	Controls
InsH2Bfabp_Size_03dpf_VAST02_plate01_POLDIP2_220929_C01	SE302	C01	1	3	1	Size	1	C	insH2Bfabp	Size	POLDIP2	220929	2	3	29sep2022 10:12:50	2.2	2987.332	602600.7	891983.1	161.3601	103.1742	88.13229	8732.91	.0344575	.0000521	144.805		196969	78596.19	13093.2	-100685.3	-28382	1	-.6935702	-1.578469	-1.100569	-.5824836	-.378823	-1.406006	-2.746467	.1164641	.9950172		-1.10924	.4172841	.6139995	poldip2_crispants
InsH2Bfabp_Size_03dpf_VAST02_plate01_POLDIP2_220929_C03	SE318	C03	1	3	1	Size	3	C	insH2Bfabp	Size	POLDIP2	220929	2	3	29sep2022 10:32:36	2.533333	2849.509	678595	900775.8	286.2235	246.1313	221.3181	47582.4	.0634136	.0001207	133.2951	23357.54	254361	73392.34	4175.761	19105.43	1295.675	1	-1.157696	-.5646834	.174534	-.5296054	-.1287059	-2.310991	-.7726002	1.883722	2.11991	.8994349	-.2507852	.2104284	.2356227	poldip2_crispants
InsH2Bfabp_Size_03dpf_VAST02_plate01_POLDIP2_220929_C04	SE326	C04	1	3	1	Size	4	C	insH2Bfabp	Size	POLDIP2	220929	2	3	29sep2022 10:43:36	2.716667	2901.136	587258.3	974287.8	302.5153	257.5219	237.7301	52158.2	.0258519	9.39e-07	156.0758	25122.07	223601.4	48868.41	-18357.85	-88636.98	66984.34	1	-1.046824	-1.760558	-1.021054	.159222	.5824836	-.4595582	-.338562	-1.012585	-2.706351	1.118958	-.7628639	-.9479847	-.6744897	poldip2_crispants
InsH2Bfabp_Size_03dpf_VAST02_plate01_POLDIP2_220929_C05	SE334	C05	1	3	1	Size	5	C	insH2Bfabp	Size	POLDIP2	220929	2	3	29sep2022 10:55:44	2.916667	3209.937	650272.8	992531.1	333.4815	271.6146	239.4193	57960.2	.0418926	.00009	136.0425	1465.454	286242.1	98305.05	27025.59	-123750.6	38433.78	1	.1439472	-.8139691	-1.437407	.3465683	.2052851	-2.111583	.0528752	.8345458	1.573313	-1.412188	.0496566	1.02806	.987231	poldip2_crispants
InsH2Bfabp_Size_03dpf_VAST02_plate01_POLDIP2_220929_C06	SE342	C06	1	3	1	Size	6	C	insH2Bfabp	Size	POLDIP2	220929	2	3	29sep2022 11:29:56	3.483333	3426.505	681196.9	1112669	330.0546	292.1071	275.3919	67022.09	.0265921	9.51e-06	149.4264	28740.84	271467.9	88375.85	18052.36	-161645.6	125753.7	1	1.693494	-.5296054	-2.168502	2.168502	1.760558	-1.069771	.8567804	-.8825426	-1.146228	1.735192	-.099436	.737556	.7702081	poldip2_crispants
InsH2Bfabp_Size_03dpf_VAST02_plate01_POLDIP2_220929_C07	SE350	C07	1	3	1	Size	7	C	insH2Bfabp	Size	POLDIP2	220929	2	3	29sep2022 11:39:40	3.65	3026.01	609030.8	938518.7	289.962	255.9203	231.4824	51440.43	.0330762	.0000491	162.6157	22071.53	184856.6	43335.57	-21383.67	-106545.9	12292.59	1	-.6004704	-1.528026	-1.18773	-.1363226	-.0680031	.1838047	-.378823	-.0166009	.8636957	.7661131	-1.377632	-1.212058	-.8037028	poldip2_crispants
InsH2Bfabp_Size_03dpf_VAST02_plate01_POLDIP2_220929_C09	SE366	C09	1	3	1	Size	9	C	insH2Bfabp	Size	POLDIP2	220929	2	3	29sep2022 12:13:33	4.216667	2839.583	609688.8	980029.9	311.0859	274.9958	253.8931	59395.75	.0335365	.0000317	154.8162	16688.23	233396	62266.84	-5593.178	-46646.93	82053.84	1	-1.284992	-1.481197	-.3305772	.2207319	.8567804	-.5586672	.2207319	.0664496	.2586331	.2281252	-.5187137	-.2864809	-.2356227	poldip2_crispants
InsH2Bfabp_Size_03dpf_VAST02_plate01_POLDIP2_220929_C10	SE374	C10	1	3	1	Size	10	C	insH2Bfabp	Size	POLDIP2	220929	2	3	29sep2022 12:23:33	4.383333	2759.465	651199.9	967558.6	326.401	291.5032	276.1719	66782.84	.0567751	.0001019	152.5584	18811.64				20323.6	81723.22	1	-1.693494	-.793115	.1898871	.1134945	.8351834	-.8001721	.793115	1.716379	1.781505	.3560481				poldip2_crispants
InsH2Bfabp_Size_03dpf_VAST02_plate01_POLDIP2_220929_C11	SE382	C11	1	3	1	Size	11	C	insH2Bfabp	Size	POLDIP2	220929	2	3	29sep2022 12:34:29	4.566667	3465.837	737153.3	1105969	331.618	286.6395	259.7656	64569.7	.0363328	.0000287	157.4384	13876.95	221313.5	59934.08	-7144.131	-118187.7	113094.3	1	2.031852	-.0983092	-1.284992	2.031852	1.437407	-.3647771	.6935702	.3915859	.085363	-.1323128	-.8310585	-.4172841	-.3121823	poldip2_crispants
InsH2Bfabp_Size_03dpf_VAST02_plate01_POLDIP2_220929_C12	SE390	C12	1	3	1	Size	12	C	insH2Bfabp	Size	POLDIP2	220929	2	3	29sep2022 13:58:03	5.966667	3303.88	898472.9	1023395		302.3976		72225.95	.0300586	.0000275	164.8363	14804.08	305921	83291.63	10738.82	94597.01	55062.43	1	.6370437	1.320264	1.073309	.7524055	.4613071	.4595582	1.284992	-.3208232	.051178	.0188479	.3813139	.5845898	.4715404	poldip2_crispants
InsH2Bfabp_Size_03dpf_VAST02_plate01_POLDIP2_220929_D01	SE303	D01	1	4	1	Size	1	D	insH2Bfabp	Size	POLDIP2	220929	2	3	29sep2022 10:13:47	2.216667	2967.622	616298.2	910585.3	356.4068			67709.96	.0510573	.0000338	150.5876	0	243534.5	66065.06	-2450.981	-80724.33	-6792.938	0	-.7524055	-1.320264	-.9241241	-.4445756	-.2052851	-.9536166	.9012228	1.530764	.3661064	-2.079254	-.4352702	-.1355755	-.0122877	Controls
InsH2Bfabp_Size_03dpf_VAST02_plate01_POLDIP2_220929_D03	SE319	D03	1	4	1	Size	3	D	insH2Bfabp	Size	POLDIP2	220929	2	3	29sep2022 10:33:55	2.55	3016.297	577717.9	876281.8	323.7838	268.9002		56793.82	.0426491	.0000335		0	229179.1	67380.98	-206.1783	-134772.4	-48472.55	0	-.6556518	-1.9251	-1.633282	-.7726002	-.6186536		-.0226522	.8825426	.3298721	-2.079254	-.6360368	-.0122877	.1108129	Controls
InsH2Bfabp_Size_03dpf_VAST02_plate01_POLDIP2_220929_D04	SE327	D04	1	4	1	Size	4	D	insH2Bfabp	Size	POLDIP2	220929	2	3	29sep2022 10:45:10	2.75	2953.216	638997.8	1057340	346.2387	284.8604	246.0938	63732.3	.0420139	.0000254	146.264	21742.55	175002.1	51530.15	-12551.45	-53446.96	142144.8	0	-.8787846	-.9241241	-.4781687	1.100569	2.031852	-1.318011	.5824836	.858297	-.085363	.6452009	-1.603108	-.8381245	-.5272223	Controls
InsH2Bfabp_Size_03dpf_VAST02_plate01_POLDIP2_220929_D07	SE351	D07	1	4	1	Size	7	D	insH2Bfabp	Size	POLDIP2	220929	2	3	29sep2022 11:40:58	3.666667	2945.001	660022.6	1068137	339.5856	299.4532	273.4375	70461.42	.0449332	.0000395	153.7623	22639.77	213118.9	73048.4	6500.422	-29811.7	154186.2	0	-.9012228	-.6935702	-.2207319	1.320264	2.168502	-.663603	1.100569	1.13047	.5962318	.7916386	-.9033567	.185367	.2864809	Controls
InsH2Bfabp_Size_03dpf_VAST02_plate01_POLDIP2_220929_D08	SE359	D08	1	4	1	Size	8	D	insH2Bfabp	Size	POLDIP2	220929	2	3	29sep2022 12:05:53	4.083333	2938.669	625988.2	968276.4	337.4871	295.744	265.2344	68741.76	.0212301	.0000204	166.7981		189940.8	49197.39	-15850.83	-61833.93	55285.48	0	-.9714479	-1.128672	-.5824836	.1287059	.4781687	.663603	.9714479	-2.130716	-.2763062		-1.156382	-.9101468	-.5845898	Controls
InsH2Bfabp_Size_03dpf_VAST02_plate01_POLDIP2_220929_D09	SE367	D09	1	4	1	Size	9	D	insH2Bfabp	Size	POLDIP2	220929	2	3	29sep2022 12:14:26	4.233333	2746.625	638160.4	963820.2	329.0571	295.4747	278.5693	68577.27	.0278874	.0000141	154.2696	14534.91				11364.17	79930.46	0	-1.760558	-.9475207	.0983092	.0983092	.8139691	-.5998427	.9475207	-.6589408	-.7234756	-.0565706				Controls
InsH2Bfabp_Size_03dpf_VAST02_plate01_POLDIP2_220929_D10	SE375	D10	1	4	1	Size	10	D	insH2Bfabp	Size	POLDIP2	220929	2	3	29sep2022 12:24:53	4.4	3099.392	647910.1	866621.7	342.726	311.865	303.6676	76412.96	.0698921	.0000491	156.9629	13248.9				-90985.21	-70724.27	0	-.378823	-.8567804	-1.073309	-.8567804	-.8787846	-.3834463	1.481197	2.715253	.8391938	-.2088229				Controls
InsH2Bfabp_Size_03dpf_VAST02_plate01_POLDIP2_220929_D11	SE383	D11	1	4	1	Size	11	D	insH2Bfabp	Size	POLDIP2	220929	2	3	29sep2022 12:35:28	4.583333	2980.277	637831.4	986190.8	304.8431	272.414	248.8281	58289.18	.0281774	.0000114	158.098					-63212.48	66894.89	0	-.7129065	-.9714479	-.6556518	.2988425	.5646834	-.291285	.0831466	-.5397	-.9950172					Controls
InsH2Bfabp_Size_03dpf_VAST02_plate01_POLDIP2_220929_D12	SE391	D12	1	4	1	Size	12	D	insH2Bfabp	Size	POLDIP2	220929	2	3	29sep2022 13:59:20	5.983333	2913.155	784317	997136.8		309.7111		75725.09	.0302966	.0000365	160.7439					104602.4	88012.11	0	-.9959445	.2052851	1.18773	.4114769	.9714479	.0435316	1.396212	-.286057	.4589661					Controls
InsH2Bfabp_Size_03dpf_VAST02_plate01_POLDIP2_220929_E02	SE312	E02	1	5	1	Size	2	E	insH2Bfabp	Size	POLDIP2	220929	2	3	29sep2022 10:25:08	2.416667	2892.74	530673.8	942526.3	314.2086	267.4843	243.2553	56195.68	.0346323	.0000242	155.5466		148339.8	31372.68	-30983.72	-142553.6	36495.05	1	-1.073309	-2.168502	-1.9251	-.0680031	.159222	-.4789918	-.0680031	.1499619	-.1196481		-2.174029	-1.968421	-1.162338	poldip2_crispants
InsH2Bfabp_Size_03dpf_VAST02_plate01_POLDIP2_220929_E04	SE328	E04	1	5	1	Size	4	E	insH2Bfabp	Size	POLDIP2	220929	2	3	29sep2022 10:46:20	2.766667	3344.714	990377.8	656194.4	292.3977			37503.66			170.9608	0				173526.1	-318326.3	1	.9241241	2.168502	2.168502	-2.168502	-2.364134	1.167383	-1.528026			-2.079254				poldip2_crispants
InsH2Bfabp_Size_03dpf_VAST02_plate01_POLDIP2_220929_E06	SE344	E06	1	5	1	Size	6	E	insH2Bfabp	Size	POLDIP2	220929	2	3	29sep2022 11:32:18	3.533333	2805.609	620335.7	940193.5	341.3153	294.2471	270.7031	68158.57	.0381495	.0000176	154.8316	16957.4	152168	73482.05	10877.95	-25203.75	47365.77	1	-1.437407	-1.25125	-.1439472	-.0983092	.3465683	-.518418	.9241241	.5982564	-.477996	.2669941	-1.964217	.2356227	.4991879	poldip2_crispants
InsH2Bfabp_Size_03dpf_VAST02_plate01_POLDIP2_220929_E08	SE360	E08	1	5	1	Size	8	E	insH2Bfabp	Size	POLDIP2	220929	2	3	29sep2022 12:06:55	4.1	2785.882	586570.4	808571.8	328.4821	287.4519	270.0382	64898.68	.0320217	.0000518		8972.168	131232.9	68756.71	7507.226	-52700.54	-81266.77	1	-1.528026	-1.836626	-.4613071	-1.320264	-.9959445		.7325131	-.0830965	.9674216	-.5114692	-2.579268	.0122877	.36423	poldip2_crispants
InsH2Bfabp_Size_03dpf_VAST02_plate01_POLDIP2_220929_E10	SE376	E10	1	5	1	Size	10	E	insH2Bfabp	Size	POLDIP2	220929	2	3	29sep2022 12:25:53	4.416667	2629.61	636306.1	803098.8	270.5721	235.1988	216.0156	43485.11	.0353621	.0000294	143.0051		231751.1	58229.37	-9524.216	46694.07	-63059.14	1	-2.364134	-1.021054	.5123105	-1.357259	-.793115	-1.693934	-1.100569	.286057	.1540745		-.5763829	-.4715404	-.36423	poldip2_crispants
InsH2Bfabp_Size_03dpf_VAST02_plate01_POLDIP2_220929_E12	SE392	E12	1	5	1	Size	12	E	insH2Bfabp	Size	POLDIP2	220929	2	3	29sep2022 14:00:24	6	2962.584	732517.7	907325.4	309.0589	273.0443	256.591	58558.35	.0348313	.0000456	159.6605	23865.97				37095.9	-9289.48	1	-.793115	-.159222	.378823	-.5123105	-.2207319	-.0784124	.1287059	.2175053	.6798513	.9876823				poldip2_crispants
InsH2Bfabp_Size_03dpf_VAST02_plate01_POLDIP2_220929_F01	SE305	F01	1	6	1	Size	1	F	insH2Bfabp	Size	POLDIP2	220929	2	3	29sep2022 10:16:01	2.266667	3226.386	660142.2	1082313	306.5672	264.3601	239.7672	54909.67	.0325215	.0000122	139.3341	16598.51	245478.5	43350.52	-25291.31	-119108.3	125722.7	0	.2362315	-.6744897	-1.320264	1.578469	1.693494	-1.971987	-.1287059	-.0498212	-.9143286	.2088229	-.3813139	-1.162338	-.9101468	Controls
InsH2Bfabp_Size_03dpf_VAST02_plate01_POLDIP2_220929_F02	SE313	F02	1	6	1	Size	2	F	insH2Bfabp	Size	POLDIP2	220929	2	3	29sep2022 10:26:28	2.433333	3207.992	645637.2	957629.4	341.9796	298.3006	283.3577	69893.19	.0291439	7.85e-06	163.9836		214853.5	52517.09	-14143.13	-127768.1	3826.811	0	.1287059	-.8787846	-1.528026	.0680031	-.1134945	.3834463	1.046824	-.4276937	-1.41707		-.8666412	-.705672	-.5556775	Controls
InsH2Bfabp_Size_03dpf_VAST02_plate01_POLDIP2_220929_F04	SE329	F04	1	6	1	Size	4	F	insH2Bfabp	Size	POLDIP2	220929	2	3	29sep2022 10:47:22	2.783333	3155.421	610914.9	1042117	356.1873	314.4048	295.1016	77639.16	.0376326	.0000239	168.8987	11962.89	244072.9	58199.46	-10351.42	-145785	96280.95	0	-.159222	-1.437407	-2.031852	1.021054	1.218875	.9001216	1.578469	.501678	-.136841	-.2865772	-.4081435	-.4991879	-.4172841	Controls
InsH2Bfabp_Size_03dpf_VAST02_plate01_POLDIP2_220929_F05	SE337	F05	1	6	1	Size	5	F	insH2Bfabp	Size	POLDIP2	220929	2	3	29sep2022 11:01:10	3.016667	3231.617	619139.4	1015679	310.9905	274.5843	248.8281	59216.31	.0277893	.0000114	157.5852	15880.74	177155.5	46101.99	-18118.95	-161773.4	58296.68	0	.2674059	-1.284992	-2.364134	.6744897	.5470603	-.3278097	.2052851	-.679709	-1.023392	.0754589	-1.444797	-1.070679	-.64395	Controls
InsH2Bfabp_Size_03dpf_VAST02_plate01_POLDIP2_220929_F08	SE361	F08	1	6	1	Size	8	F	insH2Bfabp	Size	POLDIP2	220929	2	3	29sep2022 12:07:54	4.116667	2841.368	591624.8	922219.3	324.9771	283.5879	259.6584	63193.97	.0521039	.0001118	153.8083	1016.846	247213.1	65197.75	-3556.316	-65277.96	23972.76	0	-1.25125	-1.693494	-.7129065	-.3626485	.0680031	-.6420614	.5123105	1.58669	1.871871	-1.585812	-.3284463	-.1728808	-.0614757	Controls
InsH2Bfabp_Size_03dpf_VAST02_plate01_POLDIP2_220929_F09	SE369	F09	1	6	1	Size	9	F	insH2Bfabp	Size	POLDIP2	220929	2	3	29sep2022 12:17:40	4.283333	2958.44	693369.1	1095591	345.3428	314.5147	307.6531	77698.98	.0333759	.0000375	166.2445	12919.92				-735.8842	179604.4	0	-.8139691	-.4279676	.0075502	1.693494	2.364134	.5791321	1.633282	.0332065	.5165903	-.2669941				Controls
InsH2Bfabp_Size_03dpf_VAST02_plate01_POLDIP2_220929_F10	SE377	F10	1	6	1	Size	10	F	insH2Bfabp	Size	POLDIP2	220929	2	3	29sep2022 12:27:08	4.45	2939.896	660740.4	955296.6	303.9956	276.0823	267.9688	59874.27	.0386712	.0000374	151.4592	14833.98				-27471.9	42119.68	0	-.9475207	-.6556518	-.2052851	.0528752	.2830892	-.9265376	.2988425	.6182299	.4972006	.0377026				Controls
InsH2Bfabp_Size_03dpf_VAST02_plate01_POLDIP2_220929_F11	SE385	F11	1	6	1	Size	11	F	insH2Bfabp	Size	POLDIP2	220929	2	3	29sep2022 13:52:58	5.866667	3113.404	696539.3	980538.3	298.7943	267.9238	248.8281	56405.03	.0332034	7.20e-06	154.0805	26258.54	265336.9	98783.57	28856.79	-46808.78	41068.98	0	-.2988425	-.3950973	-.3465683	.2517881	.2517881	-.6208137	-.0377594	0	-1.517059	1.316608	-.1494632	1.070679	1.162338	Controls
InsH2Bfabp_Size_03dpf_VAST02_plate01_POLDIP2_220929_G01	SE306	G01	1	7	1	Size	1	G	insH2Bfabp	Size	POLDIP2	220929	2	3	29sep2022 10:17:16	2.283333	3019.95	661488.1	969711.9	313.9019	263.3282	234.3943	54461.06	.0352305	.0000248	144.7708		438499.8	159405.5	78274.11	-52162.99	44404.11	1	-.6370437	-.6370437	-.4445756	.1439472	.3305772	-1.454408	-.1822052	.2516333	-.1024905		1.10924	1.968421	2.177923	poldip2_crispants
InsH2Bfabp_Size_03dpf_VAST02_plate01_POLDIP2_220929_G02	SE314	G02	1	7	1	Size	2	G	insH2Bfabp	Size	POLDIP2	220929	2	3	29sep2022 10:27:41	2.45	2905.542	698782.4	992800.3	339.0151	302.6122	290.7656	71926.88	.0336322	6.47e-06	146.7592	14654.54	280858.8	98065.8	27134.66	21486.9	84829.21	1	-1.021054	-.378823	.2207319	.3626485	.9012228	-1.239183	1.218875	.0830965	-1.573313	-.0094236	0	.9479847	1.02806	poldip2_crispants
InsH2Bfabp_Size_03dpf_VAST02_plate01_POLDIP2_220929_G05	SE338	G05	1	7	1	Size	5	G	insH2Bfabp	Size	POLDIP2	220929	2	3	29sep2022 11:02:16	3.033333	3130.042	612021.5	1011283	303.2468	263.694	246.5991	54640.5	.0297875	.0000144	143.7927	21024.78	188385.6	52666.63	-12280.97	-136613.6	69292.43	1	-.2362315	-1.357259	-1.760558	.6004704	.6744897	-1.562987	-.159222	-.3737245	-.6585199	.599451	-1.206246	-.64395	-.4991879	poldip2_crispants
InsH2Bfabp_Size_03dpf_VAST02_plate01_POLDIP2_220929_G06	SE346	G06	1	7	1	Size	6	G	insH2Bfabp	Size	POLDIP2	220929	2	3	29sep2022 11:35:14	3.583333	3190.159	680897.8	1062783	294.3859	264.1629	237.8906	54819.95	.0363693	.0000567	143.1333					-86840.71	111683	1	.0226522	-.5470603	-.9475207	1.25125	1.396212	-1.624981	-.1439472	.409573	1.113937					poldip2_crispants
InsH2Bfabp_Size_03dpf_VAST02_plate01_POLDIP2_220929_G07	SE354	G07	1	7	1	Size	7	G	insH2Bfabp	Size	POLDIP2	220929	2	3	29sep2022 11:59:45	3.983333	2971.873	649375.6	1001952	317.3418	285.7071	265.2344	64121.09	.0447511	.0000948	158.3424	24912.72	197881.2	58528.44	-7033.568	-48997.81	83929.42	1	-.7325131	-.8351834	-.3950973	.4951674	.8787846	-.2731704	.6744897	1.099562	1.635039	1.084382	-1.021684	-.4442488	-.2864809	poldip2_crispants
InsH2Bfabp_Size_03dpf_VAST02_plate01_POLDIP2_220929_G09	SE370	G09	1	7	1	Size	9	G	insH2Bfabp	Size	POLDIP2	220929	2	3	29sep2022 12:18:37	4.3	2833.306	628201.3	890816.6	299.6715	253.9594	233.7345	50752.56	.0318673	.0000408	149.2633	18811.64				-26139.52	-6208.195	1	-1.320264	-1.073309	-.1898871	-.6370437	-.174534	-1.101146	-.4529255	-.1164641	.6374841	.3560481				poldip2_crispants
InsH2Bfabp_Size_03dpf_VAST02_plate01_POLDIP2_220929_G10	SE378	G10	1	7	1	Size	10	G	insH2Bfabp	Size	POLDIP2	220929	2	3	29sep2022 12:29:11	4.483333	3082.446	688374.6	1027463	345.5065	316.7272	308.4732	78865.36	.0360569	.000032	159.306	24135.13	303109.8	84338.38	11967.47	-45135.75	92684.7	1	-.4279676	-.4781687	-.3146702	.793115	1.157696	-.1309267	1.760558	.3383501	.2763062	1.051056	.3547561	.6139995	.5272223	poldip2_crispants
InsH2Bfabp_Size_03dpf_VAST02_plate01_POLDIP2_220929_G11	SE386	G11	1	7	1	Size	11	G	insH2Bfabp	Size	POLDIP2	220929	2	3	29sep2022 13:53:49	5.883333	3083.635	827532.9	789132.1	290.1433	204.6702	157.1235	32957.77				4755.249	519937.1	51889.04	-34511.83	93644.52	-145826.3	1	-.4114769	.6004704	1.021054	-1.437407	-1.396212		-1.760558			-.8715413	1.444797	-.7702081	-1.321681	poldip2_crispants
InsH2Bfabp_Size_03dpf_VAST02_plate01_POLDIP2_220929_G12	SE394	G12	1	7	1	Size	12	G	insH2Bfabp	Size	POLDIP2	220929	2	3	29sep2022 14:03:43	6.05	3179.093	766701.7	984336.6	328.2077			63223.88	.0298016	.0000268	160.2063		340733	102701.4	27896.07	2479.75	34913.21	1	-.0377594	.0528752	.0377594	.2674059	.1439472	-.0087037	.5383123	-.3559816	-.051178		.7628639	1.264969	1.115337	poldip2_crispants
InsH2Bfabp_Size_03dpf_VAST02_plate01_POLDIP2_220929_H02	SE315	H02	1	8	1	Size	2	H	insH2Bfabp	Size	POLDIP2	220929	2	3	29sep2022 10:28:59	2.466667	2850.788	611543	1010505	312.1543	275.9772	251.5625	59844.36	.0376991	.0000475	146.4088	20994.87	172863.8	37264.41	-26678.83	-48353.09	110831.4	0	-1.128672	-1.396212	-.378823	.5824836	1.357259	-1.277605	.2752391	.5205949	.7458098	.5659488	-1.700117	-1.524231	-.987231	Controls
InsH2Bfabp_Size_03dpf_VAST02_plate01_POLDIP2_220929_H06	SE347	H06	1	8	1	Size	6	H	insH2Bfabp	Size	POLDIP2	220929	2	3	29sep2022 11:36:25	3.6	3387.144	778963.6	1168326	353.135	311.182	303.5156	76054.08	.0399327	.0000637	154.8253	20307.01	246973.9	52547	-16191.59	-51371.13	187375.5	0	1.218875	.1439472	-.4279676	2.746467	2.746467	-.5384336	1.437407	.7221558	1.329529	.5114692	-.3547561	-.6744897	-.6139995	Controls
InsH2Bfabp_Size_03dpf_VAST02_plate01_POLDIP2_220929_H08	SE363	H08	1	8	1	Size	8	H	insH2Bfabp	Size	POLDIP2	220929	2	3	29sep2022 12:10:40	4.166667	2955.923	623176.9	932746.6	308.4043	274.0086	254.2969	59006.96	.0377508	.000014	150.0434	20187.38	223646.2	98275.15	31045.99	-70128.27	17141	0	-.8351834	-1.218875	-.793115	-.2674059	-.0226522	-1.00999	.1898871	.5397	-.7685224	.4901042	-.7300714	.987231	1.321681	Controls
InsH2Bfabp_Size_03dpf_VAST02_plate01_POLDIP2_220929_H09	SE371	H09	1	8	1	Size	9	H	insH2Bfabp	Size	POLDIP2	220929	2	3	29sep2022 12:19:41	4.316667	3195.504	708741.4	976979.4	305.1696	271.048	246.0938	57720.95		.0001156	151.6859	17136.84				-60695.57	25069.14	0	.0528752	-.3465683	-.5470603	.1898871	.0831466	-.9001216	.0377594		1.980752	.2865772				Controls
InsH2Bfabp_Size_03dpf_VAST02_plate01_POLDIP2_220929_H10	SE379	H10	1	8	1	Size	10	H	insH2Bfabp	Size	POLDIP2	220929	2	3	29sep2022 12:30:13	4.5	3048.368	659304.8	948567.5	332.1651	292.8263	274.5439	67470.7	.0525692		152.283	19320.07	256215.2	65197.75	-4138.801	-63376.58	18953.41	0	-.5470603	-.7129065	-.6744897	.0075502	.0075502	-.8490862	.8787846	1.648073		.4480247	-.1998676	-.1728808	-.1355755	Controls
InsH2Bfabp_Size_03dpf_VAST02_plate01_POLDIP2_220929_H11	SE387	H11	1	8	1	Size	11	H	insH2Bfabp	Size	POLDIP2	220929	2	3	29sep2022 13:54:43	5.9	3156.773	848527.8	722319.3	279.091	175.8114	117.7041	24284.67			162.5345		229926.8	66962.28	-673.26	91398.24	-223721.9	0	-.1287059	.7524055	.9959445	-1.836626	-2.031852	.1661288	-2.168502				-.6059402	-.0614757	.0861181	Controls
InsH2Bfabp_Size_03dpf_VAST02_plate01_POLDIP2_220929_H12	SE395	H12	1	8	1	Size	12	H	insH2Bfabp	Size	POLDIP2	220929	2	3	29sep2022 14:04:36	6.066667	3068.808	855256.9	721631.5	324.9797	243.3396	202.9141	46804.81	.0467542	.0000316			318751.2	75156.86	1773.867	126080.2	-211080	0	-.4951674	.9012228	1.481197	-1.9251	-1.9251		-.8351834	1.195765	.2410404		.462721	.3121823	.1355755	Controls
InsH2Bfabp_Size_03dpf_VAST02_plate02_POLDIP2_220929_A01	SE396	A01	1	1	2	Size	1	A	insH2Bfabp	Size	POLDIP2	220929	2	3	29sep2022 14:08:04	6.133333	3404.32	1067838	838748.2	306.0214			41929.93	.0506384	.0001416		10228.27	529148.6	28411.87	-58585.04	232044.8	-144804.8	1	1.320264	2.746467	2.746467	-.9959445	-1.357259		-1.25125	1.431392	2.318758	-.4067242	1.603108	-2.177923	-2.177923	poldip2_crispants
InsH2Bfabp_Size_03dpf_VAST02_plate02_POLDIP2_220929_A02	SE404	A02	1	1	2	Size	2	A	insH2Bfabp	Size	POLDIP2	220929	2	3	29sep2022 14:17:39	6.283333	3107.57	854599	814762.6	281.1977	214.5753	181.7276	36576.54	.0401464	.0000604		25391.23				113104.9	-123822.7	1	-.3465683	.8567804	1.396212	-1.218875	-1.18773		-1.633282	.7438725	1.251137	1.231743				poldip2_crispants
InsH2Bfabp_Size_03dpf_VAST02_plate02_POLDIP2_220929_A03	SE412	A03	1	1	2	Size	3	A	insH2Bfabp	Size	POLDIP2	220929	2	3	29sep2022 14:26:45	6.433333	3108.43	850142.8	770111.1	298.6366	223.5544	188.1293	39537.35	.0348196		171.2272	1854.248				108375.5	-168604.4	1	-.3305772	.793115	1.218875	-1.693494	-1.633282	1.239183	-1.481197	.2005383		-1.362842				poldip2_crispants
InsH2Bfabp_Size_03dpf_VAST02_plate02_POLDIP2_220929_A05	SE428	A05	1	1	2	Size	5	A	insH2Bfabp	Size	POLDIP2	220929	2	3	29sep2022 14:44:55	6.733333	3300.78	802949.3	944589.9	306.1032	263.1154	247.7775	54401.25			153.062	41421.51				58.4273	-23273.34	1	.6004704	.4445756	.0226522	-.0377594	-.3146702	-.7301839	-.2052851			2.079254				poldip2_crispants
InsH2Bfabp_Size_03dpf_VAST02_plate02_POLDIP2_220929_A06	SE436	A06	1	1	2	Size	6	A	insH2Bfabp	Size	POLDIP2	220929	2	3	29sep2022 14:54:29	6.9	2681.063	773999	711433.1	259.3078			28860.47			143.809	14295.65				168036.8	-162521.6	1	-2.168502	.1134945	1.9251	-2.031852	-1.481197	-1.506478	-1.9251			-.0849127				poldip2_crispants
InsH2Bfabp_Size_03dpf_VAST02_plate02_POLDIP2_220929_A07	SE444	A07	1	1	2	Size	7	A	insH2Bfabp	Size	POLDIP2	220929	2	3	29sep2022 15:04:38	7.066667	3174.951	789849.9	858606.6	311.8391	231.3984	185.3373	42318.73	.0295575	.0000388		6699.219				26944.02	-90189.2	1	-.0528752	.2988425	.2674059	-.9012228	-1.021054		-1.18773	-.3915859	.5361763	-.6923432				poldip2_crispants
InsH2Bfabp_Size_03dpf_VAST02_plate02_POLDIP2_220929_A09	SE460	A09	1	1	2	Size	9	A	insH2Bfabp	Size	POLDIP2	220929	2	3	29sep2022 15:23:00	7.383333	3111.03	851249.4	837492.1				62207.03	.0284418	7.67e-06		3289.795	312141.7	102611.7	29656.38	108655.9	-101617.4	1	-.3146702	.8351834	1.25125	-1.021054	-1.100569		.4279676	-.464368	-1.465234	-1.018857	.4081435	1.212058	1.212058	poldip2_crispants
InsH2Bfabp_Size_03dpf_VAST02_plate02_POLDIP2_220929_A10	SE468	A10	1	1	2	Size	10	A	insH2Bfabp	Size	POLDIP2	220929	2	3	29sep2022 15:31:21	7.516667	3196.903	736136.5	1039157	285.5953	257.2564	237.8906	51978.76	.0305971	.0000115	163.2717	22879.03	237433.5	101893.9	33772.65	-33745.2	87034.2	1	.0680031	-.1287059	-.2362315	.9959445	.9475207	.2731704	-.3626485	-.2516333	-.9674216	.8176907	-.462721	1.162338	1.449999	poldip2_crispants
InsH2Bfabp_Size_03dpf_VAST02_plate02_POLDIP2_220929_A11	SE476	A11	1	1	2	Size	11	A	insH2Bfabp	Size	POLDIP2	220929	2	3	29sep2022 15:40:29	7.666667	3369.922	810575.6	1103158	323.9195	296.2203	289.8438	68936.16	.0271968	.0000133	161.6248	16269.53	292627.3	106604.3	34911.69	-14286.41	124817.5	1	1.046824	.5123105	-.0528752	1.9251	1.633282	.1133889	.9959445	-.7438725	-.8151858	.1800124	.1998676	1.382994	1.607964	poldip2_crispants
InsH2Bfabp_Size_03dpf_VAST02_plate02_POLDIP2_220929_A12	SE484	A12	1	1	2	Size	12	A	insH2Bfabp	Size	POLDIP2	220929	2	3	29sep2022 15:51:15	7.85	3107.273	830523.7	950421.8	323.4695	259.5234	226.9599	52935.79	.0319152	.0000288	175.3731					89123.8	11881.46	1	-.3626485	.6744897	.9475207	.0377594	-.0831466	2.111583	-.3146702	-.0997664	.1024905					poldip2_crispants
InsH2Bfabp_Size_03dpf_VAST02_plate02_POLDIP2_220929_B01	SE397	B01	1	2	2	Size	1	B	insH2Bfabp	Size	POLDIP2	220929	2	3	29sep2022 14:09:11	6.15	3322.486	904095.4	938219.6	312.5631	241.6942	216.1198	46161.8	.0317084	8.32e-06	167.6018	3439.331	441789.6	77011.11	-4333.167	94307.2	-32932.73	0	.7524055	1.396212	1.046824	-.159222	-.4445756	.7531015	-.8567804	-.1331943	-1.371985	-.9876823	1.156382	.36423	-.1604216	Controls
InsH2Bfabp_Size_03dpf_VAST02_plate02_POLDIP2_220929_B04	SE421	B04	1	2	2	Size	4	B	insH2Bfabp	Size	POLDIP2	220929	2	3	29sep2022 14:37:39	6.616667	2966.39	769423.2	917284.6				73960.57	.0222949	6.33e-06	167.0848	14564.82	278316.7	52038.57	-18728.07	72791.99	92.91872	0	-.7726002	.0680031	.6935702	-.378823	-.1439472	.7076435	1.320264	-1.992123	-1.703709	-.0377026	-.0248206	-.737556	-.705672	Controls
InsH2Bfabp_Size_03dpf_VAST02_plate02_POLDIP2_220929_B05	SE429	B05	1	2	2	Size	5	B	insH2Bfabp	Size	POLDIP2	220929	2	3	29sep2022 14:45:48	6.75	3255.954	878225.7	934570.9	339.3366	266.5711	226.418	55836.79	.0313765	.0000288	163.8283					89579.42	-26499.54	0	.3626485	1.073309	.9714479	-.2362315	-.3465683	.3647771	-.0831466	-.1836288	.1196481					Controls
InsH2Bfabp_Size_03dpf_VAST02_plate02_POLDIP2_220929_B06	SE437	B06	1	2	2	Size	6	B	insH2Bfabp	Size	POLDIP2	220929	2	3	29sep2022 14:55:21	6.916667	3264.214	961248.2	916178	313.0697			44472.05		.0000336	170.1303	57840.58	516527.7	51560.06	-34620.2	169977.2	-46144.11	0	.4279676	1.836626	2.031852	-.3950973	-.5296054	1.101146	-.9714479		.3479321	2.672948	1.377632	-.8037028	-1.449999	Controls
InsH2Bfabp_Size_03dpf_VAST02_plate02_POLDIP2_220929_B07	SE445	B07	1	2	2	Size	7	B	insH2Bfabp	Size	POLDIP2	220929	2	3	29sep2022 15:05:47	7.083333	3285.25	764099.8	1016068	310.8028	272.0062	242.4802	58109.74	.0263786	.0000219	162.3834					-33856.07	50558.24	0	.5123105	.0226522	-.2517881	.6935702	.378823	.1485047	.0680031	-.9073185	-.223522					Controls
InsH2Bfabp_Size_03dpf_VAST02_plate02_POLDIP2_220929_B08	SE453	B08	1	2	2	Size	8	B	insH2Bfabp	Size	POLDIP2	220929	2	3	29sep2022 15:15:02	7.25	3218.008	712091.1	1027582	293.8456	264.7763	247.1539	55119.02	.0231241	6.27e-06	160.1778	10018.92				-64496.96	72262.06	0	.174534	-.2988425	-.6935702	.8139691	.7129065	-.0261137	-.1134945	-1.530764	-1.781505	-.4480247				Controls
InsH2Bfabp_Size_03dpf_VAST02_plate02_POLDIP2_220929_B09	SE461	B09	1	2	2	Size	9	B	insH2Bfabp	Size	POLDIP2	220929	2	3	29sep2022 15:23:57	7.383333	3315.983	785214.3	1038229	307.0196	273.1093	251.5625	58588.26	.0378117	.0000217	161.3283	13488.16	293509.5	103434.1	31684.43	-22507.69	68062.37	0	.7129065	.2207319	-.0983092	.9714479	.6186536	.0784124	.1515802	.5590041	-.2410404	-.1704431	.2252534	1.321681	1.382994	Controls
InsH2Bfabp_Size_03dpf_VAST02_plate02_POLDIP2_220929_B10	SE469	B10	1	2	2	Size	10	B	insH2Bfabp	Size	POLDIP2	220929	2	3	29sep2022 15:32:22	7.533333	3333.224	788982.6	1014005	311.1263	280.2123	262.4787	61668.7	.0314278	.0000163	165.0324	21413.57	272649.2	69549.26	-850.6716	-24217.83	41225	0	.8351834	.2830892	-.1134945	.6556518	.2674059	.518418	.3950973	-.1667717	-.5361763	.6221632	-.0496566	.0861181	.0614757	Controls
InsH2Bfabp_Size_03dpf_VAST02_plate02_POLDIP2_220929_B11	SE477	B11	1	2	2	Size	11	B	insH2Bfabp	Size	POLDIP2	220929	2	3	29sep2022 15:41:45	7.683333	3257.265	828101.2	980179.4	444.2331	355.5523	303.0623	99291.99	.0345323	.0000147	160.2431					39038.23	18910.26	0	.3950973	.6186536	.4114769	.2362315	-.0075502	.0087037	2.746467	.1331943	-.6167268					Controls
InsH2Bfabp_Size_03dpf_VAST02_plate02_POLDIP2_220929_B12	SE485	B12	1	2	2	Size	12	B	insH2Bfabp	Size	POLDIP2	220929	2	3	29sep2022 15:52:27	7.866667	2878.946	695522.4	990258.2	337.2109	281.9672	265.2344	62685.55	.0223875	.0000292	169.496	16030.27	234711.9	71448.37	3503.199	26678.55	86317.36	0	-1.100569	-.4114769	.2517881	.3305772	.9241241	.9536166	.4781687	-1.883722	.136841	.1038439	-.4905251	.1604216	.2104284	Controls
InsH2Bfabp_Size_03dpf_VAST02_plate02_POLDIP2_220929_C01	SE398	C01	1	3	2	Size	1	C	insH2Bfabp	Size	POLDIP2	220929	2	3	29sep2022 14:10:05	6.166667	3244.542	870808.7	776720.6				21383.67	.0686367		172.0513		313966.1	69295.05	-3778.319	85788.86	-182620.6	1	.2988425	.9959445	.9241241	-1.578469	-1.760558	1.406006	-2.364134	2.32884			.4352702	.0614757	-.1108129	poldip2_crispants
InsH2Bfabp_Size_03dpf_VAST02_plate02_POLDIP2_220929_C02	SE406	C02	1	3	2	Size	2	C	insH2Bfabp	Size	POLDIP2	220929	2	3	29sep2022 14:20:05	6.333333	3267.445	670220.9	986160.9	289.9414	254.5133	235.1563	50961.91	.0270433	8.55e-06	152.827	18751.83				-122076.8	23349.13	1	.4613071	-.6186536	-1.396212	.2830892	.0528752	-.7531015	-.4114769	-.7883986	-1.289343	.3260839				poldip2_crispants
InsH2Bfabp_Size_03dpf_VAST02_plate02_POLDIP2_220929_C03	SE414	C03	1	3	2	Size	3	C	insH2Bfabp	Size	POLDIP2	220929	2	3	29sep2022 14:28:55	6.466667	3356.492	881545.4	847839.9	321.0471	255.5122	216.9651	51350.71		.0000762	167.0869					60951.12	-128465.5	1	.9959445	1.157696	.5646834	-.9714479	-1.218875	.7301839	-.3950973		1.41707					poldip2_crispants
InsH2Bfabp_Size_03dpf_VAST02_plate02_POLDIP2_220929_C04	SE422	C04	1	3	2	Size	4	C	insH2Bfabp	Size	POLDIP2	220929	2	3	29sep2022 14:38:35	6.633333	3223.25	710416.3	1024053	273.8924	252.726	243.3594	50184.33	.0398191	.0000514	149.8919	27634.28	247273	76861.57	8103.63	-67837.82	67938.58	1	.2052851	-.3305772	-.7524055	.7726002	.6004704	-1.039416	-.5470603	.7007746	.9405437	1.585812	-.3023618	.3380917	.3906196	poldip2_crispants
InsH2Bfabp_Size_03dpf_VAST02_plate02_POLDIP2_220929_C05	SE430	C05	1	3	2	Size	5	C	insH2Bfabp	Size	POLDIP2	220929	2	3	29sep2022 14:46:53	6.766667	2775.399	670729.4	871676	266.9622	232.1093	218.75	42348.63	.0346743	.0000498	161.812	9869.385	187294	35006.41	-29870.55	34789.8	-16573.89	1	-1.578469	-.6004704	.3626485	-.8351834	-.2517881	.1309267	-1.157696	.1667717	.8887273	-.4689607	-1.259303	-1.607964	-1.070679	poldip2_crispants
InsH2Bfabp_Size_03dpf_VAST02_plate02_POLDIP2_220929_C06	SE438	C06	1	3	2	Size	6	C	insH2Bfabp	Size	POLDIP2	220929	2	3	29sep2022 14:56:33	6.933333	3376.872	802739.9	1112938	315.5	278.3604	253.1125	60861.21	.043747	.0000427	161.2285	19140.63	272245.5	88016.97	17643.16	-24330.74	133543.9	1	1.128672	.419708	-.1287059	2.364134	1.836626	.0609627	.3465683	.9852459	.6585199	.3965093	-.0745232	.705672	.737556	poldip2_crispants
InsH2Bfabp_Size_03dpf_VAST02_plate02_POLDIP2_220929_C07	SE446	C07	1	3	2	Size	7	C	insH2Bfabp	Size	POLDIP2	220929	2	3	29sep2022 15:06:57	7.1	3304.156	733684.1	890876.4	346.1386			63223.88	.0283521	.000031	157.4925	4246.826	323327	52875.98	-20803.1	-70279.47	-77498.31	1	.6556518	-.1439472	-.8351834	-.6186536	-.9714479	-.3462343	.5383123	-.5205949	.206072	-.9280465	.5473207	-.6139995	-.7702081	poldip2_crispants
InsH2Bfabp_Size_03dpf_VAST02_plate02_POLDIP2_220929_C08	SE454	C08	1	3	2	Size	8	C	insH2Bfabp	Size	POLDIP2	220929	2	3	29sep2022 15:16:01	7.266667	3460.078	915549.9	933883.1	331.4724	263.312	225.0043	54461.06	.0457461	.0000597	166.5736	8433.838				62038.89	-58119.2	1	1.836626	1.528026	.5824836	-.2517881	-.7325131	.6420614	-.1822052	1.162498	1.214676	-.577044				poldip2_crispants
InsH2Bfabp_Size_03dpf_VAST02_plate02_POLDIP2_220929_C09	SE462	C09	1	3	2	Size	9	C	insH2Bfabp	Size	POLDIP2	220929	2	3	29sep2022 15:24:56	7.4	3327.484	755307	1061258	285.6834	259.7019	243.3594	52995.61	.0310193	.0000118	158.4294	26527.71	302122.8	114395.1	42088.1	-56069.39	89348.19	1	.8139691	-.0226522	-.5123105	1.157696	1.046824	-.255145	-.2988425	-.2175053	-.9405437	1.362842	.3023618	1.607964	1.704781	poldip2_crispants
InsH2Bfabp_Size_03dpf_VAST02_plate02_POLDIP2_220929_C12	SE486	C12	1	3	2	Size	12	C	insH2Bfabp	Size	POLDIP2	220929	2	3	29sep2022 15:53:45	7.883333	2800.686	724891.4	852625.1	354.6916			64689.33	.0636321	.0000975	165.8317	2661.743				80916.2	-39456.67	1	-1.481197	-.2207319	.793115	-.9241241	-.4781687	.5586672	.7129065	1.992123	1.703709	-1.118958				poldip2_crispants
InsH2Bfabp_Size_03dpf_VAST02_plate02_POLDIP2_220929_D01	SE399	D01	1	4	2	Size	1	D	insH2Bfabp	Size	POLDIP2	220929	2	3	29sep2022 14:11:25	6.183333	3080.213	644411	887257.7	286.5256	262.6045	251.7044	54161.99	.0315397	.0000546	166.9339	26946.41	228266.9	70281.98	2753.844	-88389.97	-47182.08	0	-.4445756	-.9012228	-.9959445	-.6556518	-.5824836	.6854571	-.2207319	-.1499619	1.082768	1.412188	-.6667208	.1355755	.185367	Controls
InsH2Bfabp_Size_03dpf_VAST02_plate02_POLDIP2_220929_D02	SE407	D02	1	4	2	Size	2	D	insH2Bfabp	Size	POLDIP2	220929	2	3	29sep2022 14:21:15	6.35	2830.501	786410.5	833663.9	263.2077	188.706	168.4257	28023.07	.0504241	.0001929	130.1276		302750.8	46176.76	-26170.92	132961.1	-62935.8	0	-1.357259	.2517881	1.528026	-1.100569	-.7726002	-2.699497	-2.031852	1.344434	2.706351		.3284463	-1.02806	-.9479847	Controls
InsH2Bfabp_Size_03dpf_VAST02_plate02_POLDIP2_220929_D03	SE415	D03	1	4	2	Size	3	D	insH2Bfabp	Size	POLDIP2	220929	2	3	29sep2022 14:29:53	6.483333	3345.182	900745.9	943752.4	305.6336	236.0702	205.6638	44172.97		.0000482	168.4485	8792.725	527503.7	53055.42	-33835.05	83745.34	-30839.22	0	.9475207	1.357259	.8787846	-.0528752	-.4279676	.8243825	-1.021054		.8151858	-.5330702	1.519197	-.5845898	-1.264969	Controls
InsH2Bfabp_Size_03dpf_VAST02_plate02_POLDIP2_220929_D04	SE423	D04	1	4	2	Size	4	D	insH2Bfabp	Size	POLDIP2	220929	2	3	29sep2022 14:39:29	6.65	3376.036	974885.9	882592.2	319.2282			44606.63			169.8237	2272.949	339297.5	134044.2	59331.73	148080.9	-96674.87	0	1.100569	1.9251	1.633282	-.6935702	-1.073309	1.069771	-.9475207			-1.231743	.7300714	1.704781	1.820865	Controls
InsH2Bfabp_Size_03dpf_VAST02_plate02_POLDIP2_220929_D05	SE431	D05	1	4	2	Size	5	D	insH2Bfabp	Size	POLDIP2	220929	2	3	29sep2022 14:47:57	6.783333	3426.249	794784.6	1100287	338.8815	300.8547	283.7101	71119.38	.035043	.0000192	161.5487	21922	334960.9	108712.8	34280.91	-47976.48	113410.9	0	1.633282	.3305772	-.3626485	1.836626	1.481197	.095886	1.157696	.2345352	-.3661064	.6804168	.6667208	1.449999	1.524231	Controls
InsH2Bfabp_Size_03dpf_VAST02_plate02_POLDIP2_220929_D06	SE439	D06	1	4	2	Size	6	D	insH2Bfabp	Size	POLDIP2	220929	2	3	29sep2022 14:58:00	6.966667	3064.208	736794.4	974586.8	358.4848			71986.7	.0262915	.0000163	168.2469	23895.88	269404.3	82185.06	11995.1	9079.438	42572.37	0	-.5123105	-.1134945	.0831466	.174534	.3146702	.8001721	1.25125	-.9326642	-.5559701	1.018857	-.1244107	.5556775	.5556775	Controls
InsH2Bfabp_Size_03dpf_VAST02_plate02_POLDIP2_220929_D07	SE447	D07	1	4	2	Size	7	D	insH2Bfabp	Size	POLDIP2	220929	2	3	29sep2022 15:08:40	7.133333	3122.217	792511.6	893956.9	357.5072			62326.66	.0256577	.0000184	172.1187	4067.383				46363.17	-46847.79	0	-.2517881	.3146702	.4951674	-.5646834	-.5646834	1.454408	.4613071	-1.040703	-.440101	-.9574387				Controls
InsH2Bfabp_Size_03dpf_VAST02_plate02_POLDIP2_220929_D08	SE455	D08	1	4	2	Size	8	D	insH2Bfabp	Size	POLDIP2	220929	2	3	29sep2022 15:17:05	7.283333	3327.209	794874.3	652426.1	327.1921			41840.21				986.9385				-16415.02	-319442	0	.793115	.3465683	-.0680031	-2.364134	-2.746467		-1.284992			-1.655889				Controls
InsH2Bfabp_Size_03dpf_VAST02_plate02_POLDIP2_220929_D09	SE463	D09	1	4	2	Size	9	D	insH2Bfabp	Size	POLDIP2	220929	2	3	29sep2022 15:26:03	7.433333	3031.326	746424.6	1068585	331.617	295.6812		69145.51	.0252074	9.17e-06	163.5863	27066.04	327663.6	92084.35	18124.68	29158.63	141553.6	0	-.5824836	-.0528752	.2988425	1.396212	1.9251	.3278097	1.021054	-1.13047	-1.214676	1.465234	.6059402	.7702081	.8037028	Controls
InsH2Bfabp_Size_03dpf_VAST02_plate02_POLDIP2_220929_D10	SE471	D10	1	4	2	Size	10	D	insH2Bfabp	Size	POLDIP2	220929	2	3	29sep2022 15:34:25	7.566667	3156.113	775165.4	1037841	357.1161			77788.7	.0251793	.0000146	163.4234	21981.81	325659.8	96959.23	23129.21	18245.66	91899.4	0	-.1439472	.1287059	.159222	.9475207	1.128672	.291285	1.693494	-1.162498	-.6374841	.7410772	.5763829	.8735691	.8735691	Controls
InsH2Bfabp_Size_03dpf_VAST02_plate02_POLDIP2_220929_D11	SE479	D11	1	4	2	Size	11	D	insH2Bfabp	Size	POLDIP2	220929	2	3	29sep2022 15:44:25	7.733333	3301.74	807046.5	937561.6	283.2684	249.8725	232.9647	49047.85	.0434458		159.6098	43814.09	322609.3	81063.54	7430.91	3850.629	-30447.06	0	.6186536	.4781687	.0680031	-.1898871	-.4114769	-.095886	-.6004704	.9073185		2.280866	.5187137	.4991879	.3380917	Controls
InsH2Bfabp_Size_03dpf_VAST02_plate02_POLDIP2_220929_D12	SE487	D12	1	4	2	Size	12	D	insH2Bfabp	Size	POLDIP2	220929	2	3	29sep2022 15:54:44	7.9	3223.935	722917.5	1030304	305.6793	276.026	259.8259	59844.36	.0269231	.0000273	164.6302	16837.77				-55554.03	74085.45	0	.2207319	-.2362315	-.4951674	.8567804	.7325131	.4211972	.2752391	-.8345458	.0341104	.2475129				Controls
InsH2Bfabp_Size_03dpf_VAST02_plate02_POLDIP2_220929_E01	SE400	E01	1	5	2	Size	1	E	insH2Bfabp	Size	POLDIP2	220929	2	3	29sep2022 14:12:19	6.2	3172.873	690498.1	977846.7	288.8799	253.0387	229.6875	50303.95	.025219	.0000297	167.9931	14026.49	262585.4	65018.31	-4730.433	-71747.34	29365.88	1	-.0680031	-.4613071	-.8787846	.2052851	.0983092	.7764218	-.5296054	-1.099562	.1713538	-.1133231	-.1746099	-.2104284	-.185367	poldip2_crispants
InsH2Bfabp_Size_03dpf_VAST02_plate02_POLDIP2_220929_E02	SE408	E02	1	5	2	Size	2	E	insH2Bfabp	Size	POLDIP2	220929	2	3	29sep2022 14:22:08	6.366667	3415.498	922428.6	935258.8	321.6781			43515.02	.043466			20994.87	347761.2	56494.75	-18765.36	83083.71	-49988.08	1	1.481197	1.578469	.8351834	-.2052851	-.6556518		-1.073309	.9326642		.5659488	.8666412	-.5556775	-.737556	poldip2_crispants
InsH2Bfabp_Size_03dpf_VAST02_plate02_POLDIP2_220929_E03	SE416	E03	1	5	2	Size	3	E	insH2Bfabp	Size	POLDIP2	220929	2	3	29sep2022 14:31:09	6.516667	3286.754	874337.8	792033.1	295.9351	227.6884	193.8246	41062.62	.0675399	.0000726	170.9683	4785.156				75904.11	-173704.7	1	.5296054	1.046824	.7524055	-1.396212	-1.693494	1.202508	-1.396212	2.130716	1.371985	-.8443099				poldip2_crispants
InsH2Bfabp_Size_03dpf_VAST02_plate02_POLDIP2_220929_E04	SE424	E04	1	5	2	Size	4	E	insH2Bfabp	Size	POLDIP2	220929	2	3	29sep2022 14:40:38	6.666667	3193.214	798433.3	876371.4	306.2327	247.8007	215.9388	48270.27	.0283938	.0000212	166.4993	5532.837	362535.4	68966.06	-7250.018	29724.03	-75191.74	1	.0377594	.378823	.3146702	-.7524055	-.9241241	.6208137	-.7129065	-.501678	-.2586331	-.8176907	.9807163	.0368705	-.3380917	poldip2_crispants
InsH2Bfabp_Size_03dpf_VAST02_plate02_POLDIP2_220929_E05	SE432	E05	1	5	2	Size	5	E	insH2Bfabp	Size	POLDIP2	220929	2	3	29sep2022 14:49:09	6.816667	3423.509	881216.4	909418.9	303.5113	231.835	197.6701	42408.45	.037621	.0000125	172.7055	5652.466	902061.8	136107.8	24981.26	39325.85	-77041.93	1	1.528026	1.128672	.4279676	-.4781687	-.9475207	1.624981	-1.128672	.482939	-.8887273	-.7916386	2.579268	1.820865	.9101468	poldip2_crispants
InsH2Bfabp_Size_03dpf_VAST02_plate02_POLDIP2_220929_E06	SE440	E06	1	5	2	Size	6	E	insH2Bfabp	Size	POLDIP2	220929	2	3	29sep2022 14:59:30	6.983333	3444.256	948866.6	963281.9	321.5307	246.5886	207.8125	48150.63	.0261569	.0000141	169.5793		572155.1	62207.03	-27572.64	100383.1	-26322.88	1	1.760558	1.760558	1.100569	.0831466	-.3305772	.9814135	-.7325131	-.9586237	-.7014965		1.964217	-.3121823	-1.02806	poldip2_crispants
InsH2Bfabp_Size_03dpf_VAST02_plate02_POLDIP2_220929_E07	SE448	E07	1	5	2	Size	7	E	insH2Bfabp	Size	POLDIP2	220929	2	3	29sep2022 15:09:46	7.15	2746.579	651409.3	822867.4	254.3928	217.0277	196.875	36995.24	.0365644		159.7871	23507.08				24627.7	-61015.34	1	-1.836626	-.7726002	.2362315	-1.18773	-.7524055	-.0609627	-1.578469	.4276937		.9280465				poldip2_crispants
InsH2Bfabp_Size_03dpf_VAST02_plate02_POLDIP2_220929_E08	SE456	E08	1	5	2	Size	8	E	insH2Bfabp	Size	POLDIP2	220929	2	3	29sep2022 15:18:02	7.3	3295.36	821880.5	945636.6	297.6521	239.242	214.535	45040.28	.0204397	.0000106	171.4391		402282.1	109759.5	30971.61	20712.21	-21405.17	1	.5470603	.5646834	.2052851	-.0226522	-.2988425	1.277605	-.9241241	-2.715253	-1.082768		1.021684	1.524231	1.264969	poldip2_crispants
InsH2Bfabp_Size_03dpf_VAST02_plate02_POLDIP2_220929_E09	SE464	E09	1	5	2	Size	9	E	insH2Bfabp	Size	POLDIP2	220929	2	3	29sep2022 15:26:59	7.433333	3159.85	761647.3	940283.2	411.5308	328.8227	293.0919	85205.69	.0238677	9.27e-06	168.8725	6669.312				3540.147	-6224.236	1	-.1134945	-.0075502	.0528752	-.0831466	-.1898871	.8743192	1.9251	-1.386603	-1.179761	-.7164975				poldip2_crispants
InsH2Bfabp_Size_03dpf_VAST02_plate02_POLDIP2_220929_E12	SE488	E12	1	1	2	Size	12	E	insH2Bfabp	Size	POLDIP2	220929	2	3	29sep2022 15:56:07	7.933333	3076.418	908222.6	946533.8	296.8845			41541.14	.0391713	.0000392		19230.35	468975.2	48569.34	-34534.01	176627.6	12669.11	1	-.4613071	1.481197	2.364134	-.0075502	-.0528752		-1.320264	.6384531	.5559701	.4272834	1.259303	-.987231	-1.382994	poldip2_crispants
InsH2Bfabp_Size_03dpf_VAST02_plate02_POLDIP2_220929_F02	SE409	F02	1	6	2	Size	2	F	insH2Bfabp	Size	POLDIP2	220929	2	3	29sep2022 14:23:08	6.383333	3245.179	926226.8	750521.9	308.0914	236.6161	199.8821	44292.6	.0323097	.0000272	178.6655					141004.5	-208915.8	0	.3146702	1.633282	1.578469	-1.760558	-1.836626	2.699497	-.9959445	-.0664496	.0170527					Controls
InsH2Bfabp_Size_03dpf_VAST02_plate02_POLDIP2_220929_F03	SE417	F03	1	6	2	Size	3	F	insH2Bfabp	Size	POLDIP2	220929	2	3	29sep2022 14:32:10	6.533333	3279.116	824572.1	1002730	319.1494	277.4507	250.2964	60472.41	.0593723	.0000368	154.5318	15671.39	286346.8	171802.1	100515.8	28565.68	38149.21	0	.4951674	.5824836	.2830892	.5296054	.174534	-.5791321	.3305772	1.793784	.477996	.0565706	.0745232	2.177923	2.582669	Controls
InsH2Bfabp_Size_03dpf_VAST02_plate02_POLDIP2_220929_F04	SE425	F04	1	6	2	Size	4	F	insH2Bfabp	Size	POLDIP2	220929	2	3	29sep2022 14:41:45	6.683333	3304.233	886749.3	849873.7	309.6872	228.3107	205.1767	41331.79	.0248129	.0000197			300627.4	78775.63	6565.353	82761.13	-118512.8	0	.6744897	1.25125	.8139691	-.9475207	-1.128672		-1.357259	-1.230412	-.3298721		.2764816	.4442488	.3121823	Controls
InsH2Bfabp_Size_03dpf_VAST02_plate02_POLDIP2_220929_F05	SE433	F05	1	6	2	Size	5	F	insH2Bfabp	Size	POLDIP2	220929	2	3	29sep2022 14:50:12	6.833333	3413.106	796638.8	940103.8	349.5934	268.485	262.2648	56823.73	.0228064	.000015	176.6773		445557.9	39926.15	-41661.96	-41945.98	-44780.69	0	1.437407	.3626485	-.2830892	-.1134945	-.5123105	2.310991	-.0075502	-1.793784	-.5962318		1.206246	-1.321681	-1.820865	Controls
InsH2Bfabp_Size_03dpf_VAST02_plate02_POLDIP2_220929_F06	SE441	F06	1	6	2	Size	6	F	insH2Bfabp	Size	POLDIP2	220929	2	3	29sep2022 15:01:03	7.016667	3143.58	864139.4	875863.1	323.9577	244.5918		47313.23	.0475671	.0000314		7267.456				111202.3	-68178.93	0	-.1898871	.9475207	1.320264	-.793115	-.8351834		-.793115	1.266601	.223522	-.6685863				Controls
InsH2Bfabp_Size_03dpf_VAST02_plate02_POLDIP2_220929_F07	SE449	F07	1	6	2	Size	7	F	insH2Bfabp	Size	POLDIP2	220929	2	3	29sep2022 15:10:41	7.166667	3401.436	883040.8	1037272	431.5033	343.6464	320.4809	92876.89	.0205312	.000011	163.0873	10796.51	540004.9	23836.06	-63863.31	48164.41	54156.3	0	1.284992	1.18773	.5296054	.9241241	.4279676	.2372021	2.168502	-2.32884	-1.052616	-.3863356	1.816414	-2.582669	-2.582669	Controls
InsH2Bfabp_Size_03dpf_VAST02_plate02_POLDIP2_220929_F08	SE457	F08	1	6	2	Size	8	F	insH2Bfabp	Size	POLDIP2	220929	2	3	29sep2022 15:19:17	7.316667	3184.884	880887.4	812818.6	295.9953			36337.28	.0498657			807.4951	286959.8	92742.31	21416.4	114825.2	-137482.3	0	.0075502	1.100569	1.437407	-1.284992	-1.25125		-1.693494	1.30453		-1.735192	.099436	.8037028	.8381245	Controls
InsH2Bfabp_Size_03dpf_VAST02_plate02_POLDIP2_220929_F09	SE465	F09	1	6	2	Size	9	F	insH2Bfabp	Size	POLDIP2	220929	2	3	29sep2022 15:27:50	7.45	3171.959	828280.6	928021.3		306.7899		74349.37	.0403013	8.38e-06	174.6487	11544.19				66325.52	-20321.12	0	-.0831466	.6370437	.6186536	-.3465683	-.2830892	1.971987	1.357259	.7883986	-1.329529	-.3260839				Controls
InsH2Bfabp_Size_03dpf_VAST02_plate02_POLDIP2_220929_F10	SE473	F10	1	6	2	Size	10	F	insH2Bfabp	Size	POLDIP2	220929	2	3	29sep2022 15:36:46	7.6	3381.389	993458.3	1051060	336.5622	269.4785	236.811	57122.8	.0266027	.0000137		14654.54	575444.9	67321.16	-22671.38	164952.2	70981.37	0	1.157696	2.364134	1.836626	1.046824	.6935702		.0075502	-.858297	-.7916386	-.0094236	2.174029	-.0368705	-.8735691	Controls
InsH2Bfabp_Size_03dpf_VAST02_plate02_POLDIP2_220929_F11	SE481	F11	1	6	2	Size	11	F	insH2Bfabp	Size	POLDIP2	220929	2	3	29sep2022 15:47:07	7.783333	3074.822	720734.3	770499.9	287.5264	231.3412	207.6583	42139.28	.0281103	.0000262	168.9043	11693.73	290070.2	37892.46	-33634.71	-10353.35	-163122.8	0	-.4781687	-.2674059	-.0377594	-1.633282	-1.528026	.9265376	-1.218875	-.5785188	-.0682605	-.3062708	.1244107	-1.449999	-1.212058	Controls
InsH2Bfabp_Size_03dpf_VAST02_plate02_POLDIP2_220929_F12	SE489	F12	1	6	2	Size	12	F	insH2Bfabp	Size	POLDIP2	220929	2	3	29sep2022 15:57:10	7.95	3258.549	802739.9	1012090	337.2325			66543.58	.0304577	.0000299	159.0516	25271.61	354116.5	78102.72	2431.388	13269.08	50626.77	0	.4114769	.419708	.1134945	.6186536	.3950973	-.1485047	.7726002	-.2688054	.1886844	1.192455	.9033567	.3906196	.1604216	Controls
InsH2Bfabp_Size_03dpf_VAST02_plate02_POLDIP2_220929_G01	SE402	G01	1	7	2	Size	1	G	insH2Bfabp	Size	POLDIP2	220929	2	3	29sep2022 14:15:06	6.25	3218.797	845955.8	834321.9	319.6521	253.703	220.766	50632.93	.0307596	.0000129	172.7225	3020.63				69116.89	-121118.1	1	.1898871	.7325131	.6744897	-1.073309	-1.157696	1.693934	-.4781687	-.2345352	-.8391938	-1.051056				poldip2_crispants
InsH2Bfabp_Size_03dpf_VAST02_plate02_POLDIP2_220929_G02	SE410	G02	1	7	2	Size	2	G	insH2Bfabp	Size	POLDIP2	220929	2	3	29sep2022 14:24:28	6.4	3322.835	884296.9	928828.8	337.6649	248.6055	206.9132	48778.69	.0249225	5.48e-06	170.5316	5712.28				74397.78	-42376.47	1	.7726002	1.218875	.7129065	-.3305772	-.4951674	1.133643	-.6463197	-1.195765	-1.871871	-.7661131				poldip2_crispants
InsH2Bfabp_Size_03dpf_VAST02_plate02_POLDIP2_220929_G03	SE418	G03	1	7	2	Size	3	G	insH2Bfabp	Size	POLDIP2	220929	2	3	29sep2022 14:33:29	6.55	3230.481	719807.1	1054948	295.8643	261.9396	237.6399	53892.82	.0326697	.0000284	157.9836	21951.9				-60744.51	97737.08	1	.2517881	-.2830892	-.5646834	1.073309	1.25125	-.3094957	-.2362315	-.0332065	.0682605	.7164975				poldip2_crispants
InsH2Bfabp_Size_03dpf_VAST02_plate02_POLDIP2_220929_G05	SE434	G05	1	7	2	Size	5	G	insH2Bfabp	Size	POLDIP2	220929	2	3	29sep2022 14:51:30	6.85	3411.066	904932.9	1007515	346.3717	261.0013	227.2024	53563.84	.0280517	.0000142	173.2061	25211.79	539107.7	46057.13	-41584.19	66996.51	22939.39	1	1.357259	1.437407	.6556518	.5646834	.0377594	1.772034	-.2517881	-.5982564	-.6798513	1.154927	1.700117	-1.115337	-1.704781	poldip2_crispants
InsH2Bfabp_Size_03dpf_VAST02_plate02_POLDIP2_220929_G06	SE442	G06	1	7	2	Size	6	G	insH2Bfabp	Size	POLDIP2	220929	2	3	29sep2022 15:02:06	7.033333	3350.373	859354.3	833514.4	293.8522			39716.8	.0379742	.0000578	173.5862	1136.475				40704.26	-141863.8	1	.9714479	.9241241	.4613071	-1.128672	-1.284992	1.862732	-1.437407	.5785188	1.146228	-1.522757				poldip2_crispants
InsH2Bfabp_Size_03dpf_VAST02_plate02_POLDIP2_220929_G07	SE450	G07	1	7	2	Size	7	G	insH2Bfabp	Size	POLDIP2	220929	2	3	29sep2022 15:11:45	7.183333	3245.526	782881.5	1016158	295.2356	254.2634	237.8906	50812.38	.0245969	.0000197	162.6366		290877.7	49556.27	-22023.14	-2451.211	56667.46	1	.3305772	.174534	-.0075502	.7129065	.5123105	.2015382	-.4279676	-1.266601	-.3479321		.1494632	-.8735691	-.8381245	poldip2_crispants
InsH2Bfabp_Size_03dpf_VAST02_plate02_POLDIP2_220929_G08	SE458	G08	1	7	2	Size	8	G	insH2Bfabp	Size	POLDIP2	220929	2	3	29sep2022 15:20:59	7.333333	3057.393	808990.5	987387.1	343.7417	287.4157	269.6723	65167.85	.0369643	.0000128	147.6637					83441.17	56405.36	1	-.5296054	.4951674	.8567804	.3146702	.4951674	-1.202508	.7524055	.464368	-.8636957					poldip2_crispants
InsH2Bfabp_Size_03dpf_VAST02_plate02_POLDIP2_220929_G09	SE466	G09	1	7	2	Size	9	G	insH2Bfabp	Size	POLDIP2	220929	2	3	29sep2022 15:29:01	7.483333	2741.647	727702.6	814433.6	343.7188	285.0605	263.0896	64031.37	.0436251	.0000394	151.7179	16149.9	338190.9	85175.78	10534.93	102488.3	-68701.76	1	-1.9251	-.1898871	1.128672	-1.25125	-.8567804	-.8743192	.6556518	.9586237	.5759842	.1513505	.6980458	.64395	.4172841	poldip2_crispants
InsH2Bfabp_Size_03dpf_VAST02_plate02_POLDIP2_220929_G10	SE474	G10	1	7	2	Size	10	G	insH2Bfabp	Size	POLDIP2	220929	2	3	29sep2022 15:37:44	7.616667	3255.092	770410.1	949853.5	292.7141	240.4204	210.6236	45399.17	.0281587	.0000204	148.9838		346325.7	73541.87	-1625.351	-17962.36	-11086.42	1	.3465683	.0983092	-.0831466	.0226522	-.2362315	-1.133643	-.9012228	-.5590041	-.294066		.8310585	.2609674	.0122877	poldip2_crispants
InsH2Bfabp_Size_03dpf_VAST02_plate02_POLDIP2_220929_G11	SE482	G11	1	7	2	Size	11	G	insH2Bfabp	Size	POLDIP2	220929	2	3	29sep2022 15:48:39	7.8	3039.936	763681	835727.6	334.914	253.9975	215.259	50752.56	.0508346	.000047	172.1621	8254.395				43678.94	-92608.84	1	-.5646834	.0075502	.4781687	-1.046824	-1.046824	1.506478	-.4529255	1.479252	.7234756	-.599451				poldip2_crispants
InsH2Bfabp_Size_03dpf_VAST02_plate02_POLDIP2_220929_G12	SE490	G12	1	7	2	Size	12	G	insH2Bfabp	Size	POLDIP2	220929	2	3	29sep2022 15:58:00	7.966667	3306.863	820205.7	938518.7	405.4273	313.1581	316.5439	77041.02	.0338755	.0000401	156.5684	10108.64				15381.94	-30266.27	1	.6935702	.5470603	.1287059	-.1363226	-.3950973	-.4211972	1.528026	.0997664	.6167268	-.4272834				poldip2_crispants
InsH2Bfabp_Size_03dpf_VAST02_plate02_POLDIP2_220929_H01	SE403	H01	1	8	2	Size	1	H	insH2Bfabp	Size	POLDIP2	220929	2	3	29sep2022 14:16:31	6.266667	2818.499	510516.3	633913.6	333.4976	273.49	239.5313	58827.52	.0243866	.0000153	163.4932	7656.25	196998.9	69818.42	4313.5	-139119.3	-260867.5	0	-1.396212	-2.746467	-1.836626	-2.746467	-2.168502	.3094957	.174534	-1.30453	-.5759842	-.6221632	-1.064442	.1108129	.2609674	Controls
InsH2Bfabp_Size_03dpf_VAST02_plate02_POLDIP2_220929_H02	SE411	H02	1	8	2	Size	2	H	insH2Bfabp	Size	POLDIP2	220929	2	3	29sep2022 14:25:49	6.416667	3113.746	828310.6	912110.6	326.5055	248.6937	207.5865	48883.36	.0284283	.0000167	171.6657		285344.8	33436.28	-37785.13	84853.85	-27410.5	0	-.2830892	.6556518	.9012228	-.4279676	-.3626485	1.318011	-.6186536	-.482939	-.5165903		.0248206	-1.820865	-1.607964	Controls
InsH2Bfabp_Size_03dpf_VAST02_plate02_POLDIP2_220929_H03	SE419	H03	1	8	2	Size	3	H	insH2Bfabp	Size	POLDIP2	220929	2	3	29sep2022 14:35:08	6.583333	3202.146	926615.6	785543.2	316.418	244.1381	211.6685	47073.98				10916.14				155068	-167373.5	0	.0983092	1.693494	1.693494	-1.481197	-1.578469		-.8139691			-.3661064				Controls
InsH2Bfabp_Size_03dpf_VAST02_plate02_POLDIP2_220929_H04	SE427	H04	1	8	2	Size	4	H	insH2Bfabp	Size	POLDIP2	220929	2	3	29sep2022 14:44:01	6.733333	3344.011	873560.2	909897.4	372.8294	275.4832	227.4216	59605.1	.025941	.0000238	171.9992	36277.46				56931.8	-64516.75	0	.9012228	1.021054	.5470603	-.4613071	-.8139691	1.360692	.2362315	-.9852459	-.1713538	1.937932				Controls
InsH2Bfabp_Size_03dpf_VAST02_plate02_POLDIP2_220929_H06	SE443	H06	1	8	2	Size	6	H	insH2Bfabp	Size	POLDIP2	220929	2	3	29sep2022 15:03:04	7.05	3411.423	747471.3	1000516	312.6523	281.1616	257.0313	62087.4	.0254094	.000014	158.9088		255647	82155.15	12855.36	-90578.63	15886.98	0	1.396212	-.0377594	-1.046824	.4613071	-.0377594	-.2015382	.4114769	-1.069669	-.7458098		-.2252534	.5272223	.5845898	Controls
InsH2Bfabp_Size_03dpf_VAST02_plate02_POLDIP2_220929_H07	SE451	H07	1	8	2	Size	7	H	insH2Bfabp	Size	POLDIP2	220929	2	3	29sep2022 15:12:44	7.2	3184.059	799509.9	900297.3	335.4468	252.7607		50483.4	.0280332	.0000191	169.7678	1943.97				33709.79	-49878.66	0	-.0075502	.3950973	.3465683	-.5470603	-.6370437	1.039416	-.5037205	-.6182299	-.3844023	-1.316608				Controls
InsH2Bfabp_Size_03dpf_VAST02_plate02_POLDIP2_220929_H08	SE459	H08	1	8	2	Size	8	H	insH2Bfabp	Size	POLDIP2	220929	2	3	29sep2022 15:22:03	7.366667	3020.871	731590.6	877388.3	285.2669	250.3553	231.4611	49227.3	.044698	.0000231	163.7415	16269.53				17646.95	-48059.03	0	-.6186536	-.174534	.1439472	-.7325131	-.6004704	.3462343	-.5824836	1.069669	-.1886844	.1800124				Controls
InsH2Bfabp_Size_03dpf_VAST02_plate02_POLDIP2_220929_H09	SE467	H09	1	8	2	Size	9	H	insH2Bfabp	Size	POLDIP2	220929	2	3	29sep2022 15:30:24	7.5	3197.422	744301.1	1000845	327.3788	301.6304	294.5803	71567.99	.0279699	.000027	164.8086	8762.817	292447.8	85310.37	13629.36	-25745.28	48644.48	0	.0831466	-.0680031	-.174534	.4781687	.3626485	.4402967	1.18773	-.6384531	-.0341104	-.5549229	.1746099	.6744897	.64395	Controls
InsH2Bfabp_Size_03dpf_VAST02_plate02_POLDIP2_220929_H10	SE475	H10	1	8	2	Size	10	H	insH2Bfabp	Size	POLDIP2	220929	2	3	29sep2022 15:39:18	7.65	3162.193	839376.3	891713.9	316.8977			48778.69	.0292221	8.94e-06						80524.38	-55148.67	0	-.0983092	.6935702	.7726002	-.6004704	-.7129065		-.6463197	-.409573	-1.251137					Controls
InsH2Bfabp_Size_03dpf_VAST02_plate02_POLDIP2_220929_H11	SE483	H11	1	8	2	Size	11	H	insH2Bfabp	Size	POLDIP2	220929	2	3	29sep2022 15:49:56	7.816667	3137.128	705870.4	1034222	290.6681	260.1031	242.2566	53145.14	.0332773	.0000476	158.9226	13637.7	294526.4	99650.88	27835.37	-45016.41	91157.54	0	-.2052851	-.3626485	-.2988425	.8787846	1.100569	-.1661288	-.2830892	.0166009	.7685224	-.1513505	.2507852	1.115337	1.070679	Controls
InsH2Bfabp_Size_03dpf_VAST02_plate02_POLDIP2_220929_H12	SE491	H12	1	8	2	Size	12	H	insH2Bfabp	Size	POLDIP2	220929	2	3	29sep2022 15:59:47	7.983333	3322.067	850292.4	937681.3		298.7133	272.3285	70341.8	.027175	.0000323		2093.506				40637.35	-33407.58	0	.7325131	.8139691	.4445756	-.174534	-.4613071		1.073309	-.7659457	.294066	-1.27303				Controls
InsH2Bfabp_Size_03dpf_VAST02_plate03_POLDIP2_220929_A02	SE500	A02	1	1	3	Size	2	A	insH2Bfabp	Size	POLDIP2	220929	2	3	29sep2022 16:23:54	8.383333	3468.161	785812.4	1100257	285.7794	247.4481	234.38	48090.82	.0269844	.000019	153.2652	19140.63	330534.7	43171.08	-30974.37	-70267.38	107029.8	1	2.168502	.2362315	-.8139691	1.760558	1.320264	-.7076435	-.7524055	-.8112562	-.4028279	.3965093	.6360368	-1.264969	-1.115337	poldip2_crispants
InsH2Bfabp_Size_03dpf_VAST02_plate03_POLDIP2_220929_A03	SE508	A03	1	1	3	Size	3	A	insH2Bfabp	Size	POLDIP2	220929	2	3	29sep2022 16:34:45	8.566667	2566.354	727672.8	784317	289.55	236.3523	222.1241	43993.53	.0506277		172.577		320156.9	63074.34	-10399.61	158161.8	-72255.38	1	-2.746467	-.2052851	1.760558	-1.528026	-.9012228	1.562987	-1.046824	1.386603			.4905251	-.2356227	-.4442488	poldip2_crispants
InsH2Bfabp_Size_03dpf_VAST02_plate03_POLDIP2_220929_A04	SE516	A04	1	1	3	Size	4	A	insH2Bfabp	Size	POLDIP2	220929	2	3	29sep2022 16:43:25	8.716666	3179.858	839525.8	930683	307.2758	247.6058	212.4234	48330.08	.0310734	.0000351		2452.393				75060.45	-18856.4	1	-.0226522	.7129065	.7325131	-.2830892	-.2674059		-.6935702	-.2005383	.3844023	-1.192455				poldip2_crispants
InsH2Bfabp_Size_03dpf_VAST02_plate03_POLDIP2_220929_B02	SE501	B02	1	2	3	Size	2	B	insH2Bfabp	Size	POLDIP2	220929	2	3	29sep2022 16:24:59	8.4	3365.669	787038.6	1067838	340.5407	299.1124	282.8472	70521.24	.023029	6.46e-06	165.6494	11245.12				-36471.95	90141.46	0	1.021054	.2674059	-.2674059	1.284992	1.073309	.5384336	1.128672	-1.648073	-1.635039	-.3460258				Controls
InsH2Bfabp_Size_03dpf_VAST02_plate03_POLDIP2_220929_B03	SE509	B03	1	2	3	Size	3	B	insH2Bfabp	Size	POLDIP2	220929	2	3	29sep2022 16:35:50	8.583333	3091.976	849514.8	881814.6	323.0129	253.4187	221.47	50483.4		.0000351	142.4583	9839.478				112975.9	-54407.7	0	-.3950973	.7726002	1.357259	-.7129065	-.6935702	-1.772034	-.5037205		.4028279	-.4901042				Controls
InsH2Bfabp_Size_03dpf_VAST02_plate03_POLDIP2_220929_C03	SE510	C03	1	3	3	Size	3	C	insH2Bfabp	Size	POLDIP2	220929	2	3	29sep2022 16:36:46	8.6	2696.824	722020.3	886360.5	278.8892	240.9703	239.0679	45608.52			154.8691	20725.71				111049.4	10017.33	1	-2.031852	-.2517881	1.284992	-.6744897	-.0983092	-.498608	-.8787846			.5330702				poldip2_crispants
InsH2Bfabp_Size_03dpf_VAST02_plate03_POLDIP2_220929_D02	SE503	D02	1	4	3	Size	2	D	insH2Bfabp	Size	POLDIP2	220929	2	3	29sep2022 16:27:41	8.45	3298.4	868804.9	1035657	424.9306	347.0485	313.6894	94641.42	.036067	.0000458	159.504	7357.178	476601.6	34453.13	-49143.69	66670.45	68154.83	0	.5646834	.9714479	.6370437	.9012228	.6556518	-.1133889	2.364134	.3559816	.7014965	-.6452009	1.316165	-1.704781	-1.968421	Controls
InsH2Bfabp_Size_03dpf_VAST02_plate03_POLDIP2_220929_E03	SE512	E03	1	1	3	Size	3	E	insH2Bfabp	Size	POLDIP2	220929	2	3	29sep2022 16:38:59	8.633333	3545.505	855107.4	1083688	323.2517	277.3276	250.7502	60412.6	.0232679	3.14e-06	168.5958		345278.9	38341.06	-36758.43	-25549.87	78740.99	1	2.746467	.8787846	-.159222	1.633282	.793115	.8490862	.3146702	-1.479252	-2.11991		.7964981	-1.382994	-1.524231	poldip2_crispants
InsH2Bfabp_Size_03dpf_VAST02_plate03_POLDIP2_220929_F02	SE505	F02	1	6	3	Size	2	F	insH2Bfabp	Size	POLDIP2	220929	2	3	29sep2022 16:31:21	8.516666	3391.751	769931.6	1069961	309.4907	267.5602	237.8906	56225.59	.0229878	.0000202	164.9863	2542.114				-61867.24	88312.53	0	1.25125	.0831466	-.6004704	1.481197	.9959445	.498608	-.0528752	-1.716379	-.3119191	-1.154927				Controls
InsH2Bfabp_Size_03dpf_VAST02_plate03_POLDIP2_220929_G01	SE498	G01	1	7	3	Size	1	G	insH2Bfabp	Size	POLDIP2	220929	2	3	29sep2022 16:21:21	8.35	3384.63	895601.8	1019178	421.3654	323.6216	319.1023	82484.13	.0276392	.0000182	166.3198	2841.187				66065.91	38609.1	1	1.18773	1.284992	.6004704	.7325131	.2207319	.5998427	1.836626	-.7007746	-.4589661	-1.084382				poldip2_crispants
InsH2Bfabp_Size_03dpf_VAST02_plate03_POLDIP2_220929_G02	SE506	G02	1	7	3	Size	2	G	insH2Bfabp	Size	POLDIP2	220929	2	3	29sep2022 16:32:26	8.533334	3425.175	780219.8	1062125	309.1124	273.0933	250.713	58588.26	.0231113	5.05e-06	163.0024	13458.25				-62200.1	75412	1	1.578469	.159222	-.6186536	1.18773	.7524055	.2193353	.1515802	-1.58669	-1.980752	-.1895981				poldip2_crispants
InsH2Bfabp_Size_03dpf_VAST02_plate03_POLDIP2_220929_H01	SE499	H01	1	8	3	Size	1	H	insH2Bfabp	Size	POLDIP2	220929	2	3	29sep2022 16:22:32	8.366667	3264.301	784137.6	1002520	315.033	284.3905	269.5002	63911.74	.0275439	.0000335	163.1293		356942.8	66304.32	-9549.883	-7161.276	40184.73	0	.4445756	.1898871	-.0226522	.5123105	.2362315	.255145	.6095368	-.7221558	.3119191		.9413322	-.1108129	-.3906196	Controls
InsH2Bfabp_Size_03dpf_VAST02_plate03_POLDIP2_220929_H03	SE515	H03	1	8	3	Size	3	H	insH2Bfabp	Size	POLDIP2	220929	2	3	29sep2022 16:41:56	8.683333	3215.47	814194.3	908551.6	310.6341	250.3503	225.932	49406.74	.0240706	9.62e-06		1345.825				38412.66	-46384.15	0	.159222	.5296054	.3950973	-.4951674	-.5470603		-.5646834	-1.344434	-1.113937	-1.465234				Controls
